# Randomly generated data for the integrated task scheduling and personnel rostering problem, skilling=0,600 and tightness=0,597 seed=25200
Tasks = 175
376 442 5
688 754 0
360 454 3
613 708 2
360 416 2
640 742 6
361 448 0
852 890 5
850 972 4
384 431 2
370 472 1
363 427 4
617 714 0
469 522 2
360 459 2
448 508 5
841 937 1
464 531 0
460 586 2
844 879 5
362 413 6
601 657 1
616 702 4
840 873 6
402 464 5
499 554 1
711 801 2
489 524 5
973 1074 4
653 706 3
874 932 6
422 549 2
690 821 5
855 990 1
804 936 2
616 721 3
878 932 3
761 896 5
718 801 4
660 764 1
600 677 1
365 486 6
1043 1084 5
873 941 5
658 784 3
1014 1083 0
1075 1142 4
588 688 2
940 1039 1
694 739 2
693 766 1
844 909 2
934 1000 6
841 934 6
768 859 1
600 706 0
803 902 4
835 918 5
497 554 6
780 851 6
1151 1222 4
1040 1088 5
739 778 2
430 479 4
619 663 6
898 995 1
1121 1191 3
862 967 1
1002 1089 6
942 1045 6
877 949 4
1089 1159 6
562 669 0
850 965 1
883 955 0
1006 1084 3
940 1055 2
929 1033 3
920 1001 4
550 598 5
866 1008 4
734 839 0
467 557 3
1160 1240 6
840 927 6
532 616 4
876 955 3
614 676 4
774 885 3
1202 1277 3
717 814 0
1211 1254 3
509 638 5
401 491 0
968 1056 1
671 783 0
1042 1154 4
985 1094 1
611 743 3
910 1012 3
1156 1235 4
959 1021 5
1109 1148 1
392 438 0
565 638 3
691 830 2
853 927 2
762 848 0
763 838 3
934 1044 6
613 656 5
1241 1318 4
616 660 2
1045 1115 1
679 761 4
1151 1232 1
555 614 2
1066 1122 2
1125 1186 1
525 579 0
1231 1319 4
648 701 0
647 743 5
1101 1173 4
625 697 4
1238 1312 1
1119 1200 1
1049 1160 6
1268 1311 4
667 727 3
1108 1197 5
741 801 3
819 927 4
1260 1301 5
671 735 5
994 1059 5
1046 1135 6
851 930 0
744 791 5
882 930 6
527 657 0
614 714 2
843 936 0
931 1003 4
938 1049 0
1240 1319 6
889 945 0
681 780 2
969 1050 3
972 1001 0
1161 1217 6
699 819 4
621 659 6
1256 1289 3
456 520 5
714 818 2
687 784 6
729 818 6
1255 1308 5
1231 1300 1
868 985 3
934 1043 6
1221 1318 6
611 721 0
971 1053 0
1137 1254 6
780 819 2
1207 1316 1
739 816 5
1187 1317 2
943 1040 2
1254 1318 6
852 908 6
709 784 0
1164 1296 5
Shifts = 4
0 0 0 0 0 0
360 0 0 460 0 0
600 0 0 460 0 0
840 0 0 480 0 0
Employees = 10
105: 0 1 2 5 7 9 14 16 17 18 19 22 23 24 25 26 27 28 32 34 35 36 37 38 39 40 41 43 45 47 48 49 52 55 56 58 59 60 63 64 67 70 71 72 74 77 79 82 83 84 85 87 88 89 91 92 93 94 97 98 101 103 104 105 106 107 109 110 113 114 116 118 119 122 123 124 125 126 129 130 131 132 133 134 136 137 140 141 142 143 147 148 156 157 158 159 160 162 164 165 166 167 169 171 173 
102: 0 1 3 4 5 7 9 12 13 14 15 16 17 18 19 22 29 30 32 33 34 35 36 37 41 42 43 44 49 50 51 53 54 57 61 63 66 68 69 71 72 73 74 75 77 80 82 83 84 85 86 87 88 89 90 92 93 95 96 97 99 101 105 108 109 110 112 115 116 117 119 120 121 122 123 124 134 135 136 137 138 139 140 141 143 144 147 149 150 154 155 156 158 159 161 162 163 164 165 169 170 171 
93: 0 1 4 6 7 8 10 11 13 14 15 18 25 26 28 29 32 34 37 38 42 46 47 48 51 52 53 54 55 56 58 59 61 62 63 69 70 73 75 76 78 81 83 84 85 86 88 89 91 92 99 101 102 103 106 107 109 112 113 115 122 123 124 125 126 128 129 130 131 132 134 135 136 137 139 140 141 142 144 146 148 151 153 157 158 159 160 161 163 164 165 167 172 
114: 1 2 3 6 7 9 12 14 15 16 17 18 19 21 22 24 26 27 30 31 32 34 36 37 38 40 41 42 44 47 48 49 50 51 52 53 54 55 56 61 62 63 64 65 66 68 70 73 76 77 78 79 80 81 82 83 86 88 91 93 95 96 98 99 100 101 102 103 104 106 107 108 109 110 114 115 117 118 119 120 122 123 124 125 126 127 128 129 131 132 133 134 135 136 141 142 144 146 147 148 150 156 157 158 159 161 162 164 165 168 169 171 172 173 
114: 0 1 2 3 5 9 11 15 17 19 20 21 23 25 26 28 30 32 33 34 35 36 37 39 40 41 42 43 44 45 46 50 51 53 54 55 56 57 58 59 63 65 66 67 69 70 71 72 73 74 75 77 78 80 82 83 84 85 86 89 90 92 93 94 95 96 98 99 100 103 105 106 107 109 111 115 116 117 120 124 125 126 127 132 133 134 135 137 139 140 142 143 144 145 146 150 151 152 154 155 156 157 159 160 162 164 165 166 167 168 169 170 172 173 
100: 0 1 4 5 6 9 10 11 12 13 14 17 18 19 20 21 23 24 25 27 28 30 31 32 33 35 36 37 38 40 41 42 44 46 50 52 53 55 57 59 60 61 65 66 68 69 70 71 72 73 76 77 81 83 86 88 90 91 92 94 95 97 99 101 102 105 106 108 109 112 114 115 117 119 123 124 125 126 128 130 133 139 142 143 144 145 146 147 148 152 153 155 157 160 162 165 169 172 173 174 
108: 0 3 4 5 7 8 10 13 14 15 16 18 20 22 23 24 25 31 32 33 35 36 37 38 39 40 42 43 45 46 47 48 49 50 51 52 54 55 56 57 58 59 60 61 62 63 64 66 67 68 69 73 74 75 78 79 80 81 85 88 89 91 93 96 98 100 102 103 104 105 106 108 111 115 116 117 121 122 123 127 128 131 132 133 134 136 138 139 141 142 143 145 146 149 153 154 156 157 158 159 160 161 162 166 168 170 171 174 
106: 0 1 3 4 9 10 11 12 13 15 16 17 18 19 21 22 24 25 26 27 28 31 33 34 35 36 38 39 40 41 42 47 52 54 55 57 60 63 64 66 69 70 71 77 78 81 82 83 84 85 87 88 89 90 91 92 93 94 95 96 97 99 100 101 102 103 104 105 107 109 112 115 116 117 118 120 123 124 128 129 130 132 134 135 138 140 141 147 148 149 151 152 154 155 156 157 160 161 163 164 166 167 168 171 172 174 
96: 3 4 5 7 8 9 10 11 12 13 14 15 16 20 21 23 24 26 27 28 29 32 38 41 42 44 45 46 50 51 52 53 54 55 57 60 61 62 63 66 67 68 69 72 73 75 77 81 83 84 86 87 88 89 91 92 94 95 96 97 99 100 101 102 103 104 109 112 113 116 117 118 120 122 124 128 131 137 140 142 143 144 145 146 147 148 151 152 153 157 159 168 169 170 173 174 
112: 1 2 5 7 9 10 11 13 14 15 17 18 19 20 21 23 27 28 30 31 33 34 35 36 40 41 44 45 46 47 48 49 52 53 54 55 56 60 62 63 65 67 68 70 72 73 74 75 78 79 80 82 83 85 86 88 90 92 93 95 96 97 98 99 101 102 103 104 106 109 110 111 112 113 114 115 117 119 122 123 125 128 129 130 131 132 133 135 136 139 142 144 146 147 149 151 152 153 154 155 159 160 161 162 163 164 166 168 169 170 171 172 
Days = 7
Shift constraints
2 6
2 5
1 6
0 7
1 6
3 4
true
true
Forbidden sequences = 2
3 1 
2 3 

