# Randomly generated data for the integrated task scheduling and personnel rostering problem, skilling=0,300 and tightness=0,898 seed=5670
Tasks = 275
541 658 4
396 485 2
844 949 4
842 985 4
848 958 3
841 945 0
841 903 2
540 570 3
392 516 4
843 932 2
840 939 1
541 680 1
843 929 0
684 760 1
540 656 0
489 566 2
951 1037 4
933 983 0
391 470 4
547 592 2
903 1003 2
567 611 2
541 669 1
841 949 1
932 1000 2
547 617 0
556 655 6
988 1032 4
846 921 3
390 459 3
540 634 6
395 489 6
391 459 1
540 653 6
543 587 2
543 600 0
664 752 4
540 612 5
550 628 4
519 632 4
660 752 6
633 770 4
654 778 6
778 818 6
604 696 0
950 1053 1
841 927 1
841 920 4
629 660 4
636 667 6
544 632 5
753 889 4
889 1028 4
656 715 0
554 624 3
926 1033 3
1073 1179 1
921 962 4
589 667 2
761 838 1
556 689 3
1006 1098 2
461 542 1
541 630 2
639 735 5
841 915 5
397 460 5
697 767 0
638 723 2
821 912 6
993 1105 0
1036 1121 3
571 631 3
1043 1182 4
613 715 2
958 1068 3
945 1046 0
611 644 1
914 1029 6
556 640 1
646 721 1
673 746 1
545 660 3
739 793 5
540 624 5
411 493 5
929 1028 1
459 569 3
676 744 2
1133 1250 3
681 754 4
540 618 5
840 916 3
918 1010 5
1047 1174 0
1266 1345 3
962 1061 4
1000 1079 2
771 857 4
764 827 1
634 739 0
768 802 0
679 737 6
1180 1237 1
738 810 6
1062 1106 4
1186 1286 4
491 547 6
1033 1137 4
1011 1095 5
1108 1190 4
733 784 2
1144 1204 4
619 711 5
801 859 5
1099 1174 2
1175 1218 0
540 613 6
627 732 6
1245 1290 1
661 773 3
1101 1158 5
613 673 5
746 874 0
476 538 4
1211 1258 4
814 861 6
490 582 6
544 624 1
718 758 2
1293 1347 4
757 834 6
464 528 5
631 675 3
1163 1280 5
715 767 0
1080 1197 2
494 534 5
1029 1108 1
867 974 6
625 698 1
549 622 5
763 877 3
939 1004 1
633 702 3
699 730 1
392 454 6
775 863 3
841 925 2
586 656 6
747 829 1
872 918 5
844 940 6
454 495 6
1108 1202 1
647 715 1
731 782 1
803 918 0
572 656 3
1295 1348 1
677 728 3
1076 1168 3
632 725 5
848 947 2
712 768 5
721 805 1
830 955 1
846 913 1
951 1038 2
768 868 5
1203 1264 1
932 1008 2
1005 1073 1
1109 1203 0
918 980 0
717 806 2
1049 1187 2
668 756 6
544 670 4
808 921 1
1199 1338 2
925 1028 1
979 1017 6
1218 1349 0
1011 1067 2
638 712 5
676 744 5
733 787 6
750 816 5
1174 1264 2
931 1008 3
1265 1308 2
678 738 4
741 848 4
820 918 5
1010 1095 3
756 865 4
539 620 5
1259 1317 4
919 1022 5
807 859 2
726 807 5
982 1028 0
1265 1348 1
811 910 5
1308 1349 2
753 871 2
832 920 2
1188 1266 2
915 1022 1
1069 1159 2
1215 1275 0
1277 1343 0
834 936 1
936 1019 1
794 852 6
1076 1186 1
1117 1230 3
874 953 2
960 1029 2
772 852 6
714 808 3
730 823 3
918 1026 5
858 973 6
767 865 0
656 731 3
865 982 0
1188 1269 1
976 1028 6
869 912 5
824 892 3
1174 1288 3
1280 1347 5
878 928 0
785 859 1
930 981 3
872 949 4
736 858 3
715 785 5
956 1027 1
656 722 5
952 1021 6
809 894 3
1162 1240 2
869 965 3
943 1028 0
937 1024 2
1191 1241 4
910 1028 5
1242 1349 4
1255 1339 3
495 630 6
1298 1337 3
898 941 3
713 798 5
635 699 6
895 1029 3
1274 1329 1
803 911 2
967 1022 3
953 1020 4
974 1023 2
700 769 6
913 1029 5
1319 1349 4
956 1027 3
1241 1349 2
850 958 5
769 855 6
982 1030 0
763 855 5
559 673 6
788 856 5
1266 1344 2
Shifts = 4
0 0 0 0 0 0
390 0 0 470 0 0
540 0 0 490 0 0
840 0 0 510 0 0
Employees = 10
75: 2 4 5 7 11 12 13 19 24 25 68 72 79 80 83 88 90 96 100 104 108 119 123 129 133 136 138 140 141 142 146 151 153 155 159 160 165 173 179 181 184 188 190 191 194 196 197 198 201 205 207 216 218 221 222 224 225 227 228 229 231 234 235 244 246 247 251 252 254 256 257 260 263 264 269 
80: 0 8 9 11 13 14 23 26 33 34 36 38 40 41 43 48 50 51 52 54 56 59 60 64 71 83 86 87 94 96 106 108 112 114 116 124 126 128 131 134 139 141 142 144 146 147 151 152 163 164 167 168 175 176 177 189 190 194 199 200 203 204 205 208 209 218 221 222 230 239 240 242 243 251 254 259 266 269 271 274 
95: 0 4 5 6 8 13 14 20 33 36 39 42 43 47 48 49 56 57 61 65 66 69 72 76 77 78 80 82 85 89 91 93 94 95 96 99 102 105 106 108 109 110 111 115 116 118 121 123 126 131 134 135 138 139 145 152 153 160 167 171 173 182 183 189 191 192 199 205 211 212 213 214 219 221 222 224 225 227 230 231 232 233 237 247 248 249 250 251 254 256 258 260 262 266 270 
71: 0 6 8 12 16 17 21 25 42 43 47 48 52 60 70 76 79 84 86 90 91 92 95 102 107 112 113 115 116 117 125 126 135 141 144 156 164 165 167 169 170 173 175 181 190 195 196 197 198 200 204 205 210 211 212 217 220 221 222 230 233 244 245 248 249 251 255 264 268 269 272 
85: 2 12 19 22 24 26 30 31 32 34 36 37 42 49 50 52 55 62 66 68 70 82 85 86 91 94 96 97 106 112 120 124 125 126 127 128 129 132 134 136 140 141 142 145 147 148 151 152 156 158 161 162 166 170 171 173 181 184 185 201 202 210 212 219 221 228 229 232 235 237 238 239 244 245 248 250 251 256 259 260 266 267 269 270 273 
87: 4 6 7 8 10 12 15 18 28 29 30 34 35 44 46 50 55 57 58 61 67 68 71 74 76 81 86 88 89 93 95 101 104 105 106 109 110 113 116 119 121 124 127 143 144 145 152 153 156 157 158 160 163 164 166 170 171 174 177 178 183 189 190 192 193 194 195 197 202 209 211 219 221 222 223 228 230 232 233 234 236 243 253 264 265 271 272 
84: 1 2 5 10 12 14 15 16 19 21 23 25 30 33 35 36 37 42 45 56 60 64 68 70 73 74 76 81 82 85 87 88 93 103 106 110 117 118 119 130 132 137 138 140 142 145 154 157 158 159 160 162 165 168 171 174 175 178 181 185 187 188 196 197 200 202 204 205 215 221 224 228 229 232 233 236 241 244 251 257 261 262 263 271 
91: 10 14 28 29 31 33 34 35 37 38 39 41 46 47 48 50 52 53 58 59 63 68 79 81 83 84 85 86 87 88 89 90 92 93 99 100 103 104 111 113 114 116 120 121 124 127 131 135 138 141 142 146 147 149 154 158 162 169 170 174 177 178 195 196 197 201 203 204 210 212 213 220 225 226 227 232 234 235 237 238 240 242 249 259 261 262 264 269 270 271 274 
80: 2 6 8 10 15 18 24 30 34 35 39 41 44 46 49 54 57 58 59 65 88 95 96 98 102 104 105 107 117 121 123 126 129 133 136 138 139 142 143 145 148 151 159 160 164 168 171 172 177 181 182 191 194 199 200 201 205 206 211 212 216 218 219 221 228 234 235 241 245 247 248 251 255 256 258 261 262 263 267 268 
77: 3 4 9 14 16 19 22 24 27 32 37 41 44 47 51 52 54 64 71 75 81 87 97 104 107 108 110 112 116 122 123 124 125 131 134 135 136 141 150 151 158 160 161 162 163 166 170 172 173 177 180 186 187 188 194 196 198 199 200 201 205 216 223 231 232 235 240 243 245 252 253 256 260 265 266 267 268 
Days = 7
Shift constraints
2 6
2 5
1 6
0 7
1 6
3 4
true
true
Forbidden sequences = 2
3 1 
2 3 

