# Randomly generated data for the integrated task scheduling and personnel rostering problem, skilling=0,300 and tightness=0,898 seed=7560
Tasks = 321
435 496 1
437 564 4
589 648 0
780 850 6
781 881 1
591 686 3
780 872 4
435 502 5
438 542 5
435 510 3
442 578 6
557 618 5
585 687 6
452 546 6
592 697 0
600 682 2
496 577 1
435 571 3
585 695 1
701 806 1
571 616 3
559 660 6
630 700 5
884 962 1
435 543 3
591 665 0
650 724 0
799 849 4
585 695 2
435 556 5
543 576 3
435 541 2
589 649 3
578 653 1
585 685 6
587 678 6
512 557 3
690 786 3
782 891 4
781 847 2
787 912 4
435 486 5
600 675 2
587 639 1
860 908 2
565 630 4
909 989 2
693 743 2
783 858 4
640 714 1
589 658 5
665 749 5
437 493 4
895 950 4
781 889 6
781 852 5
486 530 5
852 932 6
681 821 2
889 986 6
594 688 0
856 953 4
576 705 3
782 866 1
780 831 5
941 1007 4
687 747 6
678 725 6
585 695 0
633 684 4
435 486 4
586 691 1
1025 1105 4
438 507 4
585 610 0
695 745 4
780 882 6
701 762 0
746 822 4
699 757 0
530 632 5
762 843 0
830 898 1
759 811 2
882 962 6
954 1050 4
923 1002 1
725 829 6
1006 1136 2
487 565 4
699 754 6
984 1035 6
871 974 1
710 794 5
611 672 0
672 793 0
587 670 5
509 572 4
781 820 3
494 632 4
934 1033 6
832 961 5
439 474 3
873 942 4
504 602 5
449 529 0
435 489 2
584 654 5
1107 1218 4
781 831 3
634 727 4
830 865 6
944 1048 4
793 875 0
729 822 0
475 569 3
633 695 5
653 793 1
734 833 1
822 874 4
978 1082 1
440 516 6
847 966 0
449 503 2
872 931 4
616 691 3
598 674 0
963 1033 5
1050 1128 4
602 681 5
705 812 3
569 606 4
435 560 1
821 890 3
782 847 1
1039 1074 6
1106 1235 1
796 881 5
697 799 2
670 807 0
670 801 5
656 732 5
691 763 1
489 566 2
954 1053 4
845 945 1
615 702 4
524 598 6
801 881 2
762 870 6
790 850 3
561 654 3
618 692 6
807 868 0
567 620 2
826 897 2
1033 1092 6
691 788 3
763 805 0
692 752 0
436 485 2
566 630 1
585 650 4
883 1003 2
807 914 1
766 891 1
853 929 0
728 798 0
1059 1100 4
720 766 4
728 831 4
654 746 4
755 845 6
521 625 2
892 978 1
813 951 0
1075 1121 6
965 1069 0
621 702 2
862 932 3
893 967 3
1141 1262 2
875 966 0
1227 1284 4
1004 1074 2
1092 1133 6
660 715 3
682 827 5
866 959 6
696 777 5
574 665 3
841 946 3
772 882 4
666 785 3
696 805 6
855 883 6
833 903 2
835 881 4
968 1040 3
978 1070 1
964 1035 1
494 601 2
1136 1230 6
1036 1124 1
812 911 0
874 953 1
905 987 2
805 919 5
853 922 5
986 1063 6
613 697 2
937 1005 0
746 865 5
915 1012 1
1064 1171 6
1056 1147 4
627 743 2
793 884 1
654 703 3
720 793 3
927 990 0
960 1073 6
456 569 2
1246 1287 1
1156 1234 4
949 1052 3
557 672 0
631 717 1
1123 1204 6
1005 1066 0
1171 1289 6
724 780 1
1204 1261 6
720 811 0
1103 1146 4
755 830 5
812 881 6
812 885 3
786 884 3
971 1063 0
703 826 2
921 1009 5
1060 1133 3
788 885 3
931 1054 4
995 1074 0
796 910 3
790 874 3
708 809 3
910 964 3
874 965 0
755 865 0
1132 1217 1
970 1008 3
831 880 5
1148 1286 4
967 1073 0
969 1012 3
1033 1181 5
678 782 6
695 773 5
988 1073 2
1012 1073 1
774 851 4
960 1083 1
951 1073 1
773 884 5
1152 1263 3
885 972 6
746 868 2
878 982 3
703 812 2
979 1067 6
871 941 0
1181 1250 5
923 988 5
541 636 2
781 906 5
783 880 1
832 881 0
812 884 3
1129 1233 4
892 988 4
988 1077 5
1219 1285 1
1086 1221 1
1233 1288 4
1008 1073 3
907 1021 2
1077 1196 5
1042 1089 3
1022 1139 3
1241 1287 4
965 1003 0
952 1061 5
636 709 2
824 882 6
834 945 5
709 785 2
1013 1064 5
1196 1289 5
1145 1224 3
1055 1167 4
1167 1289 4
1023 1101 1
786 883 2
953 1065 0
1231 1284 3
1251 1289 5
1097 1223 3
989 1071 3
951 1054 5
1005 1068 0
827 884 2
1224 1289 3
1223 1281 1
1230 1289 6
1207 1287 1
643 730 2
816 875 2
816 884 2
Shifts = 4
0 0 0 0 0 0
435 0 0 450 0 0
585 0 0 490 0 0
780 0 0 510 0 0
Employees = 10
95: 2 5 6 10 17 26 28 36 37 38 41 42 45 47 53 54 59 63 66 70 72 73 74 76 79 82 84 89 92 96 113 114 116 120 124 132 133 136 137 139 140 144 149 152 154 159 166 167 176 181 185 188 190 199 200 205 207 208 209 210 211 214 218 223 224 225 227 229 230 232 236 238 241 244 247 254 264 266 268 270 271 272 274 280 283 289 293 296 299 302 303 306 308 309 310 
90: 0 1 4 6 17 19 23 24 25 28 29 42 45 53 71 72 73 76 77 80 84 91 102 103 105 107 109 110 115 116 117 118 130 135 138 141 148 149 152 160 161 163 168 172 176 183 184 190 192 193 200 201 203 206 208 211 212 216 221 224 225 226 228 232 233 234 237 238 239 250 251 252 254 258 259 262 279 282 283 284 291 295 299 300 305 307 309 311 313 314 
96: 3 5 8 10 12 17 18 20 34 35 36 40 42 49 50 51 54 58 65 71 72 75 79 86 94 98 99 103 108 110 111 112 117 121 122 126 131 133 137 138 142 143 146 147 150 152 153 155 159 163 165 168 174 176 177 180 183 186 189 191 194 195 198 199 203 205 206 208 210 212 213 223 224 227 232 235 236 237 239 251 252 256 260 261 272 273 274 288 290 297 298 306 309 311 314 320 
101: 4 7 8 11 12 14 22 23 25 32 34 35 36 41 43 47 52 54 64 70 75 79 80 81 82 83 85 86 90 93 99 102 105 110 111 116 117 120 122 123 125 129 131 132 137 139 142 148 150 154 161 167 170 172 173 178 186 187 190 194 195 197 206 208 210 213 215 216 217 218 219 223 224 226 227 229 231 239 240 246 249 252 253 258 268 269 272 274 277 278 281 287 289 291 292 294 295 302 310 313 320 
100: 5 6 7 9 11 12 13 18 19 20 24 33 36 38 40 46 48 55 56 60 62 63 67 72 73 75 94 97 98 102 105 108 113 114 115 117 123 124 132 134 137 140 145 149 150 151 152 156 160 162 164 166 167 171 172 175 177 179 181 186 188 192 194 200 201 207 208 209 210 213 218 220 223 228 241 242 243 246 248 250 251 259 260 261 262 264 267 268 270 271 275 280 283 285 289 295 297 300 305 320 
95: 0 1 2 8 9 10 11 12 13 14 16 18 21 22 23 26 34 38 39 41 44 46 51 52 53 54 57 64 65 66 72 74 77 78 85 88 92 94 95 96 104 107 113 115 125 128 132 134 147 148 149 150 152 154 165 166 168 175 179 180 181 182 186 190 193 195 198 199 205 210 215 218 221 224 225 230 231 235 238 242 245 255 256 261 264 266 267 268 272 285 286 288 292 299 315 
92: 1 11 12 13 15 21 24 30 39 40 41 43 44 45 46 50 53 56 61 62 64 69 70 72 75 77 78 79 80 82 96 104 108 109 116 118 119 125 129 130 134 135 137 143 144 147 148 155 158 168 170 173 176 181 182 183 187 188 191 194 209 210 218 219 221 222 224 230 237 241 244 247 257 259 260 261 264 266 269 290 291 295 296 301 303 305 307 310 311 316 318 319 
102: 3 8 15 17 20 22 25 34 39 41 43 45 47 49 54 55 57 61 63 64 70 75 82 83 86 89 90 101 102 103 104 107 109 112 114 115 118 120 125 127 129 131 139 140 141 144 145 146 148 150 153 154 156 157 160 163 164 166 169 173 175 178 188 192 194 196 197 205 210 219 225 229 230 236 243 245 246 249 250 256 257 258 263 265 266 272 274 276 279 282 285 288 293 294 295 296 298 308 312 313 316 318 
97: 3 4 8 22 24 30 31 33 34 35 38 43 45 46 47 48 51 52 57 62 65 66 68 70 71 72 74 77 78 80 82 86 88 98 100 103 105 110 111 112 115 120 125 127 128 130 134 136 147 156 157 170 171 172 178 181 182 184 185 189 195 199 202 207 209 211 216 218 223 225 227 230 233 234 237 243 253 254 255 260 266 268 276 277 281 283 286 294 295 296 298 302 304 305 311 316 317 
96: 0 1 3 7 13 16 18 20 23 27 33 35 36 39 45 48 57 58 60 61 62 66 67 68 77 80 81 83 84 87 88 98 99 100 103 104 106 111 115 116 117 119 121 126 129 139 143 144 145 154 156 158 165 168 170 172 175 176 178 180 185 187 188 193 201 204 217 220 221 223 224 225 229 231 234 236 240 241 245 251 254 255 256 258 262 274 283 288 290 299 302 306 310 313 318 320 
Days = 7
Shift constraints
2 6
2 5
1 6
0 7
1 6
3 4
true
true
Forbidden sequences = 2
3 1 
2 3 

