# Randomly generated data for the integrated task scheduling and personnel rostering problem, skilling=0,300 and tightness=0,898 seed=9450
Tasks = 243
420 530 0
549 601 6
811 869 6
597 642 2
540 625 4
635 711 4
420 523 1
540 609 5
719 772 4
810 902 5
421 523 2
812 852 2
437 490 3
541 639 6
810 913 5
423 480 2
548 619 6
626 693 6
422 469 0
602 687 6
423 476 6
483 543 6
872 965 6
557 686 6
523 620 1
776 858 4
502 543 2
642 715 6
433 475 1
815 952 2
716 793 6
543 603 3
822 851 3
852 967 2
423 529 6
424 500 5
915 1006 5
701 746 6
537 647 6
903 973 5
510 599 5
974 1064 5
796 884 6
423 500 2
420 544 1
810 875 1
812 902 3
475 605 0
953 1067 2
551 609 1
1007 1100 5
436 506 3
530 578 0
1101 1195 5
854 925 3
578 669 0
858 952 4
611 697 1
885 989 6
486 554 2
621 695 1
876 971 3
696 806 1
810 868 2
875 963 1
540 648 3
630 703 3
545 659 0
521 652 3
692 733 6
519 632 2
748 829 6
811 883 0
492 609 1
706 771 3
601 679 5
964 1040 1
971 1025 2
551 613 5
617 709 5
540 651 3
540 661 1
1064 1165 5
421 478 3
711 748 5
611 725 5
841 920 6
736 854 6
644 732 1
923 981 6
1070 1145 2
657 744 3
758 829 3
674 729 1
826 924 0
420 489 4
749 794 5
899 1027 0
420 528 1
930 1003 0
540 624 4
970 1018 6
609 729 0
904 993 3
833 909 3
606 681 0
528 622 1
685 775 5
732 817 0
741 863 1
779 866 5
624 693 4
648 758 3
498 588 3
420 478 2
911 984 3
791 851 3
586 645 2
1041 1161 1
622 681 1
1024 1089 6
693 782 4
544 589 4
729 758 1
727 845 5
758 884 3
1012 1063 0
661 729 0
1046 1173 0
682 792 6
693 754 6
547 640 4
752 859 0
541 591 0
524 663 2
1166 1228 5
691 773 3
671 799 2
846 914 5
664 747 2
759 900 6
717 812 1
768 880 2
555 663 2
522 633 2
800 888 5
1003 1092 3
691 739 2
589 645 4
765 821 1
906 987 5
868 984 2
943 1024 3
1067 1138 0
428 473 0
608 708 3
862 930 3
813 903 1
489 569 4
953 982 4
1150 1267 0
782 855 4
593 692 0
1145 1269 2
484 553 3
691 756 2
1229 1269 5
884 989 3
857 909 4
914 989 5
724 811 3
646 705 4
569 647 4
553 608 3
641 670 4
671 759 4
911 967 1
669 773 0
1024 1103 3
819 869 1
982 1092 3
1100 1176 3
473 552 0
821 865 3
1109 1143 3
847 908 1
807 869 1
648 685 4
933 986 3
609 696 3
651 787 2
1114 1235 6
685 799 4
1029 1122 2
967 1055 1
871 937 0
795 859 6
711 784 4
757 861 2
984 1048 2
773 869 0
766 857 4
912 988 4
1197 1268 5
796 869 4
1192 1246 0
559 613 0
793 856 2
909 987 1
956 986 0
911 980 2
681 733 1
693 812 0
1161 1269 1
873 987 4
799 869 4
1123 1269 2
696 754 3
818 867 0
869 924 4
901 989 6
644 726 2
1055 1180 1
631 714 0
714 761 0
739 867 2
773 838 3
1180 1269 1
1183 1268 3
927 989 4
738 843 0
767 854 2
763 865 0
1108 1247 3
1048 1146 2
813 918 0
733 870 1
918 982 0
1146 1270 2
1144 1269 3
762 802 3
820 869 2
806 866 3
Shifts = 4
0 0 0 0 0 0
420 0 0 450 0 0
540 0 0 450 0 0
810 0 0 460 0 0
Employees = 10
64: 0 9 14 15 16 24 26 29 35 41 42 43 44 46 47 54 55 57 59 61 66 69 70 78 81 83 87 93 94 95 105 112 117 118 123 140 143 145 149 151 157 165 168 170 175 180 181 184 185 188 190 194 197 198 202 205 208 210 213 229 230 231 233 242 
76: 2 3 4 6 17 21 22 24 26 27 29 32 33 35 43 46 47 48 53 55 61 69 70 75 82 95 101 103 107 108 115 120 121 122 124 129 133 136 138 146 148 149 151 154 163 171 177 179 181 182 186 191 192 197 199 203 204 205 206 214 215 218 221 223 224 225 226 227 228 230 231 232 233 237 238 240 
72: 1 4 8 10 11 17 19 26 32 33 37 40 42 43 44 47 50 51 55 59 64 68 69 71 72 77 78 79 84 89 94 96 97 100 101 103 105 109 111 128 130 132 133 136 137 140 145 150 151 157 170 174 175 177 180 181 186 187 189 190 192 193 201 205 216 220 224 226 227 232 235 242 
76: 4 7 12 15 18 19 20 21 23 24 26 29 33 36 41 42 47 48 53 55 57 59 61 64 69 78 81 85 87 91 93 95 96 98 101 102 103 106 107 108 113 117 119 124 135 138 143 144 147 155 156 158 169 170 171 172 178 179 182 183 184 187 192 193 208 209 211 213 215 216 218 220 221 231 236 237 
71: 1 3 8 10 11 12 14 16 20 21 22 23 26 36 39 44 46 49 50 51 52 53 56 57 65 74 76 78 83 84 92 94 95 97 99 100 105 110 116 123 124 126 127 129 134 137 138 141 143 144 145 148 149 153 154 163 164 179 187 188 190 202 203 209 215 228 231 232 235 237 241 
86: 9 15 16 17 18 20 21 22 23 26 28 29 35 36 37 38 39 41 51 55 57 66 67 68 69 71 80 81 82 83 86 89 91 94 97 99 104 111 112 113 114 118 121 123 125 126 128 133 135 137 143 147 148 151 152 153 157 160 161 164 165 166 173 174 176 181 188 189 192 194 198 199 210 216 217 220 221 222 223 227 229 232 235 239 240 242 
66: 9 21 25 32 34 35 38 40 54 56 62 69 75 80 81 85 91 92 100 102 104 107 110 114 115 126 129 130 133 137 143 144 149 151 162 163 172 177 178 179 180 182 184 190 192 195 196 197 203 205 206 207 208 212 218 220 222 225 232 233 234 235 236 237 239 241 
71: 11 19 20 22 27 29 31 33 36 43 44 45 48 62 64 65 68 69 71 72 73 76 79 80 89 90 92 93 96 100 102 104 111 112 115 116 117 118 119 121 123 125 126 145 150 154 155 156 158 161 163 167 168 170 176 180 190 191 196 201 202 205 209 213 214 216 218 224 225 234 235 
78: 0 1 3 4 5 6 8 11 13 19 23 24 25 27 28 30 32 33 42 45 46 50 52 54 55 56 58 60 62 69 71 74 75 84 91 97 98 99 110 113 115 116 122 123 124 135 139 141 142 146 148 152 156 157 158 159 166 177 178 182 184 186 187 188 192 194 196 200 202 203 207 210 216 226 227 231 232 239 
69: 22 23 28 31 32 38 39 43 49 52 59 60 63 66 67 68 71 73 74 75 76 77 80 83 84 88 89 102 103 106 109 114 116 119 125 127 128 131 132 141 144 151 156 163 164 172 174 175 177 181 182 184 188 190 195 197 199 201 204 206 209 212 219 220 229 230 234 235 238 
Days = 7
Shift constraints
2 6
2 5
1 6
0 7
1 6
3 4
true
true
Forbidden sequences = 2
3 1 
2 3 

