# Randomly generated data for the integrated task scheduling and personnel rostering problem, skilling=0,300 and tightness=0,900 seed=13230
Tasks = 249
810 861 5
811 920 1
814 888 5
811 908 4
810 879 6
810 911 4
412 508 3
833 940 2
810 898 6
429 508 1
541 581 5
406 454 6
412 532 4
824 915 4
900 991 6
811 929 1
417 540 2
810 916 1
812 852 0
406 497 5
461 525 6
928 971 4
417 447 0
410 521 0
556 689 6
903 1013 6
540 638 0
891 995 5
557 698 4
410 436 4
526 618 1
540 663 1
860 935 0
1003 1037 5
448 543 0
663 739 1
810 923 0
1013 1109 6
819 914 6
545 676 3
916 988 6
405 441 3
546 599 1
825 885 2
581 676 5
812 891 5
652 701 1
544 679 0
470 549 4
812 900 1
556 591 2
916 1014 1
940 1018 2
592 697 2
691 783 6
441 524 3
911 974 4
1037 1148 5
975 1021 4
825 926 4
714 790 1
524 647 3
543 652 6
948 1050 0
863 925 5
783 826 6
930 1021 1
901 996 1
540 640 6
923 1035 0
798 881 1
999 1104 1
920 1000 1
928 1008 4
516 605 3
679 737 5
528 588 6
640 730 0
406 518 5
1001 1060 6
680 754 3
973 1043 4
647 720 3
731 837 0
542 644 2
523 587 5
1021 1125 4
927 1047 5
895 996 5
833 941 6
1003 1084 1
587 650 5
1021 1141 1
945 989 6
738 797 5
1027 1126 2
600 693 1
686 746 0
1036 1142 0
1049 1128 5
1009 1103 5
1098 1184 1
816 880 2
552 654 4
1068 1129 6
1110 1144 6
545 603 0
693 802 1
405 480 2
899 985 2
1193 1250 1
798 858 5
553 663 4
991 1097 2
522 645 0
589 650 6
1161 1263 5
675 717 4
698 774 2
660 720 5
838 914 0
544 588 3
755 870 3
875 987 3
810 878 3
1145 1211 6
887 957 3
1271 1308 5
726 764 5
804 918 1
719 795 4
485 603 2
498 634 5
604 663 2
921 973 0
887 965 2
1134 1198 2
1112 1193 1
606 695 3
656 731 4
699 811 3
1110 1183 5
408 544 1
739 805 1
749 807 0
1070 1102 0
581 651 2
711 774 4
774 880 2
657 718 6
859 903 5
656 698 6
1131 1223 6
1142 1240 0
904 983 5
1057 1126 4
1199 1310 2
1019 1111 1
792 849 4
815 890 3
921 989 1
657 774 2
720 786 3
800 884 5
646 697 0
1097 1190 2
886 978 2
663 747 2
736 797 4
982 1073 2
1141 1235 1
658 753 2
1118 1223 1
523 599 5
1073 1209 2
1226 1315 6
1204 1317 5
801 886 4
698 763 0
1194 1318 1
699 760 6
1193 1317 2
962 1014 3
723 792 6
879 977 4
761 822 6
1102 1191 0
1195 1307 0
547 599 1
637 759 5
786 839 3
818 893 0
748 830 2
591 664 3
1214 1317 6
1156 1202 4
796 876 4
1020 1081 4
610 651 1
640 740 6
772 849 0
1019 1120 3
619 687 5
909 1010 4
1009 1106 6
774 885 2
1010 1130 4
796 899 6
1221 1300 2
1132 1219 4
1219 1315 4
1109 1179 6
759 869 2
805 871 1
1127 1232 4
832 893 2
762 892 5
1252 1310 1
1221 1298 4
871 990 1
900 988 6
1240 1319 0
1084 1178 4
1188 1275 4
672 758 3
1180 1297 6
740 848 6
854 894 0
826 886 6
761 891 3
906 989 3
658 768 1
1128 1249 3
1150 1237 5
1239 1316 5
848 915 6
779 881 1
916 989 6
1231 1315 1
755 867 5
881 961 2
571 654 4
603 711 0
1250 1317 3
1236 1319 1
1238 1315 4
839 895 3
717 862 0
864 985 0
Shifts = 4
0 0 0 0 0 0
405 0 0 490 0 0
540 0 0 450 0 0
810 0 0 510 0 0
Employees = 10
67: 3 4 8 13 16 17 26 31 32 35 37 38 39 40 46 52 65 67 70 74 79 80 82 86 94 104 108 112 126 129 131 133 143 149 152 157 158 161 162 165 167 171 174 175 181 182 186 189 190 191 192 200 201 202 213 215 217 219 222 223 227 228 232 238 241 245 247 
78: 0 3 5 10 11 14 15 19 26 27 31 35 36 45 52 53 57 61 65 66 72 77 81 83 91 92 94 97 98 102 105 110 115 120 121 125 126 130 132 134 135 141 146 147 156 161 162 165 169 170 174 176 179 180 182 185 188 189 192 193 203 206 208 209 210 216 219 220 222 224 229 230 239 240 241 244 246 248 
75: 0 2 6 15 17 22 24 28 37 42 46 48 51 54 58 59 62 64 65 68 73 79 84 87 88 89 91 92 93 94 99 106 108 109 111 113 116 117 127 131 143 145 147 149 151 155 157 159 167 168 171 172 173 174 176 183 187 188 189 192 197 205 210 212 221 222 223 224 228 237 238 240 243 244 247 
72: 5 6 10 12 19 22 24 28 31 34 36 38 41 44 46 47 48 50 53 58 59 62 65 74 75 77 91 92 93 94 97 98 99 100 107 111 117 118 123 124 126 134 136 138 140 144 147 148 150 154 156 157 158 159 166 176 178 180 184 186 189 190 191 202 209 210 216 218 227 230 239 240 
78: 1 2 3 5 6 7 10 12 18 19 22 29 30 32 34 35 36 41 42 47 48 53 62 63 66 67 68 78 80 83 85 91 99 101 103 108 111 118 119 124 126 128 130 136 139 141 142 145 147 151 163 164 168 177 179 182 186 187 188 192 197 198 199 201 202 204 209 224 226 228 231 232 235 236 237 239 240 243 
61: 3 9 10 11 16 28 30 36 37 41 46 51 52 60 62 65 69 70 84 85 92 96 98 103 104 105 109 110 112 122 123 126 128 134 140 142 145 146 149 153 164 176 178 179 183 191 195 199 204 207 210 217 220 221 228 233 234 240 245 246 247 
77: 0 5 7 10 13 15 20 23 24 26 27 28 29 32 33 41 47 49 52 56 58 61 63 67 71 73 75 76 77 83 84 86 87 88 94 95 99 104 110 111 114 120 122 125 135 136 137 138 144 147 154 156 160 163 164 169 173 178 179 180 181 183 185 193 200 202 206 214 227 228 236 237 238 239 241 242 245 
74: 3 4 8 9 11 20 25 27 32 33 35 37 38 39 42 43 53 54 55 57 63 68 71 73 75 77 79 81 85 90 94 95 96 98 101 102 105 106 109 113 117 125 128 139 144 145 151 152 153 154 157 160 164 165 169 181 183 187 189 194 196 199 200 201 204 219 222 223 228 238 242 244 247 248 
75: 0 1 3 4 14 16 18 19 29 30 31 39 43 44 45 47 48 51 53 57 58 61 71 72 77 80 81 82 88 90 98 100 101 107 108 110 112 117 118 119 120 122 123 127 128 129 130 131 136 138 141 142 144 150 159 166 170 176 196 197 202 204 205 207 211 213 214 215 217 224 225 231 235 239 240 
90: 2 7 9 11 12 13 16 17 20 21 27 33 39 41 42 49 52 54 55 57 61 72 76 80 81 82 86 87 96 102 104 107 110 112 115 117 118 120 121 126 129 131 132 136 141 142 146 149 151 153 155 156 158 160 161 162 166 167 170 173 175 180 185 190 192 195 199 203 205 206 209 211 215 217 218 225 227 228 229 231 233 234 235 239 240 241 244 245 246 247 
Days = 7
Shift constraints
2 6
2 5
1 6
0 7
1 6
3 4
true
true
Forbidden sequences = 2
3 1 
2 3 

