# Randomly generated data for the integrated task scheduling and personnel rostering problem, skilling=0,300 and tightness=0,900 seed=18900
Tasks = 258
441 490 5
437 513 4
745 838 2
736 839 5
647 698 4
739 876 3
735 815 0
646 712 5
437 494 1
435 500 4
883 976 3
735 803 6
449 579 6
660 771 6
648 713 3
438 503 3
645 727 2
439 471 3
436 495 0
512 629 1
783 868 6
439 503 5
847 911 2
803 911 6
435 570 2
735 839 1
631 727 1
645 723 4
736 841 6
645 720 1
450 548 0
649 746 2
437 503 4
743 837 2
503 568 4
645 777 6
442 544 4
435 547 3
737 800 3
647 731 0
548 600 3
650 723 1
735 810 5
730 815 1
871 965 6
734 791 4
803 902 4
791 865 6
443 493 3
539 649 3
512 618 3
818 912 1
840 925 2
911 1023 6
916 998 2
574 678 2
645 718 1
435 521 1
719 783 1
541 588 5
815 926 0
842 959 5
496 547 0
769 832 3
735 801 1
679 749 2
501 585 4
648 762 0
647 701 2
701 751 4
811 910 5
960 1035 5
783 902 1
770 861 6
908 965 1
1005 1115 3
645 713 0
848 978 6
745 813 4
721 840 1
825 948 4
703 761 2
950 1033 4
933 1010 2
926 1043 0
472 613 3
725 810 5
752 858 2
713 850 0
547 604 0
1043 1184 0
646 715 5
498 565 5
556 657 0
978 1048 6
625 686 3
1036 1179 5
965 1086 6
601 728 3
967 1092 1
867 949 6
716 809 5
1005 1093 2
657 714 3
581 648 4
867 985 6
731 769 0
605 649 0
850 978 0
530 589 1
569 643 5
726 792 1
1023 1103 6
1015 1094 2
809 855 5
645 737 5
865 913 2
437 509 0
592 648 1
435 544 2
1048 1182 6
763 878 2
841 945 1
662 756 0
801 911 1
448 528 5
902 1010 4
583 615 6
796 908 1
738 806 5
910 971 5
694 789 3
881 965 2
807 858 5
975 1057 5
510 651 0
978 1055 0
951 1001 1
624 740 6
1017 1092 4
551 641 2
730 792 3
849 941 1
545 635 4
598 637 5
909 994 1
1093 1171 2
688 719 5
653 762 0
651 735 0
911 998 1
777 857 2
681 761 5
811 892 5
764 849 0
758 817 0
714 824 3
648 720 1
520 559 4
1004 1091 1
793 856 3
851 937 0
834 906 0
765 831 0
661 733 3
618 747 3
749 823 6
1103 1184 6
735 823 0
969 1038 1
802 834 3
827 914 6
1062 1111 5
952 1040 6
652 758 4
749 799 3
833 891 3
858 957 5
833 914 0
786 908 5
574 650 4
995 1093 1
938 1010 0
857 925 5
989 1102 6
1013 1093 0
664 711 4
588 679 4
1036 1133 4
1111 1184 5
839 901 3
728 781 1
713 779 3
910 1003 5
637 722 4
727 831 4
966 1042 2
896 959 3
1072 1131 1
957 1094 5
762 853 4
785 829 1
752 824 4
734 860 5
999 1055 1
1055 1129 1
857 913 4
824 914 0
928 1036 5
902 988 3
959 1090 3
787 924 3
679 746 4
1010 1091 5
789 914 3
990 1079 3
799 858 3
833 915 4
1129 1184 1
726 828 4
916 988 4
744 803 3
1119 1183 3
833 914 4
1122 1177 6
645 684 2
861 958 2
497 591 6
830 888 1
960 1021 2
698 765 2
894 936 3
929 1013 3
625 702 6
761 839 4
769 851 2
1080 1184 3
843 914 4
852 914 2
831 912 4
1026 1088 2
1042 1094 6
1137 1183 4
807 902 3
772 849 0
1043 1094 2
851 921 0
734 798 5
996 1075 4
859 906 3
1055 1095 0
1018 1083 3
927 995 0
1001 1094 0
1038 1092 5
775 913 6
856 914 3
815 899 5
Shifts = 4
0 0 0 0 0 0
435 0 0 480 0 0
645 0 0 450 0 0
735 0 0 450 0 0
Employees = 10
92: 0 1 3 4 10 11 15 16 17 23 24 28 30 31 32 33 34 38 39 41 42 46 57 58 61 68 69 74 77 79 81 82 85 86 87 89 94 95 96 99 103 104 106 107 109 110 111 116 120 121 124 128 129 130 132 137 138 144 145 150 157 165 167 170 175 177 180 181 185 187 189 190 191 192 196 198 199 202 206 212 216 219 237 243 244 245 246 249 250 252 253 254 
71: 7 8 19 24 27 29 34 38 41 42 43 50 54 58 59 61 62 65 68 75 78 80 82 85 86 102 103 111 113 114 122 123 125 127 128 131 132 134 137 146 151 152 153 154 156 160 164 168 170 171 176 185 187 188 193 197 202 203 207 210 213 219 226 229 232 233 242 248 250 252 256 
71: 3 8 9 11 18 24 25 28 36 39 40 45 50 55 57 59 62 63 65 70 75 79 81 83 84 87 89 94 99 101 105 107 109 112 114 116 118 119 123 125 126 134 144 145 147 148 149 157 164 168 182 186 188 191 192 193 196 198 201 203 207 208 216 221 228 230 231 242 243 249 256 
68: 0 1 5 8 10 15 17 18 25 29 33 37 48 53 54 57 59 67 68 69 73 74 75 86 87 88 90 92 96 97 105 108 110 113 117 120 122 125 135 138 140 141 144 148 152 153 155 157 163 177 178 179 180 182 184 196 198 199 202 205 217 222 224 225 232 236 245 257 
79: 0 1 3 6 8 9 10 13 16 19 20 24 26 29 32 34 38 43 44 48 51 59 60 61 65 67 68 69 71 75 78 81 84 87 90 96 97 104 109 110 112 120 123 131 134 140 142 148 155 156 157 158 162 166 170 173 174 175 184 185 190 192 199 200 206 208 209 215 219 220 221 224 230 232 236 240 250 255 257 
78: 1 6 9 11 12 14 15 19 25 29 35 36 39 47 49 55 59 64 67 71 76 77 89 91 92 94 100 101 105 109 114 115 116 118 122 131 132 135 142 143 147 152 153 154 157 160 161 163 164 166 169 172 173 179 181 182 183 185 193 194 195 197 198 205 208 219 221 225 229 236 237 239 240 241 243 254 255 257 
77: 0 1 3 5 8 9 12 16 19 21 23 30 32 33 40 41 42 44 52 59 60 61 63 66 74 83 86 87 88 89 92 93 97 103 110 111 113 114 117 120 123 124 127 128 129 130 133 136 138 144 147 150 154 155 157 162 166 168 169 171 180 187 189 190 194 197 198 212 227 231 234 236 237 247 249 256 257 
82: 1 10 12 14 15 19 20 25 29 30 31 33 39 40 43 53 56 58 59 64 65 68 69 72 74 78 92 93 99 100 101 107 108 115 118 120 126 129 133 135 141 148 149 151 158 164 165 168 171 175 177 178 180 181 182 186 192 195 198 199 201 202 204 211 213 217 223 226 227 228 229 230 232 233 234 235 240 249 251 254 255 257 
81: 1 4 6 8 11 13 14 23 28 37 39 40 42 44 53 59 64 66 69 70 71 77 89 92 98 99 112 119 122 124 130 134 140 141 142 150 152 153 154 155 160 164 167 168 169 170 171 172 173 187 188 189 190 191 193 198 199 202 204 205 210 213 214 217 218 219 220 221 223 224 225 230 231 232 235 237 238 239 240 248 256 
75: 1 2 4 12 13 14 22 27 28 29 30 31 37 45 46 48 50 51 52 54 55 58 63 65 76 79 80 83 87 88 92 93 95 97 98 99 102 105 108 116 122 125 126 131 136 137 139 141 142 146 147 152 154 155 159 160 166 171 176 177 178 193 198 199 214 217 220 225 230 234 242 245 246 250 257 
Days = 7
Shift constraints
2 6
2 5
1 6
0 7
1 6
3 4
true
true
Forbidden sequences = 2
3 1 
2 3 

