# Randomly generated data for the integrated task scheduling and personnel rostering problem, skilling=0,600 and tightness=0,898 seed=34020
Tasks = 272
720 785 5
785 853 5
720 774 6
720 786 4
421 503 6
733 788 6
634 689 5
803 921 3
734 847 4
420 506 3
422 506 6
422 522 1
726 804 6
617 680 2
506 586 3
420 502 4
670 782 2
429 539 6
522 587 1
620 701 1
422 553 0
618 696 1
427 479 4
795 863 6
720 792 1
830 907 6
622 689 3
615 697 0
682 757 2
420 522 3
559 607 0
420 518 2
690 822 5
794 855 1
722 825 5
588 685 1
828 899 5
775 874 2
483 579 4
615 735 2
696 733 1
615 701 0
722 800 1
728 809 3
711 778 1
731 826 6
720 840 5
507 538 6
721 847 0
723 802 5
823 888 5
850 944 4
615 679 2
420 518 4
854 923 5
437 518 3
757 883 1
858 969 1
804 850 5
786 895 1
877 942 2
819 910 3
896 948 1
589 631 4
723 817 0
977 1085 1
843 883 5
910 1002 3
504 582 4
851 883 5
893 1016 5
787 891 4
818 894 0
616 729 1
729 781 4
496 607 6
835 904 6
694 819 6
780 889 6
586 691 3
893 968 6
545 589 6
907 954 6
1025 1138 5
563 647 3
915 989 5
954 1005 6
528 662 3
887 950 5
950 1077 5
956 1070 2
730 809 1
946 1042 4
522 578 4
733 845 1
994 1103 5
902 984 5
691 751 3
1043 1103 4
809 871 1
679 720 2
432 478 3
968 1014 6
1005 1077 3
583 663 4
708 768 0
855 917 0
516 637 3
846 924 1
1081 1166 3
732 806 4
1141 1228 5
617 668 0
1098 1229 1
509 564 6
926 994 1
809 888 4
695 780 1
1005 1122 6
672 740 3
722 833 2
723 845 2
689 763 3
917 1015 1
778 913 3
815 901 1
662 766 3
812 868 4
581 673 4
568 631 6
539 583 6
603 670 6
849 932 2
933 1006 2
793 919 1
896 961 0
426 487 4
926 1000 5
613 651 0
438 493 0
774 897 0
699 780 0
904 991 4
648 762 6
503 587 0
679 804 6
914 990 6
1002 1074 5
1078 1178 5
657 734 0
669 774 0
752 835 3
921 998 6
686 798 4
767 871 3
489 578 4
782 831 0
871 987 1
589 667 6
901 956 0
891 985 4
1001 1068 6
720 800 3
948 1035 1
775 908 0
1006 1084 2
995 1120 1
420 512 2
831 912 6
586 651 4
966 1093 0
1014 1067 6
881 954 4
1105 1141 5
800 917 4
1131 1215 6
1072 1164 6
596 704 0
1032 1114 1
757 851 3
835 919 3
525 591 2
767 905 6
918 1033 0
1033 1151 0
519 603 2
848 903 2
931 1004 3
1123 1218 1
802 886 3
1027 1062 6
679 720 6
1127 1227 1
1151 1219 5
872 918 3
595 693 2
608 641 2
1106 1220 4
1100 1216 0
889 967 3
740 871 2
668 813 3
905 974 1
969 1025 3
652 751 4
758 832 4
967 1076 3
1028 1158 3
905 995 2
1167 1227 3
993 1077 4
1178 1226 5
994 1084 1
910 994 0
708 801 0
991 1079 5
1074 1165 5
1013 1056 2
1076 1184 6
703 828 2
663 716 4
802 915 0
737 843 0
716 791 4
822 911 3
755 877 0
957 1081 0
851 916 3
986 1077 4
1061 1143 2
1032 1118 3
1167 1226 6
828 918 2
878 972 0
844 918 4
872 997 2
1039 1082 1
644 709 2
831 944 0
974 1084 1
792 844 4
1167 1226 3
1166 1227 5
714 763 2
768 811 2
730 817 6
674 754 4
846 919 4
760 809 4
1145 1224 2
853 917 0
1068 1167 6
1119 1228 3
820 919 6
1079 1167 4
992 1099 4
840 904 6
952 1055 0
975 1075 0
997 1074 2
793 828 2
837 953 2
1002 1083 0
1167 1229 6
1100 1220 4
1088 1186 4
1171 1229 4
1057 1083 0
1171 1226 0
821 915 4
1126 1221 0
815 917 2
Shifts = 4
0 0 0 0 0 0
420 0 0 500 0 0
615 0 0 470 0 0
720 0 0 510 0 0
Employees = 10
171: 3 5 6 7 8 10 11 14 15 16 17 18 19 20 21 23 24 26 27 28 30 33 34 36 37 38 39 41 42 43 46 47 48 49 50 51 52 53 54 55 56 57 58 59 62 63 66 67 69 70 71 72 75 76 77 79 81 82 83 89 90 91 92 96 97 98 100 101 102 103 104 105 106 107 108 111 116 118 119 121 122 123 124 125 129 130 132 133 134 137 139 140 141 143 144 146 149 150 151 152 153 154 156 159 160 161 162 163 165 167 168 169 173 174 176 178 184 185 188 190 193 195 196 197 198 199 200 201 202 203 204 205 206 209 213 214 216 217 218 219 220 221 225 228 230 231 233 234 235 238 239 244 246 247 249 251 253 254 256 257 258 259 260 261 262 264 265 266 267 269 271 
165: 0 2 3 5 7 9 10 12 13 14 15 16 17 19 20 21 23 24 27 28 31 33 34 36 37 38 39 40 43 44 47 48 49 52 53 55 56 57 58 60 62 64 65 66 68 69 70 73 77 79 81 83 84 88 89 90 94 96 97 100 102 103 104 105 106 107 108 109 110 111 112 113 114 115 117 118 119 121 123 125 127 128 129 130 131 134 135 136 138 141 142 148 151 152 153 156 157 159 161 162 167 168 170 172 173 174 178 180 181 182 184 185 188 189 191 192 193 195 196 197 199 200 201 203 204 206 207 209 210 211 213 215 217 221 222 223 224 225 227 228 230 231 233 235 237 241 243 246 247 248 250 251 252 254 256 258 259 260 261 262 263 264 266 270 271 
159: 0 1 2 3 6 8 9 10 11 13 14 15 16 19 20 23 30 32 33 35 36 38 39 40 43 45 47 48 51 53 54 57 59 60 61 65 67 72 73 75 77 78 79 80 85 87 88 89 90 91 92 94 95 96 97 98 99 100 101 102 103 104 106 109 110 113 115 116 117 118 119 124 128 129 130 131 132 133 134 136 138 139 140 141 142 144 146 147 148 149 150 151 153 154 155 157 165 167 168 169 170 172 175 177 179 180 181 183 184 185 186 188 191 192 193 194 197 200 202 203 204 207 208 210 213 216 218 219 220 221 223 225 226 227 228 229 230 232 238 239 242 244 246 249 250 251 253 254 255 256 257 258 259 260 261 264 267 268 269 
167: 0 1 2 3 4 8 9 10 11 13 14 15 16 17 19 20 21 24 25 26 29 30 32 33 34 35 36 39 45 46 47 48 49 52 53 54 55 56 57 58 61 62 64 65 67 68 70 72 74 75 77 81 83 84 85 86 87 89 91 92 95 96 99 100 101 102 103 104 107 109 110 112 113 114 116 117 118 119 121 123 127 128 129 130 132 133 135 136 138 139 140 143 144 145 146 147 151 153 156 160 165 166 169 170 171 172 173 174 175 177 179 180 181 182 183 189 190 191 193 195 196 197 200 201 202 203 205 206 207 208 210 212 213 214 215 216 217 219 221 223 224 225 226 227 230 231 232 235 238 243 244 245 246 247 248 250 252 255 256 257 259 261 262 264 265 267 270 
158: 0 2 4 5 6 7 8 9 11 12 14 15 17 18 19 21 22 23 25 29 32 33 34 36 38 39 40 42 43 45 47 50 52 54 57 58 59 60 63 64 65 66 67 68 70 72 74 76 78 80 82 84 85 86 87 88 89 90 91 92 94 95 96 101 102 104 108 109 110 112 115 117 118 119 123 124 125 128 130 131 134 135 138 139 140 144 146 148 151 153 157 158 159 160 161 162 163 164 165 167 169 170 174 175 176 178 179 180 181 182 186 187 189 191 192 196 197 198 199 200 206 212 213 217 219 220 221 222 224 226 227 228 230 231 232 233 235 236 237 240 242 243 244 245 246 248 249 251 252 253 255 259 261 262 263 265 267 269 
148: 1 2 4 7 8 11 12 13 16 20 21 22 25 27 29 30 33 35 36 37 38 39 40 42 43 44 45 54 64 66 67 69 70 71 72 73 74 76 77 78 79 81 85 87 90 91 93 97 98 99 100 101 104 108 109 110 111 113 114 117 118 119 120 123 125 126 127 128 130 131 132 134 138 140 144 145 146 147 152 153 154 157 158 161 162 164 166 168 169 171 175 176 177 179 180 181 184 186 187 188 190 192 194 198 202 203 206 207 211 212 214 215 216 217 219 220 223 224 227 229 231 232 233 234 235 236 237 238 239 241 243 244 245 247 249 253 255 258 259 260 261 262 263 265 266 269 270 271 
179: 0 2 3 6 10 11 13 14 16 17 18 20 22 23 24 26 27 28 30 31 32 33 35 37 39 43 44 46 47 49 50 52 55 58 60 62 63 66 67 68 69 70 72 73 74 76 77 78 80 82 83 84 85 86 87 89 91 92 93 94 95 96 97 99 100 102 103 105 106 107 108 109 110 111 113 116 117 122 123 124 125 126 127 128 130 131 132 134 135 136 137 138 142 144 145 146 147 149 150 152 154 155 156 160 161 164 165 168 169 171 172 175 178 179 180 181 183 184 185 187 189 190 192 193 194 195 196 198 199 200 201 203 204 205 207 208 209 211 212 213 215 216 219 221 222 224 225 227 229 232 234 235 237 238 239 240 241 242 243 244 246 248 249 250 251 252 253 254 256 257 258 259 261 262 263 264 268 269 271 
163: 0 1 4 5 8 9 10 12 13 16 17 18 20 24 25 27 31 33 34 37 38 39 42 45 46 49 51 52 53 54 56 58 61 62 63 64 67 68 71 74 75 76 77 78 79 80 82 84 86 92 93 96 101 102 105 107 108 110 111 112 116 117 118 120 121 122 124 126 128 129 130 131 134 135 137 139 140 143 145 147 148 149 150 151 153 155 156 161 162 164 165 166 168 169 170 173 174 175 178 179 180 181 182 183 184 185 186 187 189 193 195 197 199 201 202 203 204 206 207 208 209 210 211 213 214 215 216 217 218 220 221 222 223 226 227 228 229 231 232 233 234 237 239 240 241 242 243 245 246 247 248 249 250 251 253 254 256 257 259 260 262 263 267 
165: 0 4 7 12 13 15 16 17 19 21 22 23 25 26 27 28 30 31 32 33 34 39 41 42 43 44 47 48 49 51 52 53 54 55 56 58 59 60 61 62 64 67 68 69 71 72 73 74 75 77 79 81 82 84 86 87 89 90 92 93 98 99 100 101 103 104 105 106 108 109 113 114 115 116 117 118 120 121 122 123 125 129 130 131 132 133 134 138 140 144 145 146 148 150 152 154 157 158 159 161 162 163 164 166 167 168 170 176 179 180 181 183 185 186 187 188 189 192 193 195 198 199 200 202 203 204 206 207 209 212 213 214 216 218 219 220 221 222 223 226 229 232 234 235 236 237 238 239 240 243 245 247 248 250 251 254 255 258 259 261 262 264 267 268 269 
157: 0 1 2 3 4 5 8 10 13 14 16 20 21 25 26 27 29 33 37 39 40 42 43 44 45 46 48 51 52 54 55 58 61 62 67 68 70 71 72 73 75 77 81 82 83 84 86 87 88 89 91 92 93 94 96 98 101 105 106 107 112 114 115 118 120 121 124 125 126 127 129 130 131 133 134 135 137 139 141 143 144 146 148 150 152 154 155 157 158 159 161 163 164 166 168 169 170 175 177 179 180 182 183 184 185 186 187 188 190 196 197 198 199 201 202 203 207 208 209 210 212 215 217 218 219 220 222 223 224 228 230 231 232 233 234 238 239 241 242 244 246 247 248 249 250 251 254 255 258 260 261 262 265 266 268 270 271 
Days = 7
Shift constraints
2 6
2 5
1 6
0 7
1 6
3 4
true
true
Forbidden sequences = 2
3 1 
2 3 

