# Randomly generated data for the integrated task scheduling and personnel rostering problem, skilling=0,300 and tightness=0,599 seed=20160
Tasks = 358
479 573 6
767 832 5
561 675 0
758 809 0
472 510 2
755 845 6
465 595 2
555 677 3
492 591 5
602 737 4
591 630 4
675 736 0
596 661 0
759 841 3
572 655 6
786 876 0
752 813 3
488 607 1
753 794 2
678 817 3
466 581 4
555 656 5
650 759 1
662 748 2
741 840 4
517 571 1
562 635 3
754 845 5
675 726 0
518 654 2
895 999 0
675 743 4
868 943 5
465 550 2
752 845 2
858 987 2
762 872 6
764 836 0
636 712 3
498 611 4
586 626 2
469 542 4
579 659 6
755 827 4
595 676 2
643 760 3
788 911 5
768 860 5
571 649 2
820 873 3
466 543 1
948 1029 5
585 670 1
1007 1104 2
477 539 3
1053 1149 5
594 675 2
470 517 0
522 646 1
556 625 2
525 626 6
574 652 0
649 740 5
546 662 1
722 794 3
617 666 6
578 637 4
756 872 0
750 855 1
626 714 2
805 875 2
681 753 6
634 756 4
655 736 1
817 891 3
543 629 3
819 903 6
526 651 5
749 794 0
875 902 2
813 874 2
486 615 2
757 823 1
782 832 5
676 762 2
715 855 1
803 872 2
864 914 4
889 919 5
662 712 6
621 756 2
561 634 6
558 594 6
859 975 3
648 716 6
787 826 4
470 567 0
591 659 0
510 550 5
719 806 2
580 640 4
874 967 3
660 723 0
859 924 1
728 817 6
465 573 5
759 855 6
664 765 3
881 971 2
854 924 0
465 574 4
645 702 2
662 734 1
732 816 6
570 714 1
780 858 1
783 827 5
659 732 5
527 604 0
714 810 6
917 1021 5
586 636 4
604 666 0
652 736 5
519 666 5
561 643 1
976 1027 3
738 807 0
609 693 1
1111 1179 5
892 988 6
1136 1200 2
606 640 4
574 696 4
868 922 3
749 829 1
834 917 6
925 1028 1
763 857 2
801 851 4
566 703 3
607 653 5
887 965 6
558 648 2
901 960 3
660 747 2
752 818 0
971 1034 3
763 869 3
900 950 1
641 736 6
927 964 5
849 973 3
838 898 0
470 563 4
681 758 2
633 707 3
609 686 0
974 1039 6
582 706 5
756 850 3
708 786 5
694 800 1
774 909 2
656 738 4
829 878 1
1064 1132 0
596 697 0
773 816 4
739 833 5
1028 1144 3
603 725 6
925 973 0
792 907 2
752 811 5
952 995 1
1004 1140 2
1005 1061 2
1145 1217 3
974 1044 0
819 864 4
800 891 3
575 622 2
685 742 4
819 878 0
753 855 5
711 836 3
738 815 6
956 1004 4
1150 1206 5
934 998 0
827 920 1
999 1115 0
828 878 5
643 697 1
578 708 3
789 884 5
899 1009 3
851 939 3
986 1080 3
1025 1132 0
891 944 0
944 1012 0
824 907 0
991 1075 6
697 790 1
791 854 1
802 851 1
695 774 2
775 884 6
860 921 1
696 801 4
790 829 3
819 923 6
859 959 1
863 985 4
1131 1206 3
1116 1214 0
1039 1131 3
857 964 2
897 961 4
960 1036 5
997 1113 5
495 590 4
827 869 6
928 1010 6
731 835 0
648 687 4
898 974 0
747 822 5
753 874 2
1032 1104 1
1135 1168 0
585 646 5
1081 1158 5
771 857 4
887 961 4
810 932 0
724 824 0
946 1014 6
562 643 3
942 1009 1
1001 1057 5
1062 1104 0
784 877 2
842 886 0
941 1010 0
1042 1112 1
838 908 0
872 991 6
839 965 5
805 907 5
1080 1148 6
827 901 1
740 817 1
719 780 1
745 871 5
647 766 4
903 1035 2
782 867 1
987 1095 4
909 993 0
824 868 0
825 855 1
1087 1162 2
687 725 6
970 1013 3
757 850 2
841 961 0
801 872 4
942 1034 6
840 905 5
1058 1178 6
1068 1124 5
821 934 6
948 1022 3
894 957 3
980 1038 0
519 588 6
917 1003 4
735 820 1
666 726 2
545 596 2
880 914 2
877 934 0
935 1003 2
747 800 6
722 826 4
821 868 1
1043 1090 0
628 696 4
950 1048 1
1093 1210 0
872 965 4
772 891 2
776 900 2
1055 1149 1
849 949 3
927 1014 2
774 866 4
1028 1136 3
593 703 6
1126 1212 4
1154 1215 1
947 1010 2
875 1013 2
1143 1212 0
1133 1209 0
749 841 2
710 840 2
721 816 4
582 691 1
1107 1211 1
685 737 5
1031 1077 2
807 916 2
967 1009 5
880 918 2
1098 1160 6
1043 1150 2
876 964 1
860 943 6
1039 1082 0
545 617 6
883 981 1
857 944 1
885 962 5
914 986 0
796 842 4
924 998 3
687 773 3
901 938 5
789 868 3
652 790 6
807 912 6
1136 1215 3
815 923 6
708 783 6
929 1011 6
1124 1198 1
1137 1216 3
863 954 4
904 1009 3
827 923 5
940 1013 4
766 882 3
796 900 6
916 1013 2
689 742 2
869 960 1
1059 1185 5
896 941 0
846 950 2
936 1002 5
858 920 5
894 963 3
1150 1219 2
1087 1218 0
Shifts = 4
0 0 0 0 0 0
465 0 0 500 0 0
555 0 0 460 0 0
750 0 0 470 0 0
Employees = 20
127: 0 3 4 6 16 19 20 21 22 26 27 28 29 32 36 38 44 46 48 49 51 53 55 60 61 63 65 70 73 76 82 83 84 87 88 89 95 96 97 100 101 102 110 111 112 113 116 118 122 125 127 130 132 135 137 138 139 141 143 150 152 160 162 165 166 171 175 182 184 189 191 197 199 202 215 217 219 222 224 227 229 230 235 236 238 241 245 248 249 251 252 253 262 265 266 268 273 274 284 285 286 290 294 295 296 300 301 306 307 309 311 314 315 320 324 325 328 329 331 339 342 347 348 351 352 354 357 
120: 0 8 12 15 17 21 23 25 26 30 31 36 42 45 46 48 51 52 53 54 58 60 61 62 63 70 72 76 77 81 85 86 88 89 90 92 93 96 97 102 104 106 110 118 120 121 122 123 127 132 137 145 146 148 150 155 160 163 164 166 168 171 173 176 180 181 185 187 191 192 193 194 196 197 200 202 204 208 209 216 217 218 223 227 228 232 234 236 238 239 242 243 245 246 254 258 287 289 290 291 294 295 296 297 298 301 302 304 306 310 313 324 325 336 337 338 341 343 354 356 
105: 5 9 23 27 35 37 38 40 45 49 52 55 68 72 73 77 84 89 93 94 104 109 112 116 118 121 123 124 125 135 136 137 148 153 161 162 163 165 169 171 173 175 176 184 186 191 195 199 201 205 207 215 221 226 227 229 230 233 234 235 237 239 240 242 249 255 257 258 261 266 270 273 275 276 277 279 280 285 286 288 289 292 294 296 301 302 303 307 310 312 315 317 323 326 328 330 332 333 340 341 344 352 354 355 356 
96: 0 2 3 4 8 10 15 19 25 26 27 28 37 38 45 46 47 55 56 59 61 64 67 68 72 77 78 81 82 92 94 99 103 104 106 109 121 123 124 125 127 131 132 135 136 137 146 154 159 169 173 174 175 176 179 180 181 182 194 195 196 197 204 205 206 208 210 212 229 232 233 239 241 248 254 263 264 270 271 275 276 278 280 295 297 301 304 306 313 330 332 337 341 344 346 354 
105: 3 4 13 17 18 26 27 30 32 39 42 43 44 45 46 48 51 56 64 66 67 69 73 76 83 88 90 95 97 101 104 106 110 111 116 117 120 124 128 134 141 144 155 158 160 161 162 166 167 170 171 174 178 179 181 182 185 191 196 198 201 207 208 211 212 214 215 221 223 226 228 230 231 240 246 248 253 258 261 265 266 267 275 277 281 284 289 290 292 300 301 307 310 311 313 318 321 329 334 336 340 343 352 353 356 
110: 3 9 10 12 13 21 22 23 26 34 37 39 41 43 44 45 46 47 53 55 57 59 70 72 79 89 91 93 102 104 106 107 108 114 117 126 129 132 144 146 148 151 155 156 157 158 163 167 168 169 170 173 174 177 178 180 181 184 186 188 191 192 193 199 201 210 218 220 225 233 237 238 239 242 250 254 255 259 261 268 276 277 282 284 285 293 295 296 304 305 311 316 320 322 324 325 326 328 329 331 334 335 338 341 344 345 347 348 349 351 
105: 4 6 15 16 19 29 30 32 35 37 38 43 47 48 60 63 64 65 67 72 77 78 80 86 89 93 96 100 103 106 107 108 111 117 119 120 129 130 134 135 140 143 144 145 147 149 151 152 153 161 163 166 169 175 177 181 189 193 196 200 210 212 220 222 223 227 228 230 232 238 240 242 243 244 253 255 256 260 261 264 265 268 271 273 276 277 280 281 282 285 289 290 292 296 302 308 323 328 331 335 342 347 348 350 351 
105: 2 4 6 8 9 15 19 20 30 36 39 40 46 50 57 62 63 69 70 75 76 81 87 90 92 94 95 96 106 112 113 116 118 121 124 127 130 133 147 149 152 153 157 159 163 164 173 174 180 188 194 198 199 200 204 209 210 216 217 226 237 238 240 241 242 244 248 249 251 252 257 259 260 263 267 268 270 271 272 274 280 287 288 294 295 296 297 301 306 309 316 317 318 321 322 327 331 333 335 336 338 342 349 352 353 
107: 1 5 8 9 13 14 15 17 21 24 26 35 38 41 44 47 52 59 61 63 64 69 70 72 74 83 84 87 88 101 103 106 108 111 112 114 115 123 125 129 130 131 133 135 137 138 139 140 142 145 148 158 160 167 173 174 177 179 183 184 186 189 190 197 198 206 215 216 219 226 236 238 239 242 244 247 253 258 259 260 262 264 265 266 272 273 275 276 277 279 281 283 284 286 287 294 295 303 310 311 314 324 328 329 342 345 356 
107: 0 1 2 6 7 10 18 19 23 24 26 27 37 42 43 48 49 51 53 55 58 63 64 67 69 72 73 77 85 86 88 89 95 96 97 99 102 109 116 119 120 121 124 126 134 139 140 141 142 150 151 157 159 163 166 171 172 174 178 186 187 189 193 195 196 197 200 208 209 211 213 215 222 223 225 226 229 232 237 238 239 242 250 254 260 263 264 265 269 294 296 300 304 308 309 310 312 314 315 317 318 325 330 341 344 352 357 
113: 8 12 13 14 15 17 18 23 31 35 36 41 45 47 49 54 57 58 61 62 63 65 70 72 75 79 84 89 90 91 96 97 98 103 106 110 113 115 124 125 129 134 138 146 149 150 155 157 159 166 167 177 178 181 184 185 188 193 196 197 201 202 213 215 217 219 220 223 226 228 232 241 244 247 248 249 251 252 256 258 259 265 267 268 273 276 278 281 282 283 284 285 291 292 294 304 305 307 310 314 319 322 323 329 330 334 335 338 347 350 354 356 357 
100: 1 3 6 9 12 13 14 15 18 19 20 22 25 30 37 43 45 49 63 65 67 68 69 71 73 74 76 81 93 97 98 99 103 104 106 117 120 121 122 123 127 128 129 137 138 140 141 143 144 145 150 152 154 164 168 169 179 180 181 183 196 199 209 215 222 229 230 231 240 242 244 247 248 250 251 255 263 269 271 275 282 300 301 305 312 318 320 321 324 326 328 330 333 334 335 337 341 352 353 357 
107: 4 11 13 18 22 23 24 25 26 27 35 42 44 46 47 54 59 61 72 74 78 83 84 90 91 96 103 106 107 115 117 133 140 143 145 149 154 155 158 159 176 177 179 183 184 191 194 195 196 199 202 208 216 221 222 224 227 229 233 234 235 236 239 240 241 244 245 247 248 249 252 253 258 265 266 268 273 274 277 284 287 288 292 295 296 298 302 303 304 305 306 310 317 322 323 327 330 331 336 338 339 341 346 348 350 352 354 
107: 0 3 7 13 15 16 19 21 26 28 30 31 32 33 34 35 41 46 51 53 59 65 66 67 68 70 74 77 82 87 88 90 97 100 103 107 109 110 116 117 118 124 125 131 133 134 144 145 147 162 165 167 170 174 175 177 180 186 190 192 203 207 212 214 217 218 224 230 231 233 238 242 249 250 254 256 268 269 272 277 281 282 286 289 290 293 295 296 298 300 304 309 311 312 314 325 326 330 331 333 334 335 336 340 345 349 356 
103: 0 1 3 4 6 7 8 10 24 25 30 32 34 36 37 50 55 59 60 65 67 69 74 79 81 82 84 93 94 98 99 108 109 110 112 113 114 122 129 133 146 148 149 155 160 162 164 165 166 171 172 176 179 180 181 182 186 191 192 195 198 207 211 215 216 219 229 238 241 243 249 251 254 255 259 261 265 266 267 268 269 280 290 291 292 293 296 300 303 307 308 312 315 321 327 331 333 336 339 344 345 347 353 
100: 3 5 8 13 14 15 22 24 25 26 27 28 32 34 38 39 41 44 55 59 70 72 74 76 85 90 91 96 100 101 102 105 119 124 125 129 135 136 144 147 149 153 155 158 163 172 176 180 181 182 184 187 192 194 197 199 205 212 213 214 216 219 226 227 232 235 239 242 243 247 248 250 254 256 264 265 273 279 280 284 285 286 287 301 303 305 307 315 319 322 328 329 333 334 335 339 348 351 353 357 
107: 3 7 12 17 18 19 22 25 26 27 28 33 37 43 48 49 56 63 66 71 78 80 88 90 92 95 97 101 103 104 109 110 112 116 123 127 133 135 136 137 141 142 145 146 156 157 160 161 162 171 172 173 177 179 182 186 190 191 193 198 202 203 207 212 220 223 227 228 231 233 235 240 242 243 251 252 256 257 261 266 272 273 276 282 283 284 285 290 292 294 298 300 303 306 309 314 319 321 324 334 335 337 338 341 343 348 352 
119: 1 2 3 6 9 11 17 22 26 27 28 33 38 40 44 49 50 51 53 54 57 60 63 65 66 68 69 71 73 74 75 77 82 85 86 90 91 96 101 105 107 110 111 114 116 117 122 126 127 132 133 140 149 150 153 156 158 159 161 164 166 168 176 177 179 185 186 189 196 203 204 209 211 213 215 216 219 224 227 229 231 235 237 238 243 246 247 249 252 265 266 268 269 278 286 292 297 300 302 308 309 312 313 317 319 320 321 322 323 326 328 330 337 339 344 348 350 351 356 
105: 12 19 24 25 26 29 33 36 45 46 48 51 52 56 58 61 62 67 72 74 76 77 87 96 98 101 104 105 106 108 109 113 114 118 119 127 131 132 134 136 137 138 143 145 156 158 159 161 162 166 170 174 175 178 185 190 191 198 199 201 206 208 209 210 216 224 225 226 228 234 244 246 248 249 250 251 252 253 255 261 263 268 269 274 277 279 280 282 283 285 290 294 298 306 312 318 320 323 324 326 329 330 331 334 350 
101: 1 3 4 5 9 10 12 13 14 21 22 28 29 34 38 39 43 49 52 55 61 65 72 77 78 80 87 91 94 95 97 100 104 110 111 116 119 125 132 137 145 148 150 153 159 160 167 168 171 179 185 187 195 199 201 203 204 207 212 215 217 220 228 231 232 235 238 239 244 247 257 263 266 267 270 272 279 280 281 282 289 297 299 303 308 309 311 312 315 318 321 324 325 327 330 331 345 347 348 352 354 
Days = 7
Shift constraints
2 6
2 5
1 6
0 7
1 6
3 4
true
true
Forbidden sequences = 2
3 1 
2 3 

