# Randomly generated data for the integrated task scheduling and personnel rostering problem, skilling=0,600 and tightness=0,600 seed=50400
Tasks = 372
460 564 6
441 512 1
820 929 2
603 651 2
825 862 4
838 896 4
571 653 1
636 732 4
615 696 6
576 654 0
574 705 0
814 884 4
628 738 0
670 800 3
571 604 1
668 736 1
442 578 1
678 750 1
481 607 4
454 564 2
842 954 0
836 897 5
443 551 0
659 744 1
892 951 3
437 540 5
884 959 4
994 1036 5
817 917 5
812 865 4
571 686 6
470 562 0
897 992 3
810 885 5
456 556 2
575 652 2
747 839 6
478 527 3
488 586 5
557 648 2
813 897 6
437 493 0
708 813 0
824 856 5
570 656 6
820 939 2
576 690 3
438 549 2
909 979 5
917 1003 1
992 1083 5
960 1055 3
886 974 3
593 625 4
810 870 3
555 631 0
1036 1097 5
614 688 6
902 960 4
654 767 1
574 663 6
596 687 2
616 695 1
673 740 2
741 842 4
438 513 5
514 616 5
468 546 3
868 974 0
713 777 4
650 728 2
961 1039 4
728 816 2
496 563 0
863 936 5
819 875 2
499 564 4
980 1094 4
582 681 1
538 605 2
749 823 2
657 734 0
537 612 1
608 697 0
901 984 0
611 667 3
700 783 1
629 752 1
683 741 0
570 656 5
945 1060 5
693 787 1
444 568 3
438 571 6
685 794 6
595 661 0
589 703 0
812 852 2
907 983 6
921 1061 5
942 1031 6
694 738 6
547 618 1
465 520 3
694 822 3
1107 1218 5
986 1069 6
659 768 4
585 654 1
890 954 4
799 866 4
792 883 2
575 676 6
871 990 3
527 618 3
449 561 2
811 930 5
618 723 5
734 784 0
589 704 1
436 523 1
656 751 4
688 820 6
614 713 0
812 913 4
939 985 2
790 858 0
450 517 3
785 852 1
907 969 0
656 759 5
874 991 2
440 487 2
760 836 5
467 505 2
837 951 5
925 995 1
648 705 0
975 1080 3
1126 1238 4
860 932 1
935 1059 1
610 714 3
722 810 3
918 985 4
523 601 1
836 911 6
571 639 6
810 880 6
787 905 1
571 676 1
530 600 4
922 967 4
602 659 1
940 1063 5
645 696 2
912 973 6
1000 1085 2
680 736 1
715 776 0
988 1089 2
683 781 6
987 1060 0
739 792 4
517 626 3
1128 1223 2
688 828 6
831 956 0
609 661 3
706 800 1
1215 1257 5
744 840 1
1045 1125 1
666 731 6
1044 1142 0
1078 1148 4
845 895 6
631 686 3
812 937 6
1071 1125 4
1063 1149 5
660 691 1
1188 1303 1
1155 1285 4
438 564 1
1120 1211 4
757 862 0
820 902 6
813 888 3
981 1053 3
572 617 3
1067 1159 5
785 841 6
916 1000 1
664 707 2
983 1050 6
946 1045 5
541 576 5
820 922 2
830 923 6
693 769 1
1136 1217 0
1090 1161 2
563 687 0
984 1098 6
769 859 1
618 730 3
1141 1192 0
849 918 1
577 694 2
438 516 4
724 776 5
595 646 6
711 783 3
637 716 0
1100 1204 6
1235 1308 5
654 716 4
514 619 2
1225 1295 5
774 880 4
770 882 1
996 1076 4
687 787 0
731 877 3
782 860 3
695 747 2
720 788 2
661 721 1
1199 1278 0
943 1048 6
1083 1176 3
994 1088 3
923 992 6
723 750 2
550 603 2
495 581 1
507 604 3
1193 1265 5
1089 1207 3
1082 1212 4
873 965 0
975 1093 5
926 1019 2
1153 1235 5
840 959 1
865 944 1
804 858 1
595 640 6
825 876 4
648 711 3
892 986 6
807 856 2
601 678 3
791 872 4
993 1069 6
789 880 0
1228 1268 4
719 827 3
1172 1288 5
1225 1299 4
1088 1150 2
531 604 4
1164 1307 2
778 842 5
756 873 3
1152 1250 0
1002 1061 0
577 678 5
875 955 0
1027 1150 2
668 755 6
836 927 6
678 746 5
990 1077 6
568 715 1
604 716 4
753 863 0
1013 1118 0
854 936 4
471 548 4
832 900 1
981 1028 4
1133 1239 4
516 636 6
945 1067 1
1081 1206 6
756 861 6
871 1002 6
751 872 2
719 791 4
779 874 1
842 884 5
611 663 3
986 1059 4
1024 1092 3
729 822 6
764 829 0
881 979 2
1210 1253 3
507 549 4
690 816 0
743 809 6
1070 1189 4
641 699 3
963 1063 1
1236 1303 5
715 800 1
1208 1295 3
1166 1241 2
792 876 4
918 1001 6
1175 1277 3
1010 1065 6
684 718 2
1078 1159 6
1125 1228 5
624 695 5
952 1069 5
635 699 2
800 879 1
1065 1184 4
777 845 0
945 1059 1
1000 1049 1
774 857 2
839 955 3
904 989 6
1193 1269 6
995 1088 6
787 836 0
669 730 1
1064 1158 3
785 856 2
989 1069 2
1208 1308 6
743 803 5
784 840 0
534 600 1
822 883 6
970 1069 0
994 1043 6
590 668 4
600 720 4
876 947 0
637 734 2
1254 1308 3
1088 1222 5
1193 1292 4
827 867 3
780 844 3
862 936 4
1115 1206 6
1241 1306 2
896 975 3
988 1068 3
766 822 5
1208 1308 6
691 785 6
927 1030 1
1242 1309 2
868 941 0
757 839 2
973 1045 0
694 791 3
1208 1297 4
825 881 5
959 1045 0
830 871 3
882 990 0
967 1067 0
1205 1259 2
Shifts = 4
0 0 0 0 0 0
435 0 0 450 0 0
570 0 0 500 0 0
810 0 0 500 0 0
Employees = 20
228: 0 2 3 4 5 7 10 13 15 16 17 20 21 22 23 25 27 28 30 32 35 36 39 40 41 42 43 47 49 51 52 53 54 56 57 58 60 61 63 64 65 66 67 68 69 72 76 77 78 79 81 82 84 85 88 91 92 93 94 95 97 100 104 105 110 111 115 116 117 118 120 121 123 124 126 127 128 130 132 133 134 141 142 143 144 145 147 150 152 153 154 155 157 158 161 162 163 164 166 167 168 171 172 173 174 175 178 180 181 182 184 186 187 189 190 191 192 193 194 196 197 198 199 201 203 204 207 208 209 210 212 215 216 219 220 221 222 224 225 227 229 232 234 238 239 240 242 246 247 249 251 252 254 256 257 258 259 260 264 265 266 267 268 270 272 277 278 279 280 283 285 286 287 288 289 290 291 292 294 295 297 301 302 303 304 306 307 309 311 312 314 315 317 320 322 324 325 326 329 330 331 332 334 335 336 337 338 340 341 342 344 346 347 348 349 353 354 356 358 359 360 361 363 364 365 367 369 371 
226: 0 1 2 4 6 7 8 11 14 15 17 19 20 21 22 23 24 25 26 27 28 29 30 33 34 35 36 38 39 40 42 44 46 47 48 50 51 55 56 57 59 60 63 64 66 68 69 70 71 72 75 76 78 79 82 83 89 91 94 95 98 100 101 102 104 105 106 108 109 110 111 112 113 117 118 119 120 121 124 127 129 130 132 133 135 138 141 142 143 144 145 146 149 155 157 158 159 161 163 164 165 166 167 168 169 171 172 173 175 176 178 179 183 184 186 187 191 192 193 195 197 198 199 201 202 204 205 206 207 209 210 211 212 214 215 216 218 220 222 223 225 227 229 231 232 233 234 235 236 237 239 241 242 243 245 248 249 250 251 252 253 254 256 257 258 260 261 262 263 270 272 274 276 277 281 283 286 288 292 293 294 296 297 298 300 301 302 304 306 307 311 312 314 315 316 319 322 323 324 326 329 331 332 333 335 337 338 339 340 342 343 345 346 348 350 351 355 356 358 359 362 364 367 368 369 371 
223: 4 5 6 9 12 15 20 21 22 25 26 28 30 31 32 33 34 36 38 40 42 43 44 45 46 49 50 52 54 57 58 59 60 61 63 65 66 68 69 70 71 73 76 79 80 81 85 87 89 90 91 93 94 95 96 98 99 101 104 105 107 108 109 111 112 113 114 115 116 118 120 125 126 128 129 130 132 134 135 136 138 139 140 141 142 143 145 149 150 151 152 155 156 157 158 161 164 165 166 167 170 173 174 175 176 179 183 184 185 186 188 189 191 193 194 197 198 200 201 204 205 206 208 209 210 211 212 213 216 218 220 221 222 226 228 229 230 233 234 237 238 239 240 241 242 244 245 247 249 250 251 252 253 257 260 261 262 264 271 272 273 275 276 277 281 282 283 284 286 290 292 293 295 298 299 300 303 305 306 307 308 311 312 313 314 315 316 317 320 322 324 325 326 328 330 331 334 335 336 337 338 340 341 342 343 344 347 348 350 351 353 355 356 357 358 360 362 364 365 366 367 369 370 
222: 0 1 2 5 6 7 8 10 12 13 15 16 17 19 20 21 22 25 27 28 29 30 31 32 33 34 40 41 42 46 47 48 49 50 52 53 54 55 57 58 59 61 65 67 70 71 73 74 75 77 78 81 82 84 87 89 93 94 95 97 99 101 102 104 105 110 111 112 117 119 121 122 125 131 132 133 136 138 143 147 148 149 151 152 153 154 155 156 159 160 161 162 164 165 172 174 175 176 177 178 179 180 181 182 184 185 188 190 192 194 195 197 198 200 201 202 203 204 205 206 208 209 210 211 217 218 219 220 221 226 229 230 231 233 234 235 236 237 240 243 245 246 248 249 250 251 252 254 255 256 257 260 261 263 264 267 268 269 270 271 272 273 274 275 278 280 283 284 287 289 291 292 293 294 295 299 300 303 304 307 308 309 313 314 315 316 320 321 322 323 324 326 328 329 331 332 333 335 337 338 339 340 341 344 345 346 348 351 352 353 356 357 358 359 361 363 364 365 366 368 369 370 
235: 0 1 2 3 5 6 9 10 11 12 13 14 16 18 19 20 21 22 23 24 28 29 31 32 33 34 36 37 38 39 40 42 43 44 45 47 49 50 52 55 57 58 59 62 63 64 65 66 67 68 70 72 73 75 76 78 79 80 82 83 84 85 86 89 91 92 93 94 95 97 99 100 101 103 104 107 109 110 111 114 116 117 119 120 121 122 123 124 125 126 127 129 130 131 133 134 135 136 137 139 140 141 144 145 147 149 150 151 152 155 156 157 158 159 160 162 164 167 169 170 171 173 176 177 180 181 183 184 185 186 187 188 189 191 192 195 198 199 200 203 204 212 213 214 220 221 222 223 227 229 230 232 233 235 236 237 238 240 242 243 244 245 247 248 250 251 252 254 255 256 257 261 263 265 267 268 269 270 271 272 273 276 277 279 281 283 284 286 289 290 296 298 301 302 305 306 307 308 309 310 311 313 314 315 318 319 320 323 328 330 331 332 333 335 336 337 338 339 340 341 342 344 345 347 348 350 352 355 357 361 362 364 369 370 371 
225: 0 1 2 3 4 5 6 7 8 12 14 15 16 17 18 20 21 23 24 25 27 30 37 38 40 42 43 45 46 48 49 50 53 55 60 62 63 64 65 67 68 70 71 72 73 74 75 76 77 78 79 80 81 83 84 85 86 87 89 90 91 92 94 96 98 99 100 101 102 104 107 108 109 110 111 112 114 116 117 119 120 123 124 126 127 128 129 130 132 134 135 136 138 139 140 141 142 144 146 150 152 154 155 156 158 160 162 165 166 167 169 171 172 173 174 177 182 183 184 185 186 187 188 189 190 191 192 193 194 200 202 203 204 206 210 211 212 213 215 216 217 218 220 221 226 228 229 230 232 233 235 237 238 239 240 244 250 251 256 257 259 261 263 265 266 267 269 272 275 277 278 279 280 284 288 291 292 293 297 299 300 304 305 306 308 309 312 313 314 315 316 317 318 319 320 321 322 323 324 325 327 328 330 331 333 334 335 336 337 338 339 340 342 344 345 348 349 352 354 358 359 362 367 370 371 
207: 0 1 2 3 4 5 6 7 8 9 10 11 12 13 15 16 17 19 22 23 24 25 26 27 28 29 33 35 36 37 38 39 40 46 47 48 49 50 51 54 56 58 59 60 62 63 64 67 71 78 80 82 83 84 85 87 88 89 91 92 93 94 96 97 98 104 106 107 110 111 112 116 117 118 122 131 136 137 138 140 141 142 144 145 147 148 149 150 154 155 156 157 158 161 162 163 165 167 171 173 174 175 176 177 178 179 180 181 182 186 188 189 192 195 196 197 199 201 204 206 207 209 210 215 216 218 222 223 224 226 227 228 229 230 232 234 235 236 238 241 246 247 249 250 251 252 255 257 259 261 264 265 266 267 269 276 277 279 280 281 287 289 291 293 296 297 298 299 302 303 305 306 307 309 310 311 312 313 315 316 317 321 328 329 331 333 335 337 338 341 345 346 349 351 352 353 354 355 358 359 361 363 364 365 366 368 370 
224: 0 1 2 7 8 10 11 13 14 15 16 19 21 22 24 25 26 27 28 29 31 33 36 37 39 40 41 43 44 48 49 51 52 54 55 56 59 60 61 62 63 64 65 66 67 69 70 71 74 75 77 78 81 82 84 85 87 89 93 95 96 97 98 99 100 101 103 104 106 108 109 110 112 113 114 116 120 123 125 127 128 131 133 134 135 136 137 139 142 143 144 145 147 148 149 154 156 158 159 160 163 164 168 169 171 172 174 175 176 177 179 182 183 184 185 187 188 189 193 194 195 199 200 202 204 207 208 209 213 215 216 217 218 219 220 223 224 226 228 231 233 236 237 238 240 242 243 244 245 246 247 250 251 252 253 255 258 259 261 266 267 268 269 270 272 273 275 276 277 278 280 281 283 284 287 288 289 292 294 298 299 300 302 304 306 307 311 313 314 315 317 319 320 322 323 326 327 328 329 330 331 332 333 334 335 336 337 338 339 342 344 347 348 349 351 352 353 354 357 360 362 366 368 369 
232: 0 1 8 9 11 12 14 19 20 21 22 23 24 25 27 28 29 30 31 34 36 37 39 40 43 44 45 49 50 51 52 54 56 58 59 60 61 63 64 65 66 67 71 72 73 74 80 82 84 88 90 91 92 93 96 98 102 104 106 107 108 109 112 113 114 116 119 120 123 124 126 128 131 135 136 137 138 139 140 141 142 143 144 146 147 148 149 150 151 152 153 154 155 156 160 161 162 163 164 165 166 167 168 171 172 173 174 175 176 180 181 182 184 185 186 187 189 193 194 195 197 198 200 202 204 206 207 209 210 211 212 214 216 217 218 219 220 221 223 225 227 229 231 232 233 234 235 236 237 238 239 241 242 247 250 252 253 254 255 258 260 262 263 264 266 269 270 273 276 278 281 282 283 287 288 289 291 292 294 297 301 302 303 304 305 306 308 309 311 314 316 319 320 321 322 323 324 325 326 327 329 330 331 332 333 335 336 337 338 340 343 344 345 346 350 351 352 354 355 356 357 358 359 360 361 362 363 365 366 368 369 371 
221: 2 3 4 5 6 7 9 11 13 16 17 18 19 20 22 23 24 26 27 30 31 33 34 35 36 37 38 39 41 42 43 44 46 50 51 52 57 59 61 65 66 67 70 71 72 74 75 78 80 82 83 84 86 87 88 89 91 95 97 98 99 100 103 104 106 108 109 111 112 113 114 115 116 117 118 120 122 123 124 127 128 129 130 131 134 135 136 137 139 140 142 143 144 146 149 150 151 152 154 155 156 163 164 165 166 167 169 170 171 173 177 178 182 185 186 188 189 190 191 192 193 194 196 198 199 200 202 203 204 205 206 211 213 215 216 217 219 221 222 223 224 225 227 230 231 234 239 240 241 243 246 250 251 253 254 255 258 261 264 265 266 268 269 270 271 273 275 276 278 279 280 281 282 283 285 286 289 290 291 292 293 294 297 298 299 300 304 305 306 307 309 310 311 312 314 317 318 319 320 323 324 325 326 329 330 331 335 337 342 347 350 351 353 354 355 361 364 366 367 369 371 
210: 1 2 4 5 8 9 10 11 12 13 14 17 18 19 21 22 23 24 25 26 28 29 32 34 36 37 38 39 41 43 45 46 48 49 50 51 53 55 57 58 59 62 63 64 65 66 68 69 72 73 74 75 76 77 78 79 80 81 83 84 85 86 88 92 93 94 96 98 100 102 103 105 107 108 113 114 115 117 119 120 121 123 124 126 132 134 136 138 139 141 142 143 144 147 148 150 152 153 154 155 157 159 160 161 163 164 166 168 170 172 173 175 176 179 180 181 184 186 187 190 191 194 196 197 198 200 201 202 205 207 208 210 211 212 215 218 221 222 223 224 227 229 231 232 233 236 246 247 248 249 250 252 253 257 258 260 261 265 267 268 270 276 278 279 280 281 283 286 289 291 294 295 296 297 304 308 310 311 313 314 315 316 323 325 326 327 331 334 335 338 340 343 344 347 348 350 353 354 355 356 357 358 359 363 364 365 366 367 368 370 
226: 0 1 2 4 5 8 9 10 12 13 16 18 23 26 27 28 29 30 31 32 33 34 35 36 37 39 40 42 44 46 47 48 49 50 52 54 56 57 58 59 60 61 65 67 68 75 76 77 78 80 81 82 83 84 86 87 91 92 93 96 98 99 101 103 104 105 106 107 108 110 113 115 117 118 119 120 122 124 126 127 129 130 131 132 134 139 140 141 143 144 145 146 147 149 150 153 157 158 159 160 161 163 167 168 169 170 171 172 173 174 175 176 177 179 180 181 184 186 187 188 189 190 191 192 194 198 200 204 210 211 213 214 215 216 217 219 220 221 227 228 231 232 234 235 237 239 240 244 246 247 248 249 250 251 253 254 255 256 258 259 262 267 269 271 272 273 276 277 278 281 282 287 288 290 291 296 297 298 299 300 301 304 307 309 310 311 312 315 316 318 319 320 322 323 327 328 329 330 333 335 336 337 338 339 341 343 344 346 347 348 349 355 356 357 360 361 362 363 364 365 366 367 368 369 370 371 
224: 1 4 6 7 8 10 11 12 13 14 16 17 18 20 22 24 25 26 27 30 32 36 37 39 41 43 44 48 49 50 52 54 55 56 58 59 60 61 62 63 64 65 66 68 69 70 71 73 74 77 78 79 80 83 84 85 86 87 88 90 94 96 97 99 101 102 103 104 105 106 107 108 110 115 117 118 121 124 126 128 129 131 132 133 134 135 138 141 143 144 149 152 153 155 156 158 159 160 161 163 164 165 169 174 175 176 177 178 180 183 184 185 187 188 193 194 195 199 200 201 204 206 209 210 212 213 214 217 218 219 222 223 224 226 232 233 235 236 238 239 241 242 243 244 245 249 250 251 253 255 257 258 260 262 264 265 268 270 271 272 273 274 275 278 279 280 281 282 283 285 286 289 290 293 294 295 296 297 299 300 301 302 304 305 310 311 312 314 316 317 321 322 324 325 327 329 333 334 335 337 338 341 342 343 345 346 347 348 349 350 351 352 353 357 359 360 361 362 364 365 367 368 370 371 
231: 4 7 10 12 13 14 17 20 21 23 24 28 30 31 32 33 37 39 40 42 44 45 47 48 49 51 52 54 56 57 58 59 67 68 69 70 71 72 73 74 77 78 80 81 82 84 85 86 87 88 89 90 91 93 94 95 96 97 98 99 102 103 104 108 110 112 115 116 117 120 121 123 124 125 126 127 128 130 132 133 136 137 138 139 142 143 144 146 147 150 153 157 158 159 160 163 165 167 168 169 173 174 175 176 177 179 180 181 184 185 186 187 188 192 193 194 195 196 197 198 199 200 202 203 204 205 207 208 211 212 213 214 215 216 217 220 222 223 225 226 228 231 232 234 235 238 239 240 241 242 244 245 247 248 249 252 255 259 261 262 263 264 265 271 272 274 275 277 278 279 280 283 284 287 288 289 290 291 292 294 296 297 298 299 303 307 310 311 312 313 315 318 321 323 324 326 327 328 329 330 331 332 333 334 335 337 338 339 340 341 343 344 345 348 349 350 351 352 353 354 357 358 359 360 362 363 365 366 368 369 370 
226: 0 3 4 6 8 9 10 11 12 14 16 17 22 23 25 26 27 28 32 33 34 35 37 41 48 49 50 51 53 55 57 59 60 61 62 63 65 67 68 69 70 73 81 83 85 86 87 88 89 90 93 94 95 96 97 99 103 105 107 109 110 111 112 113 115 116 121 122 123 125 126 127 128 129 131 132 133 134 137 139 142 143 144 145 146 148 149 150 152 157 158 159 160 164 168 169 172 174 175 177 178 179 180 181 183 184 185 187 188 190 191 192 196 198 199 200 202 203 204 205 206 207 208 209 210 211 213 215 217 218 219 221 222 223 226 227 228 229 231 232 233 234 235 236 237 238 241 242 244 245 248 251 254 256 257 259 261 262 263 265 266 269 271 272 273 274 275 278 279 280 281 282 284 285 286 287 288 289 290 292 294 296 297 298 299 300 301 302 303 304 305 306 307 311 313 314 315 319 320 321 324 326 328 329 331 332 333 334 335 336 338 340 341 345 347 353 354 355 359 360 362 364 365 366 368 369 
222: 1 2 3 5 7 9 10 11 12 13 14 18 20 21 22 23 24 25 27 28 29 31 32 33 36 37 41 43 44 45 46 48 50 51 53 59 60 61 64 66 67 70 71 72 73 74 76 78 79 81 83 86 87 89 90 91 94 95 96 98 101 102 105 106 107 109 110 111 112 116 117 118 119 121 122 124 125 126 131 133 137 140 141 142 143 145 146 147 148 149 150 152 153 154 155 156 157 159 160 161 162 163 166 173 175 179 181 182 183 187 188 189 190 191 193 195 197 198 200 201 202 203 204 205 206 207 209 210 211 212 216 217 218 219 220 221 222 224 225 226 227 231 232 233 234 238 239 241 242 243 244 246 247 248 249 250 251 253 256 258 260 262 263 264 265 270 271 273 275 276 277 279 281 282 284 286 287 288 292 293 294 302 303 304 307 309 310 311 312 314 317 318 319 320 321 323 324 325 327 329 331 332 333 335 336 337 340 345 346 347 350 351 354 355 356 360 361 362 363 368 369 370 
226: 2 3 5 6 7 8 12 13 16 18 20 21 22 24 25 26 27 28 29 30 33 34 37 40 41 43 45 48 49 50 51 53 54 57 59 60 63 64 67 68 69 70 72 75 76 78 79 80 82 83 86 87 88 89 91 92 93 94 95 96 97 103 104 106 107 114 115 118 120 121 123 126 127 131 132 134 135 138 140 141 142 143 144 146 150 151 154 157 158 159 160 161 163 164 165 166 168 170 171 172 173 174 175 176 181 182 183 184 185 186 187 188 189 190 192 195 197 199 201 202 204 205 206 209 215 216 218 219 220 221 222 223 225 228 230 233 234 235 236 240 241 242 244 245 246 247 248 249 250 252 254 255 256 258 259 260 261 264 265 266 268 272 273 277 278 279 280 281 285 287 288 289 290 292 293 294 295 296 298 302 303 305 306 308 309 312 314 315 317 318 319 320 321 322 324 325 326 327 329 330 332 333 334 338 339 341 342 343 344 345 346 347 349 351 353 354 356 357 359 361 363 366 367 369 370 371 
211: 1 2 4 5 6 8 13 16 18 19 20 22 25 27 28 31 32 34 36 37 38 40 42 45 47 48 49 54 55 56 59 60 61 65 67 69 70 71 73 75 77 79 80 81 82 83 84 85 86 87 88 90 92 93 94 96 98 99 100 101 103 105 106 112 113 114 116 118 120 123 124 125 127 128 131 133 136 137 138 139 140 141 144 145 146 147 148 149 150 151 153 154 155 156 157 162 165 167 168 169 170 173 175 177 179 180 181 183 185 188 191 195 200 201 203 205 206 207 209 213 214 215 216 218 219 220 221 222 223 226 227 229 231 232 234 235 236 240 241 242 245 247 248 252 253 254 256 257 258 259 260 261 262 264 266 268 269 271 272 273 274 277 278 279 280 285 287 290 291 292 294 295 296 297 298 299 302 305 308 310 313 314 317 321 322 323 327 331 332 333 335 336 337 340 343 348 349 351 352 356 357 358 359 360 361 362 363 364 367 369 371 
221: 0 2 4 6 8 10 11 12 14 15 16 17 19 21 23 24 25 27 29 30 33 34 35 36 38 39 41 43 45 49 50 54 55 56 57 58 60 63 64 67 68 71 74 77 80 81 83 85 88 91 92 94 95 96 97 98 101 103 104 105 107 108 110 111 113 115 117 120 121 122 123 125 126 127 128 130 134 135 136 138 141 143 144 145 147 149 150 151 154 157 159 162 163 164 166 167 168 169 171 173 174 175 177 179 182 183 184 186 187 188 189 191 192 195 196 197 199 200 201 202 205 207 208 210 211 212 214 215 221 223 225 227 229 231 233 234 235 236 237 239 240 242 243 246 247 248 249 251 252 253 254 256 257 258 259 261 262 264 265 268 269 270 271 275 279 281 282 283 284 285 286 287 290 291 292 293 296 297 299 300 302 303 304 305 309 310 311 312 316 317 319 320 321 322 323 326 330 333 336 340 341 342 343 350 352 353 354 355 356 357 358 359 360 361 363 365 366 368 369 370 371 
224: 0 3 5 6 7 9 10 11 12 14 16 18 19 20 21 26 27 29 30 32 33 34 36 37 39 40 41 43 44 45 46 47 50 52 53 55 57 58 61 62 63 64 67 69 70 73 74 75 76 77 78 79 80 82 84 87 88 90 91 95 102 103 104 105 106 107 109 111 112 113 116 119 120 123 124 125 126 127 128 130 133 135 136 137 138 141 143 145 147 148 149 150 151 155 158 159 160 166 171 172 173 176 177 178 179 180 185 187 189 191 192 193 194 195 196 197 201 202 206 207 209 210 211 213 215 217 218 219 220 221 222 223 224 226 230 231 233 234 236 238 239 241 242 243 244 245 247 248 250 253 255 256 258 263 264 265 266 267 269 271 272 273 275 276 278 281 282 286 287 288 293 294 295 296 298 299 300 301 303 304 307 308 310 311 313 314 315 316 319 321 322 323 324 325 326 327 328 329 330 331 334 335 336 337 338 339 342 343 345 346 348 350 352 353 354 358 359 360 361 362 364 366 369 371 
Days = 7
Shift constraints
2 6
2 5
1 6
0 7
1 6
3 4
true
true
Forbidden sequences = 2
3 1 
2 3 

