# Randomly generated data for the integrated task scheduling and personnel rostering problem, skilling=0,300 and tightness=0,900 seed=26460
Tasks = 537
452 552 0
466 536 0
601 684 1
803 877 1
622 695 1
686 810 1
699 825 1
450 522 2
613 711 0
795 867 2
812 907 3
797 882 5
604 708 6
450 564 4
450 521 1
600 651 2
810 875 3
868 937 2
522 623 2
800 912 5
808 870 2
610 669 5
451 520 2
450 557 5
600 651 1
600 720 5
937 997 2
456 503 3
450 477 6
602 634 1
577 615 4
600 666 1
795 891 6
891 983 6
795 865 0
798 924 0
600 736 2
795 894 3
450 529 3
795 900 6
600 682 5
472 510 3
804 889 0
651 689 2
484 589 6
883 933 0
536 651 2
795 850 5
516 570 3
717 797 0
455 550 2
795 867 4
624 693 2
476 547 0
926 974 5
811 879 1
980 1027 5
600 715 2
546 631 0
632 715 0
682 751 5
803 900 2
628 741 6
579 616 3
623 655 6
797 939 0
808 905 4
930 1005 4
450 547 4
662 769 2
690 760 2
451 489 2
903 974 2
722 838 5
807 883 1
1008 1069 2
671 775 6
555 651 2
450 506 4
743 871 6
452 538 2
507 541 4
606 687 0
452 546 0
875 985 2
608 698 6
553 582 0
796 924 5
795 898 6
601 645 0
602 677 0
810 876 1
796 929 1
796 910 5
457 515 4
602 728 3
797 883 4
454 495 5
908 987 3
693 744 2
539 626 2
940 1003 0
850 889 5
636 746 1
806 874 3
616 721 2
457 504 5
628 686 2
604 682 0
669 807 5
707 784 2
469 542 4
739 844 2
646 729 3
1003 1076 0
600 698 6
844 943 2
592 673 6
800 869 4
874 991 4
805 897 1
736 823 3
1079 1189 0
451 533 1
450 509 0
552 590 4
877 998 3
801 900 3
883 943 1
728 836 3
597 643 4
557 657 5
725 794 4
825 908 3
505 577 5
761 843 2
831 906 1
795 895 2
844 900 2
600 702 4
840 936 3
645 716 0
926 1003 5
683 808 6
775 866 2
450 556 3
705 789 6
881 987 3
685 783 0
902 969 1
794 917 6
944 973 2
1070 1139 2
708 773 6
657 760 5
900 986 2
797 871 1
896 995 2
751 821 5
452 491 3
581 680 5
1007 1093 5
652 752 2
874 909 2
715 845 2
900 1039 6
521 648 1
791 846 0
510 616 0
983 1055 6
450 574 4
1030 1149 5
749 827 1
699 775 0
1010 1062 4
841 929 5
737 809 2
907 1003 1
456 547 6
789 872 0
1000 1090 4
546 612 4
796 911 6
1055 1138 6
583 674 0
688 739 0
777 900 6
704 814 4
601 696 3
450 505 3
987 1064 0
915 984 6
563 619 3
816 878 5
995 1047 2
795 915 5
798 909 2
901 958 6
884 937 4
885 993 5
820 923 5
876 919 0
923 1021 6
836 945 1
455 570 5
898 997 6
535 599 1
645 730 4
815 908 0
550 648 0
487 538 1
613 732 4
821 964 5
451 548 6
814 887 4
506 548 3
962 1061 6
576 664 5
989 1071 2
1138 1254 6
998 1051 2
812 888 5
937 1011 5
649 742 1
969 1069 1
683 787 5
894 1015 3
999 1051 6
558 657 6
1017 1115 4
747 859 2
733 823 4
529 654 3
754 819 2
871 981 1
548 666 4
1039 1122 6
948 984 1
888 950 4
920 993 0
451 536 0
985 1031 6
742 814 1
980 1045 2
674 757 0
602 675 6
718 784 0
881 977 6
1122 1190 6
519 637 4
1078 1207 1
610 691 2
847 895 0
550 580 3
588 670 1
1078 1164 2
802 902 6
1052 1123 6
1013 1109 5
947 1056 1
635 747 2
845 946 2
491 603 2
725 762 0
870 976 4
938 1017 5
658 743 0
638 714 4
1047 1161 2
946 1062 5
1030 1121 3
889 985 5
965 1061 5
784 878 6
651 704 1
1022 1108 6
1161 1254 2
1064 1107 6
894 975 5
1003 1072 1
986 1106 6
1221 1254 1
1049 1108 2
931 995 0
1097 1193 4
866 922 0
660 734 6
763 847 0
731 839 4
1093 1192 5
518 580 3
814 909 1
1125 1249 3
878 965 5
484 598 4
931 1061 1
758 828 0
666 695 1
587 701 3
908 991 0
697 753 1
507 588 5
615 695 4
671 811 4
980 1042 4
699 833 6
617 717 0
677 804 6
892 970 1
1045 1099 4
696 833 4
833 893 6
1153 1238 5
600 722 6
656 748 0
581 641 3
788 856 0
881 933 1
762 846 5
937 1012 3
594 694 5
1099 1160 4
567 659 6
811 841 6
1031 1092 5
788 859 5
1001 1083 0
987 1062 1
494 603 3
1012 1109 3
896 940 0
999 1076 5
917 968 5
970 1055 5
853 904 0
1139 1250 2
935 968 1
1062 1129 1
829 900 4
654 792 3
609 649 3
1081 1206 5
812 897 4
986 1109 2
1012 1123 3
1061 1105 5
1078 1143 2
910 981 6
969 1048 1
861 909 2
862 939 0
946 1038 2
666 785 5
977 1056 5
944 1044 0
704 840 1
840 906 4
923 1011 0
1185 1234 2
1124 1254 3
860 908 5
1061 1108 1
1032 1099 6
1039 1109 2
603 689 1
1106 1232 5
666 777 6
723 811 6
783 916 0
641 718 3
852 958 6
1000 1085 6
1100 1175 6
1147 1221 2
690 770 1
1010 1139 1
696 797 1
785 909 6
838 901 0
818 932 6
758 851 0
1123 1199 6
1063 1137 1
611 684 4
822 909 2
718 797 0
1164 1252 4
1176 1253 6
815 896 6
536 604 0
1048 1108 0
997 1094 0
999 1113 0
1105 1175 5
701 791 3
451 538 3
895 977 6
938 1024 4
687 746 4
591 689 4
685 761 3
853 909 0
940 992 0
1131 1207 1
603 710 4
762 844 4
690 828 4
989 1042 3
840 918 1
1014 1100 0
959 1034 6
708 816 3
1206 1245 4
771 847 1
993 1109 0
1042 1112 3
997 1044 1
1102 1173 0
1074 1106 1
727 795 5
833 907 4
1061 1109 5
798 858 1
739 799 6
858 935 1
754 841 1
1088 1173 6
985 1029 5
699 791 2
936 1016 1
815 906 6
603 723 2
1048 1107 1
821 907 3
919 975 1
1027 1128 4
725 828 2
819 909 3
936 995 0
785 897 5
730 868 4
1029 1072 5
906 980 6
842 899 1
858 965 4
1001 1064 0
951 1032 4
1072 1173 5
1015 1080 3
1114 1200 3
1115 1199 0
1196 1247 5
1016 1109 1
1081 1154 3
1173 1254 5
904 1042 1
1036 1108 4
719 842 3
732 867 4
1134 1253 4
1189 1253 6
809 899 2
793 909 3
664 722 4
762 802 3
1046 1131 1
1059 1109 5
1135 1252 1
928 973 3
1207 1253 5
812 922 2
1209 1254 1
801 903 5
1173 1246 0
991 1097 3
798 909 0
927 996 2
955 1044 3
1069 1146 3
620 746 3
869 909 4
1175 1252 5
1204 1254 0
1084 1171 5
846 908 5
988 1093 6
1191 1253 0
749 865 3
1207 1254 3
839 900 2
1200 1254 6
973 1079 5
867 907 3
1159 1253 1
1036 1107 6
974 1100 4
1081 1191 0
897 954 4
975 1035 1
843 909 3
804 907 3
817 910 2
1129 1248 4
933 1004 6
921 998 0
997 1109 2
1058 1163 1
907 981 2
845 901 4
1095 1147 0
925 996 2
539 636 3
649 783 3
787 874 3
1155 1254 3
768 847 0
998 1064 2
1094 1173 5
977 1052 6
1153 1227 0
847 904 1
1074 1105 0
1178 1234 5
748 791 4
1035 1109 1
1171 1244 1
623 725 0
981 1086 2
796 884 4
727 806 0
956 1018 4
826 895 0
1053 1109 6
1190 1255 6
1005 1109 6
1155 1226 3
1140 1217 1
Shifts = 4
0 0 0 0 0 0
450 0 0 460 0 0
600 0 0 510 0 0
795 0 0 460 0 0
Employees = 20
173: 0 2 4 10 11 15 18 21 26 28 30 33 34 36 40 41 43 46 51 54 55 56 60 64 67 69 75 76 81 85 88 90 91 94 95 100 103 104 105 107 112 115 116 119 121 123 126 127 128 129 132 133 135 137 148 151 153 154 155 161 162 169 174 175 178 179 181 191 194 199 201 206 207 211 212 213 222 229 235 236 237 242 243 249 257 263 265 270 274 280 282 283 286 289 290 296 297 305 307 309 311 317 322 327 331 336 338 340 341 345 350 352 359 364 365 368 369 370 374 376 380 382 384 389 391 393 396 398 400 413 419 420 421 430 434 435 436 439 440 449 452 454 458 459 464 465 468 469 472 477 478 483 485 486 487 489 498 503 504 505 512 513 516 518 519 520 526 527 530 531 532 534 535 
171: 1 5 9 10 12 13 14 17 25 26 27 31 38 39 41 43 50 52 54 58 59 66 68 70 76 82 87 88 89 91 93 94 95 97 98 99 100 101 103 106 109 113 118 124 129 130 131 132 137 138 139 144 148 152 153 154 160 174 175 179 184 185 190 191 193 194 196 201 202 204 205 208 209 212 216 219 225 227 228 232 234 238 245 246 247 249 253 257 261 263 265 267 269 276 278 279 286 287 288 290 292 293 295 297 298 299 300 309 317 318 320 324 327 332 334 349 352 354 356 361 367 372 374 376 381 385 390 391 397 400 401 406 409 411 412 415 416 417 420 421 422 424 429 432 433 435 443 452 453 460 462 470 472 473 475 476 480 482 483 490 491 493 496 508 510 514 515 517 522 525 530 
153: 0 2 4 9 12 15 18 20 22 27 45 55 59 60 62 65 68 70 75 76 81 83 84 85 89 90 95 96 98 107 108 110 111 112 113 115 119 120 122 129 135 148 153 154 156 160 161 167 169 179 186 196 197 198 202 206 208 213 214 216 218 219 222 224 232 233 234 240 246 248 251 252 255 260 262 263 269 270 275 277 284 285 286 289 292 294 295 299 300 301 307 308 312 314 330 331 334 339 342 352 353 354 356 369 371 372 373 382 385 386 387 390 392 399 406 414 415 416 417 418 424 427 428 431 435 436 437 438 446 456 457 459 461 469 470 473 478 479 484 491 495 501 504 506 507 510 514 517 518 519 523 525 527 
165: 0 3 7 11 15 16 19 20 22 25 26 30 46 49 54 56 61 62 63 68 69 71 73 80 81 84 85 86 88 93 95 100 110 112 113 114 117 118 121 124 125 127 130 132 133 134 135 137 138 144 148 151 152 156 158 159 163 168 171 174 177 181 182 184 185 188 193 194 197 200 202 203 207 209 210 229 231 241 245 249 253 261 263 264 267 272 285 298 301 303 304 306 307 309 312 316 320 321 323 330 331 332 333 345 348 350 354 356 359 362 364 365 369 370 372 378 380 381 385 386 391 396 397 398 404 407 408 410 419 420 423 430 432 434 438 442 447 452 455 458 459 461 465 466 467 468 469 475 481 483 486 487 491 492 494 502 510 517 518 519 521 527 529 531 535 
159: 6 9 16 20 25 37 42 44 47 48 51 52 53 54 62 69 71 72 78 79 81 90 91 92 93 96 98 102 103 104 110 112 115 116 117 119 121 125 128 143 144 146 152 163 164 165 168 172 176 179 180 182 183 186 190 194 195 202 204 206 212 214 217 220 223 224 226 228 229 233 234 242 246 247 248 253 260 262 264 266 270 271 275 280 281 284 298 299 302 305 308 311 316 321 322 328 334 335 344 348 352 356 359 360 363 372 373 374 375 376 379 380 382 391 396 398 404 412 413 414 415 416 417 427 430 431 436 439 443 444 448 451 453 460 463 465 466 467 468 469 473 477 480 486 489 494 498 499 501 503 508 509 514 515 516 519 520 521 527 
165: 1 6 9 11 14 16 18 19 20 22 31 33 34 35 38 41 57 58 59 64 67 72 75 76 79 83 85 91 94 99 101 108 110 118 123 129 130 131 132 137 139 145 152 156 157 158 163 166 167 170 173 175 177 178 179 187 188 194 199 201 207 211 213 214 217 220 222 224 229 232 233 238 239 240 243 245 247 251 254 255 256 259 261 262 263 267 268 271 274 275 276 277 278 286 288 291 296 297 309 312 313 318 322 325 326 327 333 336 342 343 347 348 352 354 362 364 367 369 371 374 375 380 381 382 387 390 394 396 398 403 407 416 420 426 429 432 437 445 446 456 457 460 463 468 474 475 476 480 482 483 491 497 501 503 507 509 515 519 521 522 525 526 527 530 536 
145: 8 21 24 27 28 32 33 34 37 42 47 49 50 52 54 58 60 69 72 76 82 96 102 103 104 105 108 109 117 119 120 122 124 125 126 127 128 129 132 133 134 135 140 145 149 152 156 157 169 173 175 181 183 184 185 187 194 196 202 208 209 211 219 227 230 235 238 239 251 254 256 261 263 264 270 271 273 274 283 285 287 294 300 315 326 333 337 341 344 348 351 353 354 355 358 359 360 361 364 370 373 378 383 387 397 402 406 408 410 414 422 427 430 434 438 441 445 447 452 453 454 455 459 462 463 465 467 472 473 474 479 480 486 488 498 501 507 510 511 518 523 524 527 528 533 
176: 0 1 3 5 12 18 19 25 28 30 31 36 41 44 45 48 54 59 61 68 70 71 72 73 75 77 78 79 81 83 87 88 90 93 94 97 103 104 106 113 114 116 117 124 125 128 130 135 136 137 140 141 142 143 150 151 154 157 158 161 162 167 168 170 173 177 178 181 182 185 187 189 192 209 210 211 216 217 219 220 228 229 231 236 238 240 242 243 245 255 259 264 266 274 282 289 293 294 296 299 311 312 314 315 326 332 334 336 338 339 340 345 352 356 358 361 362 363 366 372 374 377 378 380 381 388 389 397 406 409 412 413 414 415 417 420 421 422 426 429 431 432 434 435 436 438 442 443 444 448 449 451 457 463 467 468 471 474 475 477 482 484 485 490 492 494 499 501 503 505 518 519 522 525 527 529 
166: 5 7 9 12 15 17 19 22 27 31 35 37 39 40 49 57 58 65 74 80 82 85 86 89 93 101 102 104 108 111 114 115 116 122 131 132 138 139 142 143 145 146 148 149 151 153 155 156 157 158 159 160 161 163 164 166 174 177 178 180 182 188 189 191 192 193 195 199 204 205 207 210 216 217 227 238 240 241 243 244 247 251 260 263 264 269 270 279 281 292 299 305 308 310 311 312 324 332 333 339 345 347 360 362 364 366 368 369 370 372 374 375 377 378 384 387 391 393 394 396 400 406 409 411 414 415 416 417 419 427 436 437 444 450 455 457 458 459 467 471 473 474 475 478 479 481 486 487 492 496 499 501 507 510 514 516 520 523 524 526 527 528 530 533 535 536 
171: 5 7 13 15 18 19 20 23 26 27 28 29 30 34 37 38 42 44 45 48 52 60 62 63 66 70 72 74 77 80 83 85 87 91 92 95 99 103 104 105 106 110 111 112 113 121 124 125 130 133 136 144 146 147 150 154 160 161 163 168 172 174 180 189 190 193 194 195 198 202 204 207 211 212 213 216 217 219 223 230 235 236 237 239 241 242 244 252 254 256 257 262 263 265 274 275 277 279 282 290 291 295 298 301 302 303 305 309 314 316 317 318 319 320 324 329 331 332 333 335 337 338 342 349 354 356 359 362 365 368 372 376 379 380 381 384 392 393 403 415 418 419 421 425 426 427 428 431 436 437 456 458 459 468 471 472 479 483 484 486 490 492 494 496 498 503 514 523 525 526 528 
154: 3 5 6 8 16 18 20 21 24 27 32 33 40 42 46 47 49 53 58 60 63 64 67 69 70 76 82 85 89 91 97 106 113 114 116 117 129 131 132 134 136 137 140 147 148 150 156 157 159 160 162 163 166 169 171 173 176 180 183 186 193 196 200 209 210 221 222 225 233 236 244 249 260 263 264 270 272 273 277 282 284 285 286 287 289 290 292 294 301 305 310 311 314 317 321 325 326 328 333 334 335 338 339 341 342 346 347 349 350 352 353 354 358 359 360 365 366 367 370 373 375 378 379 380 381 385 395 399 401 405 414 415 416 419 435 438 439 442 443 449 454 455 465 466 476 485 486 496 499 504 515 523 526 536 
165: 3 4 6 10 15 22 26 29 33 35 38 41 51 53 57 66 75 77 78 79 80 89 92 93 94 96 100 102 103 105 107 108 110 111 113 114 123 127 132 133 136 137 138 144 146 147 149 155 163 164 172 175 177 179 184 191 192 194 195 196 198 200 204 207 209 211 213 215 218 221 222 223 232 233 235 238 247 248 249 250 253 258 265 269 270 275 279 280 284 286 288 289 292 296 298 301 306 309 310 311 313 323 324 333 334 337 339 341 350 353 358 361 365 367 371 372 374 375 381 385 388 390 395 396 397 407 408 418 421 422 424 425 426 428 430 435 447 450 457 458 459 462 467 469 470 476 477 478 482 491 493 497 503 507 508 509 512 514 517 520 521 528 530 531 534 
156: 2 3 5 9 10 13 15 16 17 20 21 24 25 26 29 30 32 35 44 53 57 60 63 67 69 73 75 78 82 85 87 90 92 98 99 100 101 106 107 109 114 122 125 128 130 137 142 148 149 152 158 168 170 177 180 181 183 185 187 188 195 197 199 201 204 205 207 214 217 221 224 225 234 235 243 244 250 254 256 257 258 261 263 266 276 278 280 281 282 283 286 288 289 292 295 302 303 306 310 315 324 327 329 334 335 339 345 347 348 353 358 368 375 379 392 393 398 399 401 402 403 407 409 413 414 415 418 420 424 429 449 450 451 462 465 466 469 475 476 477 479 481 482 484 485 487 488 500 503 504 505 510 515 524 526 536 
168: 0 2 9 13 16 19 21 22 28 29 31 32 33 36 37 40 49 56 57 70 72 73 74 77 81 90 97 107 111 112 116 121 123 125 126 129 135 139 145 147 151 159 161 166 170 174 175 176 182 183 192 194 199 201 203 204 205 207 208 209 210 219 222 225 227 230 231 232 234 238 240 244 246 247 248 259 264 266 270 275 282 284 285 288 295 296 297 299 301 302 307 313 318 327 332 335 337 341 345 347 349 350 353 358 363 366 367 369 373 376 379 385 386 389 390 398 401 409 414 418 420 421 422 427 431 432 433 434 438 440 441 443 444 445 446 451 458 459 467 469 470 472 476 478 479 482 485 489 494 499 502 503 505 511 512 513 514 517 518 521 522 523 524 526 529 531 532 534 
150: 0 2 3 12 22 28 29 37 39 40 42 44 48 51 62 65 67 68 69 71 83 84 88 89 91 93 98 99 101 104 106 108 110 114 116 119 124 125 126 128 130 133 143 144 145 151 152 155 159 165 167 172 181 183 184 189 190 193 195 198 200 201 206 207 210 214 215 223 227 229 231 234 235 236 237 241 248 253 256 263 264 265 269 276 279 282 286 289 291 296 297 301 307 310 315 316 319 320 327 329 331 340 343 345 348 353 355 369 371 382 390 392 398 404 409 410 414 424 428 437 440 448 453 457 461 466 469 472 473 474 475 480 481 482 483 490 493 495 499 502 503 504 506 507 513 520 522 523 531 533 
157: 4 7 9 10 14 15 16 24 34 36 40 50 52 53 57 61 67 68 69 70 72 73 74 78 79 80 82 92 99 100 101 105 106 108 109 112 113 114 120 127 130 131 135 136 143 144 148 150 157 164 168 169 170 172 175 178 180 181 182 184 185 186 189 197 207 214 223 224 225 228 229 231 237 245 246 247 254 256 261 263 270 272 283 285 286 287 297 299 317 322 326 331 332 333 342 346 348 351 353 356 357 362 363 365 368 375 377 379 380 390 396 397 398 399 400 404 418 421 423 426 427 430 442 445 447 449 450 455 457 458 460 464 465 467 468 469 473 481 485 491 492 493 496 497 504 505 507 512 518 521 523 524 525 529 530 533 536 
144: 3 4 14 20 21 22 25 29 32 34 38 44 45 46 49 50 55 59 61 62 65 67 80 83 84 86 90 92 94 95 103 104 109 116 123 129 140 144 145 147 153 154 155 158 165 169 170 171 172 173 184 185 187 193 200 203 206 217 218 219 220 221 224 229 236 238 246 248 251 252 256 259 260 261 262 264 265 276 277 281 285 286 298 304 317 319 320 323 325 328 329 332 338 342 346 349 352 357 358 360 361 366 372 373 377 378 383 391 393 398 402 403 405 406 408 409 413 417 418 419 431 434 438 444 445 451 452 453 460 461 473 474 484 486 489 493 495 499 501 502 508 509 518 527 
167: 2 3 5 7 20 23 26 27 32 33 36 38 40 43 50 54 55 65 66 67 70 74 77 81 89 104 116 119 124 126 131 139 140 141 142 144 145 147 149 150 151 154 159 162 164 170 177 185 188 193 194 197 199 204 205 207 210 213 214 216 218 220 229 233 238 242 246 247 253 257 260 264 266 267 268 272 273 284 286 295 303 304 307 309 310 312 314 316 317 318 322 323 326 327 336 338 340 342 348 349 350 352 354 366 370 371 372 376 377 384 388 389 393 395 398 402 408 409 411 412 414 415 416 418 419 420 423 426 431 432 435 436 440 441 444 446 453 454 458 460 465 466 467 470 471 477 482 484 498 501 502 504 505 507 508 509 511 512 513 515 516 518 523 524 526 527 536 
174: 0 9 15 20 21 22 23 26 27 28 31 36 40 42 43 44 47 49 57 59 60 62 65 67 68 70 72 73 76 78 81 85 86 87 88 95 97 99 103 111 119 120 121 125 128 129 131 132 134 135 136 138 139 141 148 155 158 159 164 167 170 172 174 179 184 186 198 202 208 210 211 212 213 215 217 224 226 229 239 244 245 246 250 254 257 259 263 265 266 268 272 275 281 282 287 293 294 298 300 303 307 308 310 313 314 315 318 323 324 328 332 334 337 340 343 347 348 352 355 356 359 361 370 377 379 380 383 385 392 394 398 400 401 403 407 409 414 417 421 425 427 431 433 435 436 441 442 443 444 445 453 455 457 461 463 464 466 468 470 478 483 488 493 500 503 510 513 515 521 524 527 528 530 536 
143: 3 14 15 21 24 25 30 31 36 40 42 43 48 49 50 62 69 72 73 80 81 87 90 97 99 104 108 109 113 116 117 121 122 132 133 134 138 144 145 149 150 160 163 164 166 167 170 174 175 181 184 189 190 192 195 196 200 201 206 207 208 213 221 222 223 235 242 244 246 250 251 258 262 264 271 272 273 275 278 281 289 291 302 308 309 316 317 323 324 328 329 335 342 350 351 356 361 362 364 367 368 369 382 383 389 390 396 399 406 413 414 418 420 427 436 438 442 443 445 448 449 456 457 459 462 467 468 471 477 479 487 491 499 503 504 508 511 524 526 530 531 533 536 
Days = 7
Shift constraints
2 6
2 5
1 6
0 7
1 6
3 4
true
true
Forbidden sequences = 2
3 1 
2 3 

