# Randomly generated data for the integrated task scheduling and personnel rostering problem, skilling=0,600 and tightness=0,899 seed=60480
Tasks = 518
381 436 4
661 747 6
781 914 6
781 832 4
375 463 6
784 891 2
785 831 4
780 822 1
901 1027 2
780 848 0
378 432 6
387 494 5
785 850 3
781 912 6
660 781 5
375 451 6
377 425 5
669 775 1
780 874 1
677 780 5
783 834 6
781 887 4
780 863 0
378 493 2
661 759 3
660 772 5
378 463 4
784 833 0
660 735 1
661 761 0
825 905 6
381 432 0
708 755 1
833 935 0
660 785 5
660 710 2
851 943 0
380 506 5
375 436 6
937 987 0
429 541 5
1031 1155 2
781 896 2
375 475 1
433 484 0
664 764 0
434 520 6
398 470 0
375 449 4
875 966 1
660 733 0
409 505 4
775 900 0
451 573 6
787 862 4
789 869 3
466 585 6
660 770 3
910 977 6
495 571 5
887 931 4
450 540 4
668 728 2
835 902 4
789 843 4
498 563 2
662 723 6
662 704 5
661 739 2
663 754 0
545 650 4
776 912 5
737 814 2
699 778 6
382 442 4
870 962 3
787 914 1
662 765 3
920 970 6
783 856 4
375 500 2
763 799 0
711 830 2
870 943 0
916 942 5
969 1044 3
778 870 1
734 831 0
661 732 4
781 882 5
507 553 5
770 876 3
748 809 6
789 869 6
661 724 6
660 763 1
948 1042 0
554 630 5
949 1004 0
524 619 6
661 703 3
872 962 1
863 917 4
743 835 2
807 850 4
661 725 5
903 963 2
824 891 1
933 995 4
663 758 5
965 1066 2
675 770 3
781 872 2
443 508 4
379 425 2
781 878 3
438 493 6
704 753 5
379 425 1
660 712 6
619 698 6
375 508 3
494 596 6
911 1008 4
376 493 3
766 868 3
378 477 0
681 767 1
508 609 3
474 600 0
386 456 4
876 928 2
842 956 0
993 1062 0
801 937 0
380 473 6
572 619 5
781 817 5
573 623 6
732 777 1
678 736 6
376 503 0
1063 1154 0
920 987 6
738 835 1
878 955 4
856 938 4
493 627 0
939 1033 0
383 522 5
988 1128 6
996 1093 4
667 793 4
768 835 5
501 593 0
500 604 2
1066 1164 2
601 720 0
665 760 2
428 524 1
429 541 2
736 839 4
522 585 4
1049 1105 3
660 748 0
525 605 1
477 555 1
1010 1103 0
1159 1234 2
758 851 0
479 554 6
839 936 6
555 620 1
952 1020 6
713 816 6
880 937 3
764 855 1
596 669 6
847 972 1
587 688 6
722 769 0
627 767 0
545 626 5
798 907 4
842 907 5
779 843 0
818 896 5
894 961 5
477 598 4
620 706 5
466 567 4
670 754 6
794 890 3
837 927 2
786 816 1
713 791 1
1043 1087 0
957 1015 0
787 880 5
1091 1177 0
830 941 2
530 632 5
588 641 4
941 1052 2
737 773 6
907 985 0
425 495 2
927 1024 4
1112 1166 3
786 859 1
710 769 5
965 1024 4
763 807 3
625 705 1
894 982 3
378 463 2
661 734 3
930 963 2
637 710 5
970 1055 5
967 1078 1
785 861 5
1009 1132 4
928 1001 2
844 947 4
1079 1165 1
808 881 3
897 987 5
623 700 6
559 636 6
863 938 1
894 1021 1
712 754 5
876 953 3
1175 1236 3
662 746 1
1053 1156 2
842 954 4
734 835 5
883 942 3
609 711 3
858 949 1
836 917 5
944 1052 3
705 763 1
439 475 4
713 816 3
629 717 5
916 990 1
576 633 4
550 648 2
649 737 6
759 806 6
1157 1238 0
1096 1190 4
647 697 4
468 507 2
881 991 3
1171 1239 2
862 940 5
604 713 2
987 1105 5
1058 1168 5
1136 1237 4
771 804 0
511 604 3
1033 1095 0
756 799 5
948 1061 4
607 666 1
810 882 6
516 605 2
823 895 2
1021 1132 0
1104 1172 0
480 558 4
764 840 1
1022 1168 1
714 788 2
775 859 6
505 594 0
909 1005 5
632 699 5
605 673 3
950 1038 1
702 770 5
674 726 3
832 954 4
751 825 1
1065 1158 4
784 905 3
779 837 5
667 753 1
761 822 2
754 839 6
1175 1239 0
885 976 6
1018 1130 2
375 456 2
915 1033 4
636 730 4
786 882 2
735 856 3
1096 1159 0
653 757 4
910 986 3
802 913 1
1046 1151 4
859 929 0
872 942 3
1030 1137 4
1006 1044 0
1135 1228 2
953 1015 3
456 555 2
401 438 6
964 1075 2
1105 1159 5
972 1083 6
956 1049 4
587 653 2
667 753 1
963 1060 1
931 1048 1
899 942 2
888 968 2
616 710 2
1138 1221 6
1053 1159 0
711 801 3
1013 1093 5
856 919 3
791 907 1
1083 1170 6
663 734 2
710 751 2
942 1043 3
971 1045 4
635 753 4
763 864 1
977 1067 6
972 1054 1
805 842 0
943 1049 2
935 1021 5
984 1062 3
703 762 3
947 1036 3
746 838 6
1061 1148 1
826 904 1
745 770 3
731 785 2
932 1075 0
1166 1238 1
1044 1159 3
594 671 0
861 964 6
702 751 6
730 842 4
817 918 6
749 782 0
866 923 1
818 932 1
951 1033 1
1045 1144 4
801 841 5
1087 1152 3
499 555 2
947 1072 5
1183 1226 0
854 940 3
1164 1236 3
1076 1159 0
907 1011 1
904 948 1
920 988 6
950 1048 1
954 1063 3
1040 1133 1
825 929 2
1169 1239 1
974 1045 6
763 833 3
717 785 5
1075 1158 5
1058 1154 2
789 844 2
1147 1227 4
707 838 4
1097 1158 5
1024 1065 5
783 850 0
814 876 6
920 1021 3
671 731 0
1073 1154 3
689 838 6
655 706 2
1031 1161 6
1015 1098 3
1026 1126 1
758 840 2
1098 1160 3
851 935 0
727 777 6
1042 1154 3
1071 1155 6
580 683 4
1022 1082 3
751 844 6
935 1047 0
832 872 2
835 906 3
998 1127 3
770 840 5
780 867 6
948 998 1
605 689 2
972 1042 2
1066 1202 6
989 1077 6
1169 1238 5
1162 1221 3
885 958 6
953 1022 6
999 1118 1
761 842 4
1147 1227 1
788 840 3
868 961 6
969 1033 6
1079 1155 2
754 818 5
1167 1239 4
940 1025 5
559 638 4
555 625 2
1049 1157 0
1026 1165 4
699 791 6
625 694 2
966 1055 6
896 983 1
1053 1116 3
1130 1195 1
1060 1154 1
907 995 3
1164 1236 6
1115 1152 1
597 723 0
1077 1157 6
733 844 0
1046 1089 2
737 826 2
1043 1130 1
1154 1236 3
700 756 2
1120 1159 3
757 844 1
1135 1230 1
1049 1177 4
819 946 5
930 957 2
1055 1159 6
1025 1159 5
1171 1234 6
756 834 4
998 1080 3
1050 1158 1
695 771 2
786 840 5
1090 1148 2
1074 1153 5
735 775 0
1051 1140 1
736 836 2
1046 1157 6
946 1011 5
1038 1154 6
1012 1067 5
802 840 0
1082 1158 3
807 885 1
443 516 6
1200 1235 1
1081 1159 3
1173 1238 4
801 844 3
943 1003 4
1055 1142 2
794 843 6
1000 1086 1
945 1024 2
689 765 4
1060 1118 4
1024 1089 2
773 844 2
767 836 4
1028 1112 3
880 994 5
1090 1156 2
649 736 4
1068 1159 5
902 1043 1
1002 1049 5
1177 1238 4
1072 1126 1
1163 1219 2
563 695 6
737 839 4
1062 1159 6
1066 1157 5
999 1137 1
744 815 6
1126 1211 4
1087 1157 1
1192 1238 4
Shifts = 4
0 0 0 0 0 0
375 0 0 470 0 0
660 0 0 500 0 0
780 0 0 460 0 0
Employees = 20
301: 1 7 11 12 13 15 21 22 24 25 28 30 32 33 35 37 38 39 41 42 43 45 46 48 50 51 52 53 54 56 57 59 60 62 63 64 65 67 71 73 74 77 78 79 83 85 86 87 89 90 96 97 101 102 104 105 106 108 109 111 113 114 115 116 117 118 119 120 122 123 124 125 126 128 131 132 133 134 135 136 137 139 140 142 145 146 148 149 150 152 153 156 158 159 160 163 164 165 166 167 169 170 174 180 181 183 184 185 186 188 189 190 192 193 194 198 201 202 203 205 209 210 216 217 218 220 222 223 226 227 229 230 231 233 235 237 240 242 243 244 245 246 248 250 251 252 254 255 256 263 265 266 267 269 270 271 275 276 277 278 281 285 289 290 293 294 295 296 298 299 300 302 306 307 309 312 315 317 319 320 321 324 325 327 328 329 330 331 332 334 337 338 339 342 343 345 346 348 350 351 353 355 362 364 365 366 367 368 369 371 372 374 375 376 378 379 380 381 382 383 385 388 390 394 396 398 399 403 404 405 406 408 409 410 411 412 413 415 417 418 420 422 424 429 430 431 432 435 438 439 441 443 444 445 446 447 448 449 450 451 452 453 454 455 457 458 459 460 461 463 464 466 467 469 471 473 474 475 476 480 481 482 485 486 488 491 492 497 498 499 502 504 505 506 507 509 511 513 514 516 517 
310: 1 2 3 4 6 9 10 11 14 15 17 19 20 21 22 23 24 25 26 28 33 37 38 39 41 42 44 47 48 49 52 54 56 57 60 62 63 64 65 67 69 71 72 73 75 76 77 78 79 80 81 82 83 85 88 89 90 91 92 93 94 96 97 98 99 104 106 107 109 111 112 116 117 118 123 124 127 128 129 130 131 134 135 137 139 141 143 144 145 146 150 151 152 155 156 157 158 160 161 162 166 167 168 169 171 173 176 178 180 181 182 183 184 185 186 191 192 193 195 196 199 201 202 205 206 209 211 213 214 218 221 222 223 224 228 229 230 231 232 233 234 235 239 240 241 242 243 247 249 254 258 259 261 263 265 269 271 272 273 275 278 279 281 282 284 285 286 288 290 291 292 293 294 297 298 302 303 304 305 308 310 311 312 313 315 316 317 318 319 320 323 324 326 327 328 329 330 332 335 338 339 341 343 344 346 347 348 349 350 351 352 353 357 358 359 363 365 366 369 370 373 374 375 377 378 379 380 381 383 384 385 386 388 390 395 397 399 400 402 403 404 405 407 409 412 413 417 420 423 424 425 426 427 430 431 433 434 435 437 438 439 441 442 443 444 445 447 448 449 450 451 452 453 455 456 461 463 466 467 468 469 470 471 473 475 476 478 482 483 485 487 488 489 490 491 492 493 495 496 497 498 502 503 505 508 509 512 514 515 517 
301: 0 1 5 7 9 10 12 14 15 17 18 21 23 26 33 35 37 38 43 45 46 47 48 49 50 51 52 53 54 55 57 58 62 64 67 68 69 72 73 74 77 79 80 81 84 85 86 87 88 89 90 91 92 98 101 102 103 104 106 111 112 113 114 115 117 118 120 121 123 125 126 130 132 134 137 139 142 145 146 147 150 152 153 154 158 160 163 164 165 168 169 170 172 175 177 179 181 183 184 186 189 192 193 194 195 196 198 199 200 201 202 205 206 207 208 209 210 212 213 214 217 220 223 227 228 231 232 233 235 237 238 239 240 241 242 244 249 252 253 255 256 257 258 260 261 262 264 265 266 267 269 270 271 274 276 279 282 283 288 289 293 294 295 296 297 299 300 301 302 305 307 309 310 312 314 315 317 318 320 321 322 323 324 325 326 328 330 332 334 335 336 337 339 340 341 342 346 347 348 349 350 355 356 357 361 364 367 368 369 371 373 374 376 379 380 384 385 386 387 388 392 393 394 395 396 397 398 399 401 402 403 404 406 407 408 409 410 411 412 413 415 416 418 419 420 422 423 426 428 432 433 434 436 437 438 439 440 445 447 448 450 453 454 458 459 460 461 463 464 466 467 468 469 470 471 473 475 476 477 479 483 485 486 487 488 490 491 492 493 496 497 501 502 503 504 506 507 513 514 515 517 
318: 0 1 3 4 7 12 13 14 16 19 20 22 23 24 26 27 28 30 33 35 37 38 39 40 42 44 45 47 50 51 53 54 55 56 57 58 59 61 62 63 64 65 66 67 71 73 76 77 78 82 86 87 89 90 93 94 97 100 101 102 104 105 107 109 110 113 114 115 117 118 119 121 122 123 126 128 129 130 131 133 134 136 139 142 144 145 146 148 149 150 153 154 155 156 157 158 160 162 165 166 167 169 171 173 174 176 179 181 182 183 186 187 189 190 192 193 195 197 199 201 202 203 205 206 211 212 213 214 217 219 220 221 224 228 229 231 233 235 236 237 238 239 240 241 242 244 245 246 248 253 255 261 263 264 265 266 268 271 272 274 275 276 277 278 279 280 283 284 285 286 287 288 290 292 293 296 297 298 299 300 302 306 308 310 312 313 315 316 317 319 320 322 323 325 326 329 330 331 334 335 336 338 339 341 342 343 344 347 349 350 351 352 353 354 356 357 358 359 360 362 364 365 366 368 370 371 374 375 376 377 380 381 383 385 386 387 389 390 391 393 394 395 398 399 400 401 403 404 405 408 410 411 412 413 414 415 416 417 418 419 422 428 429 430 432 435 436 438 440 443 444 446 448 449 452 453 455 456 457 459 461 462 464 465 466 467 469 470 471 473 476 477 478 479 483 484 486 487 488 490 491 492 495 496 497 498 500 502 505 506 507 509 510 511 512 514 515 516 
325: 0 2 3 5 6 7 8 11 12 13 14 18 20 22 26 27 29 30 33 34 37 39 41 42 43 44 46 48 49 51 52 53 56 57 58 59 60 62 63 64 65 66 68 69 72 73 75 77 78 79 80 81 85 87 88 89 90 92 93 94 97 98 99 101 102 104 105 106 107 108 109 110 111 112 113 114 115 116 119 121 123 125 128 130 131 132 134 135 136 138 141 142 143 145 147 148 149 150 151 152 153 155 156 157 158 159 160 163 164 165 166 167 169 170 171 172 173 177 179 181 183 184 185 186 188 191 192 193 195 197 201 202 203 204 206 208 209 211 212 214 215 218 219 220 221 224 225 226 227 228 229 231 232 236 239 240 241 243 244 245 246 248 250 256 257 259 260 261 264 266 267 268 270 271 272 273 275 276 278 279 282 283 286 287 290 292 294 295 297 299 300 302 306 307 308 309 310 312 313 315 316 317 319 321 322 326 327 328 330 331 332 333 335 336 337 338 340 342 343 344 345 347 348 350 351 352 353 354 357 358 359 360 361 362 363 366 367 370 373 375 377 378 379 380 383 384 388 389 391 392 393 394 395 397 401 403 404 405 406 410 411 415 416 418 419 421 423 424 425 427 429 430 435 437 438 439 440 441 443 444 445 446 447 448 451 452 453 455 456 458 459 461 462 463 464 466 467 468 469 471 472 474 475 476 481 484 485 486 487 489 490 491 494 496 497 498 504 506 508 509 510 511 513 515 517 
328: 0 2 4 5 6 7 8 9 10 11 12 13 14 15 18 19 20 21 22 24 26 28 30 31 32 33 34 36 37 39 42 43 45 47 48 49 51 52 53 54 55 61 62 63 65 66 68 70 73 75 77 78 79 82 83 84 86 88 89 90 91 92 93 94 95 96 97 99 101 102 103 105 106 107 108 110 111 114 115 117 118 120 122 123 124 126 129 130 131 133 134 135 138 143 144 148 150 153 154 156 158 160 161 164 166 172 173 174 175 176 177 179 180 188 189 190 191 192 193 194 195 199 200 201 202 203 205 206 209 210 212 213 214 215 216 219 222 223 226 227 228 231 233 237 238 241 242 246 249 250 251 252 254 255 258 259 261 262 266 267 269 271 273 274 275 276 278 279 280 281 282 286 287 290 293 295 299 300 301 303 304 306 307 310 313 314 315 317 322 323 325 327 331 332 333 334 335 336 337 338 339 340 341 342 343 345 348 349 351 352 355 356 357 359 360 361 362 363 364 365 367 368 371 373 375 377 378 382 383 384 385 387 388 389 390 391 392 393 394 395 396 397 398 399 401 402 405 406 407 408 411 413 415 416 417 423 424 425 426 427 430 431 432 433 435 436 438 440 441 442 443 444 445 447 449 450 451 453 454 455 458 459 460 461 462 463 464 467 468 469 470 471 472 473 475 476 477 478 479 480 481 482 483 484 486 487 488 489 490 491 492 493 495 496 497 498 499 501 502 503 505 507 508 509 513 514 515 516 
313: 0 1 4 5 7 8 10 11 13 17 18 19 20 21 25 27 28 29 30 33 34 35 36 38 39 40 41 43 45 47 48 49 50 51 52 53 54 56 59 61 62 63 64 65 68 69 73 75 76 77 78 79 84 86 87 88 90 95 97 98 101 103 104 105 110 111 114 115 117 119 121 122 123 124 125 126 128 129 130 131 133 134 138 140 142 145 146 147 148 152 153 157 158 159 161 162 163 166 167 168 169 170 171 173 175 176 177 179 181 183 184 186 190 191 193 194 196 197 200 202 204 205 207 208 211 217 218 219 220 221 222 223 224 225 226 227 228 230 232 233 234 235 236 238 240 241 245 246 249 250 251 252 253 255 256 258 260 262 263 264 265 267 268 269 270 271 272 273 276 279 280 281 287 288 290 294 297 298 300 301 302 303 304 306 309 310 311 312 313 314 315 316 318 320 321 324 326 327 328 329 331 332 334 338 339 340 342 343 344 345 347 350 351 357 358 359 360 362 364 366 367 368 370 371 373 374 375 376 377 378 382 383 384 386 387 389 391 392 393 396 397 398 399 404 405 407 408 409 410 412 413 415 417 418 420 421 422 424 425 426 427 431 432 433 435 437 438 439 442 443 446 451 452 453 454 457 458 461 463 464 465 467 468 471 472 474 476 477 478 479 480 481 482 483 485 486 487 488 490 491 493 494 498 501 504 505 506 510 511 512 513 514 515 
324: 0 2 4 5 9 10 11 12 13 14 15 17 18 22 24 26 27 29 30 31 34 35 38 39 43 44 45 47 48 49 50 51 52 53 56 57 59 60 61 62 66 67 68 69 70 71 74 75 76 77 78 79 80 82 83 84 85 86 89 90 91 94 96 97 98 99 100 101 102 104 106 109 111 112 115 116 118 120 122 123 125 126 128 131 135 136 137 139 140 141 143 146 147 149 150 151 152 154 155 157 158 160 161 163 164 165 168 171 173 174 175 179 181 182 186 188 190 191 194 195 196 198 199 200 201 202 203 204 207 208 210 211 212 213 215 216 218 219 220 221 222 223 224 230 233 235 236 237 238 241 242 246 247 248 249 251 252 254 255 257 258 259 263 264 265 268 269 271 274 275 276 279 280 281 282 283 284 285 286 287 288 289 291 295 297 300 301 302 303 304 305 306 310 312 313 314 315 317 318 319 320 322 323 326 327 328 332 333 335 337 341 343 346 347 348 349 350 352 354 357 359 360 361 362 363 366 367 368 369 370 371 373 374 375 376 377 379 380 383 384 387 390 392 393 394 395 396 399 401 405 406 408 410 413 414 415 417 419 420 421 424 425 426 427 430 432 433 434 435 436 437 438 439 440 441 442 443 444 445 446 447 448 449 451 453 456 457 458 460 461 462 464 466 467 468 473 474 475 478 479 481 482 483 485 486 487 488 489 490 491 492 494 495 497 498 502 503 504 508 509 510 511 512 513 
322: 0 3 4 5 8 9 11 13 14 15 16 18 19 24 25 27 28 30 31 35 36 38 40 41 42 46 48 52 53 54 55 56 57 60 61 62 63 64 65 66 68 70 71 72 73 76 77 79 81 82 83 84 85 86 87 88 89 90 93 94 96 99 101 103 104 106 109 110 113 115 117 118 123 124 128 129 130 132 133 134 135 136 137 138 140 143 144 145 146 147 148 152 153 154 156 157 158 159 160 162 163 164 166 168 169 170 171 172 174 175 176 177 179 180 184 185 188 189 190 192 193 197 198 199 200 201 202 203 204 206 207 208 211 212 213 214 216 217 218 221 222 223 224 227 228 229 233 235 236 237 241 244 245 246 248 249 250 252 253 254 257 258 263 264 265 266 268 269 270 274 275 277 278 279 283 288 289 290 291 293 295 298 306 307 308 309 310 311 313 314 317 319 321 322 324 325 326 327 328 329 330 332 333 341 343 344 345 346 347 348 349 350 351 353 356 357 358 359 360 361 362 363 365 366 368 369 370 372 374 376 377 378 379 380 381 383 385 387 388 389 392 394 396 397 398 399 400 401 402 403 405 406 407 408 409 410 411 412 413 414 415 419 420 421 422 423 425 426 428 430 431 432 434 436 438 439 441 442 443 444 445 446 447 448 449 451 452 454 455 457 458 459 460 462 463 469 470 472 475 478 480 481 485 486 487 488 490 494 495 497 498 501 503 504 505 506 507 510 511 513 514 516 
306: 1 2 3 4 6 7 8 9 10 11 14 20 23 24 29 30 31 32 35 36 38 39 40 41 42 44 46 47 48 49 51 55 56 58 59 60 62 63 64 66 67 70 71 72 75 77 78 79 80 81 82 84 86 88 89 90 91 93 94 96 97 102 103 104 105 106 108 109 113 117 119 120 123 125 131 132 133 137 138 140 142 143 144 145 146 148 150 151 153 155 156 157 161 165 166 167 168 169 171 172 175 177 180 181 182 184 185 186 187 188 190 196 198 200 201 203 205 207 209 210 212 217 218 222 224 225 226 227 228 232 233 234 235 237 238 239 240 241 242 243 244 246 247 248 250 254 255 257 258 259 260 261 264 265 266 267 268 269 270 271 273 274 275 276 278 279 280 282 283 285 286 287 288 292 293 294 295 296 297 298 301 302 303 305 306 308 309 310 311 314 315 318 319 321 323 324 325 328 329 331 333 334 335 336 337 338 339 340 342 346 347 350 351 352 353 354 355 356 357 359 360 361 362 363 364 365 367 368 369 371 372 375 376 379 381 384 385 386 387 388 392 394 395 396 397 402 403 404 405 407 408 412 413 414 416 417 418 420 421 425 426 427 431 434 435 439 440 445 446 447 450 452 454 456 458 459 460 461 467 470 472 473 474 475 476 479 480 481 483 484 487 489 495 496 497 499 503 504 506 508 509 511 512 513 515 516 
302: 0 2 4 5 6 7 8 10 11 13 14 15 16 17 19 20 25 26 28 31 32 33 36 37 38 39 40 42 45 46 47 48 49 50 52 53 54 55 56 60 61 62 63 64 67 69 70 71 72 73 74 75 76 78 79 80 85 87 89 90 93 94 95 100 102 104 105 107 112 113 115 117 118 124 125 127 128 129 130 132 133 134 135 137 138 139 140 141 145 146 148 153 154 160 162 163 164 166 168 169 171 172 173 176 179 181 182 184 186 187 188 189 191 193 197 198 199 203 204 208 209 210 214 216 221 223 224 225 226 229 230 233 234 235 238 239 242 245 246 247 249 250 251 255 256 257 258 259 260 263 264 265 266 267 268 270 272 273 275 276 278 281 282 285 286 288 289 291 292 293 294 295 297 304 305 306 308 309 311 312 313 319 320 322 323 324 326 331 334 335 336 337 339 340 341 344 348 349 350 352 353 354 355 356 357 359 360 361 363 364 365 366 367 369 370 371 372 373 374 375 376 377 379 381 382 384 385 387 390 392 393 394 395 396 397 400 401 403 404 408 412 417 418 419 420 421 422 424 425 426 427 428 433 434 435 436 437 438 439 440 441 442 446 449 450 451 452 454 455 456 457 459 460 461 462 466 467 471 472 473 474 475 476 478 480 483 486 489 492 494 495 499 500 501 502 503 509 510 511 512 513 515 
328: 4 6 7 9 10 12 13 15 16 17 19 21 23 24 25 26 29 31 33 34 35 36 38 39 43 50 51 52 55 56 57 59 60 61 62 63 64 66 67 69 71 72 75 76 78 79 80 81 83 84 85 86 87 88 89 91 92 93 94 96 97 99 101 102 103 104 105 107 108 110 111 112 113 114 116 119 122 123 124 125 127 129 130 133 134 135 136 138 139 140 144 145 147 148 150 151 152 153 154 155 156 157 164 165 171 172 173 174 175 177 179 180 182 183 184 185 186 187 189 190 191 192 194 195 198 200 202 203 206 208 210 211 212 213 216 217 222 224 226 227 228 229 230 231 232 234 236 239 241 242 248 250 251 252 253 254 256 257 258 259 261 264 265 266 267 268 271 272 273 274 277 278 280 281 282 285 286 287 289 291 292 293 294 295 297 298 300 303 304 305 307 309 311 312 313 314 315 319 322 323 324 325 327 328 330 331 332 333 334 335 337 339 340 342 343 344 345 348 349 350 351 352 353 355 357 358 359 360 361 362 363 366 367 368 369 370 371 373 374 376 378 379 380 381 383 384 386 387 392 393 395 396 397 400 402 404 405 406 409 412 415 417 419 420 421 425 426 427 430 434 435 436 438 439 440 441 442 446 449 450 451 452 454 455 456 459 460 461 462 464 465 466 470 471 474 475 476 477 478 479 480 482 484 486 487 489 490 491 492 495 496 497 498 499 500 501 502 503 504 505 506 509 510 512 514 515 516 517 
296: 0 1 2 3 5 6 8 10 11 15 22 24 28 31 33 35 38 39 40 41 42 43 44 45 47 49 50 52 55 56 61 62 63 64 66 67 68 69 74 75 76 78 80 81 82 84 85 86 87 89 94 95 97 98 99 101 102 103 104 106 107 108 109 110 111 113 114 115 116 117 118 120 121 125 126 128 129 130 131 132 134 135 136 139 141 143 144 145 147 149 151 152 153 155 156 158 159 160 161 162 163 166 167 169 170 171 172 173 176 178 179 181 182 183 184 186 187 191 192 193 194 195 197 199 201 204 206 209 212 214 216 218 219 220 222 223 224 225 226 227 230 232 233 234 237 238 240 243 245 247 249 252 253 255 258 260 261 263 265 267 268 272 273 274 275 277 279 280 284 285 286 287 289 292 295 299 301 303 304 311 314 316 318 321 322 325 327 328 329 330 333 335 337 339 340 342 343 345 346 347 348 350 352 354 355 356 357 359 361 363 365 367 368 371 372 373 376 377 378 379 381 387 390 394 395 397 400 401 403 405 406 407 408 409 410 411 412 413 414 415 417 422 424 425 426 428 429 432 435 439 442 444 445 449 450 451 455 456 457 458 459 460 461 463 464 465 466 469 470 473 475 477 479 483 484 486 487 488 489 490 491 492 493 494 496 498 500 501 502 504 506 507 509 512 515 516 
293: 0 2 3 4 6 8 11 12 13 17 18 20 21 24 26 27 28 29 30 31 32 36 38 40 42 50 51 52 53 54 55 58 63 65 67 69 73 74 78 80 81 84 85 88 90 91 92 93 98 99 101 102 103 108 109 110 112 114 115 119 120 121 122 123 124 125 128 129 130 131 135 136 137 138 143 145 146 147 148 150 153 154 156 157 159 164 165 168 170 172 174 176 177 180 181 183 185 186 188 190 191 192 194 198 199 201 202 207 209 210 211 212 213 217 218 220 221 222 223 224 225 231 232 233 235 238 239 240 241 242 248 249 250 251 253 254 255 256 257 258 259 260 261 263 264 265 266 267 271 272 275 278 280 282 283 284 286 291 292 293 294 295 296 298 302 306 308 310 311 312 313 314 315 317 318 320 323 326 327 333 334 335 338 339 340 341 343 344 347 348 349 350 351 353 354 356 357 358 359 361 363 364 365 367 368 369 370 371 374 375 378 379 381 383 384 385 387 390 391 392 393 395 396 397 401 403 407 409 411 413 415 417 418 419 424 425 428 429 430 432 433 434 435 437 438 439 440 441 442 445 446 447 448 450 451 452 453 454 455 456 457 458 459 460 463 464 467 469 470 472 473 479 480 481 483 484 485 489 490 493 495 496 497 499 501 503 504 508 509 513 514 515 516 
294: 0 1 2 3 4 5 8 9 10 11 15 17 19 20 21 22 24 26 28 29 32 33 34 36 38 42 43 44 45 46 47 49 50 51 53 54 55 56 57 60 61 62 66 68 71 72 75 76 77 79 80 83 85 88 90 91 93 95 96 97 98 99 102 103 104 105 113 114 118 119 120 122 126 127 129 130 132 133 134 136 137 141 143 145 146 148 150 154 155 160 163 166 167 169 170 171 172 175 176 177 179 180 181 183 184 185 188 189 192 194 196 197 198 201 206 208 209 210 211 213 214 216 217 219 222 224 225 226 227 228 229 230 231 234 236 237 239 240 245 249 250 251 253 255 256 259 261 263 264 265 266 267 268 269 270 271 272 274 275 276 277 279 282 284 285 287 288 290 292 293 294 295 296 298 299 300 302 303 304 305 306 308 313 316 317 318 319 321 322 329 331 332 333 337 338 340 341 342 343 345 346 347 348 349 352 353 355 360 361 363 366 367 368 374 375 378 381 385 388 390 391 392 394 397 399 400 403 404 405 406 409 410 415 417 418 421 422 423 426 427 432 434 435 438 440 445 446 447 448 451 452 453 455 456 457 458 462 464 466 467 468 469 470 471 472 474 476 477 479 482 483 485 486 488 489 490 491 492 494 495 497 500 501 504 506 507 510 511 512 513 514 515 516 517 
300: 1 3 6 7 8 9 10 13 14 15 17 22 23 24 25 26 29 30 31 33 34 38 39 40 44 45 46 47 48 49 51 55 56 59 60 61 62 64 65 66 67 68 72 73 75 78 81 82 86 88 89 91 94 96 98 99 100 101 102 103 104 105 106 107 108 109 111 116 118 121 122 123 126 129 131 133 135 136 137 138 139 142 143 144 145 146 147 148 150 154 155 157 161 163 164 166 167 168 171 174 177 178 179 180 181 187 188 189 190 194 195 196 197 198 199 201 203 205 206 207 209 210 212 213 215 216 218 221 222 223 224 227 229 230 231 232 233 236 237 239 241 242 244 246 250 251 253 254 257 258 259 260 262 264 265 266 267 268 272 273 274 275 276 278 279 286 288 289 293 298 299 301 303 306 307 308 309 316 318 319 321 322 323 324 325 326 327 329 331 333 334 335 337 338 339 340 342 343 345 346 347 348 350 351 353 354 356 358 360 361 362 363 365 369 370 375 378 379 380 385 386 387 389 390 391 393 394 395 396 400 403 404 405 406 407 408 410 411 415 417 419 420 422 423 426 427 428 429 430 434 435 438 439 441 442 443 445 446 450 451 452 453 456 458 460 463 464 465 466 468 470 472 474 475 476 479 481 482 483 485 488 489 491 493 495 496 498 499 500 502 503 504 505 506 507 508 509 512 513 515 
327: 1 2 5 6 7 8 10 11 12 15 17 20 23 25 26 29 30 32 34 35 38 39 41 42 44 45 47 50 52 53 59 60 61 62 65 68 70 73 74 76 77 80 83 84 86 88 89 90 92 93 94 95 97 99 103 105 106 107 108 109 110 111 112 113 115 116 117 118 119 120 122 123 124 126 127 129 131 132 134 136 137 140 141 143 144 146 147 148 150 151 152 153 155 156 157 158 159 160 162 163 166 168 171 172 173 174 175 176 177 178 179 180 181 183 184 185 186 187 191 192 193 194 200 201 202 204 205 206 208 211 213 215 216 217 219 221 224 225 226 228 232 233 234 237 238 239 240 241 242 248 250 251 252 253 254 255 256 257 258 259 260 261 263 264 265 266 267 269 270 271 272 273 275 276 278 279 280 281 282 283 284 288 289 290 293 294 295 296 297 299 300 301 303 304 308 309 310 311 312 313 315 316 318 319 321 323 324 327 330 331 332 333 334 336 337 339 340 342 343 344 345 346 348 349 350 352 353 354 355 357 358 359 360 361 362 363 364 365 367 370 373 374 376 377 378 379 381 382 383 384 387 388 389 390 391 394 395 397 400 404 405 406 407 408 411 412 414 416 417 418 422 423 424 426 432 435 436 438 439 440 442 443 447 448 449 450 451 452 453 454 455 456 457 458 460 463 464 465 466 467 472 473 474 475 477 479 480 483 485 486 489 491 492 493 494 496 500 501 502 503 504 507 508 510 511 512 516 
312: 1 2 3 4 5 11 12 13 14 15 19 21 22 23 26 28 29 30 32 33 35 36 38 39 41 42 43 45 46 47 48 50 51 52 54 55 56 57 59 60 61 62 63 64 65 66 67 68 71 72 73 74 75 76 77 78 80 81 82 83 85 86 87 88 89 92 95 96 97 100 101 102 103 110 111 115 116 117 120 122 123 125 126 128 129 130 132 134 135 136 138 139 141 143 144 145 147 149 151 152 154 156 158 159 160 162 163 164 165 167 169 172 173 175 177 178 179 181 182 183 184 185 186 187 189 191 192 193 195 198 199 200 201 208 209 210 211 212 214 215 217 219 220 222 223 225 228 229 231 232 234 236 237 238 240 248 249 250 251 252 253 255 256 258 259 261 262 263 264 265 267 268 270 271 272 274 276 277 278 280 281 284 285 286 288 290 292 293 294 296 299 300 303 304 305 306 307 309 310 311 313 314 315 316 318 319 320 322 324 325 326 327 330 331 333 334 335 338 341 345 347 348 350 351 353 354 355 358 361 362 364 365 366 370 371 372 375 377 378 379 380 382 383 384 385 387 388 391 393 395 402 403 404 405 406 407 408 410 412 413 415 417 418 419 420 421 422 423 426 428 430 432 436 445 446 447 449 450 451 452 453 456 459 460 462 463 468 471 473 474 475 476 481 482 484 485 486 489 490 491 494 496 498 499 502 503 506 507 508 510 514 517 
300: 0 3 4 6 7 8 9 10 11 15 18 24 26 28 29 32 33 34 38 40 43 47 48 50 52 53 54 57 62 63 64 65 66 67 69 70 72 73 74 75 76 78 80 81 84 85 86 88 90 91 92 94 97 98 102 106 107 108 110 113 114 117 118 119 121 124 126 127 129 130 131 132 134 135 140 141 144 145 147 148 149 151 152 155 158 159 162 164 166 167 168 169 170 173 174 175 177 178 179 183 184 186 187 188 191 192 193 194 195 196 197 203 206 209 210 211 212 217 218 219 221 222 223 224 227 228 229 230 231 232 234 235 236 237 239 242 243 245 246 247 249 251 253 254 256 258 259 260 262 263 265 266 267 268 269 270 274 277 278 280 281 282 285 288 289 290 291 292 295 297 298 299 300 302 303 304 305 306 308 309 310 311 312 313 314 315 317 320 321 325 326 327 328 330 332 333 334 335 336 338 339 340 341 342 343 347 348 349 351 352 353 354 356 358 360 363 366 369 371 375 376 377 378 380 384 385 387 388 389 392 398 400 401 402 404 405 406 407 408 409 410 411 412 414 415 417 420 422 423 424 426 429 430 431 433 434 435 437 439 441 443 445 446 447 452 453 454 456 457 460 461 462 463 466 467 471 472 474 476 479 480 481 482 483 484 485 488 491 492 497 499 500 501 502 503 508 509 514 515 517 
317: 0 5 7 8 9 13 14 15 16 21 22 24 25 29 30 31 34 35 38 40 41 42 43 45 48 49 50 51 52 53 56 57 60 61 66 67 68 69 70 72 74 75 76 79 81 84 85 87 88 93 94 95 99 100 104 105 109 111 112 113 116 118 119 120 121 123 124 128 129 130 131 134 135 137 138 139 141 142 143 146 147 149 150 151 153 156 158 160 162 163 166 167 170 171 172 174 175 179 180 182 183 186 187 188 190 193 195 196 199 200 201 202 206 207 208 209 212 213 215 216 218 219 221 222 223 224 226 229 234 236 237 238 239 243 244 246 247 248 249 251 252 253 257 258 264 265 267 270 271 272 273 274 275 276 280 283 284 285 286 287 292 293 294 295 296 297 298 299 300 301 302 303 305 308 309 310 312 314 315 316 317 318 319 321 322 324 325 326 327 330 331 332 334 336 337 338 339 340 342 344 345 346 347 349 354 355 356 357 359 360 361 362 363 364 365 368 369 371 372 373 374 375 376 377 380 381 382 383 384 385 386 387 388 390 391 392 394 395 396 398 399 400 401 402 403 406 407 409 411 412 414 415 418 419 421 422 424 425 426 427 431 432 434 435 436 438 439 440 441 442 443 444 445 446 448 451 452 453 454 458 459 462 463 464 466 467 468 471 472 475 476 477 478 479 482 483 484 485 486 487 489 490 495 496 498 499 501 505 507 508 509 510 512 514 515 516 517 
Days = 7
Shift constraints
2 6
2 5
1 6
0 7
1 6
3 4
true
true
Forbidden sequences = 2
3 1 
2 3 

