# Randomly generated data for the integrated task scheduling and personnel rostering problem, skilling=0,300 and tightness=0,599 seed=5040
Tasks = 682
759 837 6
490 572 4
590 720 1
601 689 5
649 699 2
763 896 4
949 1036 4
652 752 5
778 860 2
754 885 0
759 794 0
622 712 0
597 733 5
769 837 4
768 860 1
480 615 5
754 851 4
590 693 5
508 587 1
480 616 1
597 676 3
762 829 2
750 863 6
586 685 0
626 755 5
715 808 4
861 997 1
596 683 2
637 680 5
482 597 0
843 895 0
484 522 4
619 706 3
480 586 3
771 826 4
483 579 1
614 665 5
541 583 0
585 690 1
843 940 2
609 678 3
585 702 0
587 644 3
756 867 2
702 825 0
645 709 3
767 816 4
664 764 6
601 688 6
690 735 1
885 1009 2
535 602 2
605 737 0
588 646 6
585 653 6
853 923 4
610 641 5
774 842 4
924 1006 4
683 741 6
482 549 2
484 569 2
614 704 6
514 608 2
699 788 5
489 596 5
629 709 4
507 579 5
678 771 3
723 791 1
666 740 3
634 708 0
648 731 6
807 883 5
500 558 6
738 847 0
587 668 1
648 695 5
852 948 6
750 787 2
480 566 1
629 730 5
598 729 5
750 878 3
757 870 4
518 609 5
653 751 6
562 640 2
598 710 0
610 689 1
606 680 5
750 820 3
591 681 0
718 770 5
632 686 5
795 861 1
587 680 3
979 1064 2
797 866 0
751 825 6
500 576 3
751 827 1
497 591 3
571 691 3
693 800 0
498 605 6
481 549 4
840 971 1
736 841 1
601 719 1
619 706 4
715 801 0
498 614 2
702 759 1
512 623 3
758 809 1
780 923 4
752 885 0
702 767 6
856 989 5
741 827 5
586 702 4
619 686 5
980 1068 1
592 654 4
820 913 3
913 995 3
655 770 1
499 558 0
752 806 6
683 806 6
666 784 4
630 753 3
751 806 6
585 698 3
590 644 3
899 1020 0
1033 1159 0
589 694 2
610 653 0
585 698 5
660 740 5
851 939 6
485 573 0
761 838 3
485 558 2
496 533 2
750 857 2
607 707 6
482 569 5
731 869 6
757 810 6
913 1035 0
995 1073 3
617 686 5
586 713 2
580 655 1
781 863 6
768 822 5
1134 1182 4
641 706 4
1057 1117 0
883 993 6
668 726 1
573 656 2
604 704 3
818 863 5
711 744 6
574 660 3
861 909 1
649 732 3
696 777 5
803 904 6
875 934 6
750 840 2
775 876 6
557 642 1
752 863 5
543 611 2
792 887 1
690 791 1
674 771 3
1053 1136 3
837 944 0
574 706 3
637 754 0
763 855 4
826 929 6
751 842 0
745 781 6
904 960 4
852 902 0
808 875 0
480 572 0
698 810 2
656 717 1
597 670 1
618 720 3
935 1033 6
1007 1078 4
713 822 3
755 867 1
667 747 3
578 703 1
711 797 3
752 840 3
833 901 4
749 810 0
910 963 1
883 961 6
829 939 5
560 703 6
590 730 4
811 859 6
690 770 3
907 1025 5
783 847 6
586 653 6
835 962 1
499 564 4
1021 1067 0
605 701 0
975 1066 1
611 695 0
706 747 5
669 753 5
599 699 4
696 760 2
773 842 5
904 958 4
482 518 6
791 901 1
575 628 2
796 905 6
844 965 4
581 668 0
881 991 3
710 825 1
858 959 2
659 748 2
643 725 2
950 1023 5
778 810 2
836 902 5
675 731 5
574 646 5
1014 1076 2
753 846 2
771 875 5
962 1031 2
850 922 6
750 851 0
793 881 4
753 807 2
846 876 2
653 738 6
622 722 1
605 647 2
578 703 6
908 965 0
631 699 3
883 948 5
601 672 3
809 935 6
1069 1184 0
757 834 5
679 771 0
703 825 0
1007 1115 4
585 660 1
721 824 0
1082 1171 1
931 1020 1
971 1030 1
566 638 2
742 817 5
999 1067 1
591 670 1
806 860 6
1073 1137 3
725 831 2
935 984 3
740 852 3
491 575 5
967 1028 0
1081 1131 4
727 788 1
491 570 3
826 899 0
1014 1051 5
764 847 6
590 661 1
788 873 1
963 1058 1
776 844 2
876 956 0
891 983 1
589 679 2
701 784 3
577 651 0
678 751 2
845 927 1
998 1057 5
550 641 4
581 644 3
685 760 2
691 796 5
849 923 3
841 928 1
1033 1148 2
813 924 6
730 795 4
651 759 5
804 902 5
899 949 0
638 727 2
696 745 3
619 741 2
923 977 6
725 796 4
703 815 3
1114 1215 2
820 876 5
646 737 3
988 1059 4
898 975 2
852 974 0
671 734 1
928 978 1
678 799 3
862 962 6
951 1030 5
664 740 2
593 696 6
877 944 5
585 681 4
920 981 2
768 879 3
758 822 6
925 1030 6
754 871 2
728 802 6
720 792 1
934 1013 5
794 871 3
734 824 3
504 599 5
1137 1230 3
622 710 5
748 809 5
906 1025 4
733 849 4
740 844 6
836 876 4
711 817 4
782 848 2
588 721 2
764 818 3
759 822 0
808 844 2
953 1022 0
585 655 4
802 893 1
848 912 3
876 965 4
953 1016 6
534 609 4
704 768 6
778 865 2
877 981 6
653 750 0
824 897 3
898 977 2
1030 1114 6
728 841 0
942 1028 5
979 1084 4
871 975 0
672 768 1
845 963 6
915 963 5
740 854 3
785 817 2
975 1018 0
833 900 0
699 771 5
806 886 3
857 978 2
591 715 6
720 834 1
881 978 6
1076 1145 1
1088 1148 1
920 979 3
749 807 5
662 756 1
535 646 0
769 830 1
614 691 1
757 820 1
992 1095 1
648 723 3
851 978 2
873 933 1
597 672 1
848 948 2
645 729 4
1089 1143 5
1023 1061 0
772 833 1
821 914 1
999 1040 2
999 1045 6
760 846 0
701 793 1
1125 1203 1
1018 1102 6
887 919 3
1027 1057 4
827 956 3
810 912 5
916 1031 5
974 1046 0
833 909 3
852 957 0
888 958 3
624 737 4
825 904 2
842 959 1
880 960 0
903 978 0
717 791 6
796 877 0
1046 1149 0
693 820 2
635 740 2
916 975 4
650 716 0
665 740 1
742 865 2
994 1086 3
893 956 3
1124 1189 6
898 974 2
1087 1158 3
772 887 5
869 934 2
828 886 4
1071 1172 4
931 1027 4
886 978 4
874 943 6
879 954 1
821 948 5
964 1026 6
731 847 4
963 1022 6
1099 1193 5
810 879 5
721 825 6
752 879 0
1022 1084 2
934 1032 1
915 967 1
687 767 2
800 891 3
650 701 2
992 1089 2
775 901 5
913 1004 2
819 918 5
808 922 6
964 1028 6
794 906 1
890 977 5
754 818 1
980 1031 4
577 712 3
1188 1224 0
795 864 0
934 992 0
836 920 1
739 843 0
616 704 2
1135 1213 4
888 941 6
1047 1138 6
932 974 6
936 1032 5
883 970 3
944 1032 5
1149 1204 1
1006 1088 4
950 1033 0
872 937 3
835 895 3
1063 1114 0
711 790 4
786 849 3
939 1021 3
853 934 3
749 855 3
819 946 2
1039 1133 6
929 979 1
726 870 3
890 1002 2
936 1033 3
897 973 5
741 784 1
818 895 4
850 941 5
836 904 1
653 726 3
827 934 3
1106 1165 2
610 703 2
892 979 0
575 688 6
1122 1223 0
917 1021 4
760 825 2
764 870 2
888 970 0
795 878 4
1014 1077 4
715 837 4
759 829 2
680 777 2
841 911 3
978 1031 6
923 980 5
949 1005 3
866 978 2
792 910 2
897 1011 3
900 1009 2
700 775 3
844 972 0
787 860 2
854 950 5
1086 1228 0
981 1022 6
895 969 5
784 846 1
635 695 6
797 852 4
819 871 1
946 1018 2
877 1013 1
682 785 0
801 927 6
1133 1224 6
1092 1179 4
1150 1229 0
831 939 2
831 893 2
842 909 1
886 962 4
1139 1229 6
748 841 3
1124 1199 6
914 976 3
1119 1174 0
964 1070 3
922 964 3
822 929 4
784 858 4
957 1011 2
811 865 5
817 932 2
920 1015 1
1158 1228 3
811 934 3
696 751 1
888 1003 4
1113 1196 2
819 908 6
951 1016 6
1015 1098 0
896 1004 0
894 1017 2
1111 1161 2
918 959 3
1070 1137 1
919 1006 3
813 916 5
1035 1135 1
826 918 3
1135 1209 4
932 999 5
985 1085 5
1019 1118 1
799 901 4
929 1018 1
1135 1228 4
710 775 6
1005 1112 3
930 987 6
901 1026 4
1121 1222 3
741 822 1
988 1033 6
538 613 4
720 773 5
1136 1168 1
778 879 5
814 891 2
1013 1071 6
851 949 1
784 845 4
914 974 6
959 1037 4
774 871 4
847 979 4
935 989 4
873 956 3
1011 1075 6
738 802 5
1081 1173 4
906 975 3
863 928 2
1040 1131 6
1190 1229 6
1083 1142 4
1175 1228 0
1076 1181 6
822 878 2
741 871 5
970 1034 1
684 792 5
972 1024 3
920 977 5
863 991 5
1092 1169 6
906 978 1
862 965 0
848 917 1
993 1057 5
848 928 0
926 978 4
1036 1109 2
1137 1203 2
1057 1177 5
841 926 6
1108 1210 5
857 975 4
1078 1201 2
928 977 1
800 943 4
773 862 6
852 969 6
833 937 2
1003 1087 2
900 960 0
861 942 4
817 917 0
938 1024 2
1137 1224 1
971 1023 1
882 967 5
650 706 4
919 1004 1
840 958 6
907 986 5
929 978 6
853 919 4
987 1032 5
1151 1229 4
904 952 4
862 947 5
1178 1223 6
900 979 3
730 804 2
1161 1197 1
1177 1229 5
859 971 1
922 979 0
1148 1229 2
1024 1101 1
978 1034 1
730 846 4
Shifts = 4
0 0 0 0 0 0
480 0 0 500 0 0
585 0 0 450 0 0
750 0 0 480 0 0
Employees = 40
206: 0 5 6 8 10 11 32 33 40 43 47 57 58 64 67 91 92 93 94 95 106 107 109 111 113 114 119 121 125 126 138 140 142 150 153 159 166 169 170 172 174 187 188 191 194 195 200 203 204 207 210 212 213 216 217 218 219 221 224 230 234 235 237 241 242 243 246 248 249 252 253 254 256 257 260 264 266 274 279 285 294 303 307 308 311 312 314 316 317 319 322 324 326 333 340 344 346 347 348 349 350 356 357 360 361 363 366 374 381 383 385 387 389 396 399 400 403 405 408 412 413 416 420 421 424 433 434 440 442 454 456 459 460 462 470 475 481 484 485 489 499 501 503 508 510 511 517 518 521 523 525 526 527 529 531 532 534 535 537 539 540 541 544 558 559 564 566 568 572 573 579 581 583 586 588 600 601 602 604 607 612 613 615 616 618 621 623 624 625 626 629 630 632 639 641 642 643 644 646 653 656 658 659 666 676 679 
220: 0 2 3 9 10 11 18 19 22 23 26 28 29 37 38 41 44 46 48 49 69 71 76 77 78 79 81 86 89 92 99 101 102 103 106 107 108 111 112 114 117 119 122 126 127 138 140 145 147 152 155 156 158 162 164 169 171 175 177 178 179 182 184 201 205 209 211 216 217 220 224 227 228 229 230 231 232 233 237 238 243 249 250 253 255 256 257 258 264 265 266 272 281 282 285 286 288 299 300 308 309 313 319 322 327 333 343 345 348 350 351 355 356 358 363 364 365 369 370 371 374 377 380 385 386 395 399 404 410 414 419 421 422 423 429 431 432 444 447 454 455 456 458 462 464 465 470 473 476 480 485 486 487 488 492 497 500 503 508 511 513 515 519 522 523 526 530 532 533 537 545 546 547 550 552 554 555 556 559 560 564 567 568 570 572 579 580 582 584 585 598 599 602 605 608 610 612 615 619 620 622 627 630 631 638 645 647 649 651 654 655 658 660 662 663 665 671 674 678 680 
220: 2 3 18 20 27 28 29 31 35 37 38 40 45 46 48 50 51 54 60 63 65 68 71 76 77 82 84 88 91 97 100 108 111 112 113 114 115 118 121 126 127 129 131 132 133 140 142 147 152 156 159 162 163 167 168 169 172 173 174 175 178 179 182 185 187 189 190 191 192 194 196 199 208 211 214 216 218 219 221 222 225 226 236 245 251 252 253 257 261 270 272 281 285 286 287 288 289 290 292 293 295 296 302 303 316 317 319 320 321 322 327 330 333 340 345 346 347 349 363 367 368 372 375 377 379 386 390 391 394 396 397 401 402 403 405 411 414 417 422 423 437 438 442 443 445 448 449 452 454 456 457 461 462 465 466 467 472 474 477 488 489 495 501 503 504 505 508 509 520 522 527 530 531 534 540 544 547 553 554 561 564 573 577 578 582 585 587 592 595 600 601 602 604 616 619 627 629 630 632 633 635 638 639 642 646 647 649 651 652 653 654 655 659 660 665 668 670 671 676 677 
196: 0 7 8 9 15 16 17 21 24 35 38 45 55 58 61 62 64 70 73 77 80 90 99 100 101 105 110 111 113 116 120 128 133 134 139 140 142 143 145 149 151 154 160 168 170 173 175 183 185 190 195 197 199 202 205 212 214 222 224 225 227 228 230 232 236 244 248 251 252 269 271 272 273 277 281 282 285 288 291 292 294 296 297 300 321 324 333 337 338 341 347 351 357 359 361 362 364 368 371 373 374 376 377 380 385 386 389 390 392 393 394 395 399 402 405 406 407 410 411 412 413 414 423 425 434 437 442 445 453 456 463 464 465 474 480 483 485 486 488 490 496 501 502 508 514 515 520 523 529 531 533 535 537 539 541 543 546 547 553 555 565 572 573 577 578 580 581 585 590 595 604 606 608 612 613 617 620 630 635 636 639 643 649 650 652 663 666 667 668 669 671 672 674 675 679 680 
207: 6 7 12 15 18 19 21 23 24 27 29 32 35 37 39 41 44 50 52 59 60 61 63 64 74 75 80 83 89 91 92 95 98 99 102 105 110 114 119 120 121 122 123 124 127 128 129 130 139 151 153 154 158 159 164 166 168 169 171 179 187 188 189 191 203 208 213 225 226 230 231 232 234 239 246 252 254 258 264 272 278 279 288 289 292 293 295 296 298 301 312 313 315 325 326 328 330 332 333 336 337 338 345 351 354 356 357 361 362 363 365 370 371 374 376 377 380 400 402 403 405 410 413 419 422 428 432 433 436 440 441 446 450 454 455 456 457 459 462 464 468 471 472 475 477 478 480 482 485 488 492 493 495 501 502 503 507 511 512 513 516 518 528 533 540 545 547 552 558 564 566 568 578 583 584 585 590 591 592 594 600 603 606 610 612 616 617 618 624 625 629 631 639 641 646 649 653 660 661 671 672 674 675 677 678 679 680 
208: 4 6 8 18 19 23 27 30 36 37 41 44 47 49 51 53 54 56 57 58 60 61 62 67 71 72 75 78 81 83 84 86 90 93 95 99 106 109 113 114 115 116 117 119 121 126 129 134 139 140 143 148 150 151 152 156 157 161 164 165 169 173 174 175 176 179 180 182 187 188 192 195 198 200 202 203 205 206 207 208 209 211 213 218 219 224 231 232 234 236 238 241 245 251 258 263 273 274 277 279 281 284 285 287 296 297 298 307 312 314 320 322 325 326 327 328 342 344 345 354 356 359 364 367 368 373 379 385 386 388 394 395 398 399 401 402 403 404 413 418 421 422 424 430 431 433 434 437 439 440 447 449 453 461 462 473 474 475 480 483 485 490 493 498 499 505 506 519 523 525 534 536 543 544 546 549 550 554 559 560 561 568 569 572 577 582 587 596 598 601 604 606 607 613 617 618 619 626 633 637 638 639 648 649 659 666 674 678 
204: 3 4 9 15 20 21 22 23 25 27 29 30 34 35 36 43 50 52 53 55 67 69 71 82 84 86 88 94 95 99 105 109 110 114 116 118 123 127 128 129 130 131 132 133 143 144 148 151 152 154 155 160 162 164 167 176 180 182 187 195 196 207 211 213 214 218 220 221 222 228 233 235 243 247 248 251 252 254 255 259 261 263 267 268 271 274 276 277 280 282 283 288 295 301 302 307 309 310 315 316 331 332 333 340 342 343 346 348 352 353 355 357 360 363 364 369 379 382 383 384 388 390 393 395 403 406 409 411 413 416 418 420 421 423 427 429 430 434 439 440 442 446 449 458 460 462 464 466 468 469 470 475 477 478 479 481 488 491 492 495 500 502 508 511 514 518 524 529 531 535 536 537 538 550 551 554 564 565 572 574 575 576 578 582 596 606 611 612 621 624 634 636 640 647 649 655 658 659 660 661 663 671 674 676 
213: 0 3 4 6 10 15 17 18 20 25 34 36 39 43 44 47 57 58 59 62 69 71 74 79 82 89 94 97 99 101 107 108 110 114 115 118 123 124 125 129 137 139 144 145 152 153 164 171 174 176 177 180 183 184 185 188 189 190 194 206 208 210 218 223 224 239 240 243 244 245 248 252 256 258 263 268 272 273 274 275 277 278 281 290 291 293 306 307 313 314 316 317 320 323 326 329 331 332 334 335 336 342 343 346 349 350 352 354 364 365 369 377 379 380 381 385 388 390 392 393 398 400 403 406 418 419 424 426 427 433 434 436 441 444 447 456 464 468 469 470 471 472 477 480 482 483 489 490 491 502 504 512 522 525 526 533 539 543 545 550 553 554 556 559 561 563 564 565 567 568 569 571 572 574 577 580 584 585 586 589 596 600 609 610 611 612 615 625 627 628 632 633 634 635 637 638 640 643 645 647 649 650 651 654 657 659 660 664 669 675 676 678 680 
208: 3 4 8 9 11 13 19 20 21 23 27 30 34 36 38 45 46 53 57 58 61 64 65 71 72 73 74 76 100 103 104 107 109 114 121 124 128 134 143 146 149 151 161 164 165 166 167 170 172 176 177 181 182 186 189 191 194 198 205 212 216 220 222 225 227 232 243 247 249 250 251 253 256 259 265 266 268 273 275 276 280 281 287 289 293 295 296 299 302 304 305 315 317 320 321 331 333 340 341 342 344 345 346 348 350 354 355 356 369 372 376 381 382 384 386 392 394 396 398 400 402 405 406 412 419 421 424 430 436 440 441 443 448 451 452 456 458 459 460 466 467 468 469 478 480 481 482 486 488 489 494 498 500 505 507 510 511 514 516 525 527 530 531 534 535 536 539 540 550 551 553 554 555 556 557 559 560 563 567 568 574 577 586 587 596 603 607 608 609 610 612 613 614 618 619 625 627 628 629 632 633 636 644 647 653 669 673 679 
189: 5 6 7 9 10 15 18 25 32 34 36 38 39 40 49 52 53 57 59 60 62 63 69 70 73 75 79 81 82 85 89 90 99 100 107 108 110 113 116 119 120 124 125 130 133 140 142 149 157 158 161 167 177 179 182 183 185 186 191 194 196 199 200 203 211 217 219 223 224 228 233 234 235 236 239 241 243 246 247 249 253 259 266 272 273 278 280 286 287 295 301 304 305 310 312 317 323 332 338 339 340 346 350 355 362 364 368 373 377 381 384 389 390 396 397 400 407 410 411 413 415 418 429 431 438 441 442 450 451 452 455 457 459 462 464 465 471 476 480 486 487 491 498 500 507 508 509 511 514 515 516 520 528 540 541 548 549 550 558 568 570 583 584 585 587 589 592 593 594 597 598 603 605 607 612 616 623 625 628 636 640 656 664 665 672 675 676 677 680 
216: 1 5 6 9 11 13 24 27 29 41 43 44 51 55 66 68 69 74 78 80 82 83 84 86 87 90 91 94 96 97 101 103 109 110 111 114 116 117 126 133 134 139 140 142 143 149 153 157 168 175 176 177 179 181 184 188 189 190 192 193 203 208 209 212 213 216 218 219 225 228 229 236 237 240 241 242 243 245 247 248 251 254 260 261 262 263 271 274 275 277 278 285 287 288 291 293 296 301 303 304 305 307 314 319 333 335 336 338 340 343 346 355 358 359 364 366 367 369 371 383 387 389 391 393 394 397 399 404 405 406 411 412 413 420 424 426 431 435 437 438 440 441 444 445 446 452 455 460 464 465 467 474 475 477 479 480 482 484 486 493 499 500 502 504 506 507 524 527 531 535 536 540 542 545 547 549 550 551 553 557 570 572 574 581 583 584 586 595 597 602 604 605 608 610 611 613 616 617 622 627 631 635 640 642 647 650 653 659 662 664 666 667 669 678 680 681 
212: 2 3 6 7 8 11 12 13 24 25 28 39 41 44 45 48 51 52 53 54 56 59 64 68 69 70 71 73 74 75 78 87 88 93 94 95 104 110 111 112 114 115 118 122 127 129 141 146 151 157 158 159 163 165 169 178 179 180 185 195 202 208 211 213 216 217 218 223 225 228 230 232 235 239 247 255 260 262 272 273 276 278 282 283 284 285 286 289 295 298 299 302 303 305 308 311 312 314 317 322 324 325 327 329 330 335 336 339 344 350 351 355 359 361 362 363 369 370 373 377 379 382 384 389 395 396 401 404 408 415 419 422 424 431 439 444 447 451 453 455 456 458 461 463 468 471 473 474 476 480 484 485 486 487 489 492 501 502 504 510 513 518 519 520 523 525 526 533 540 544 545 546 549 552 553 555 558 559 560 561 563 564 567 568 572 577 578 582 583 584 592 598 599 610 615 618 620 624 625 627 632 634 635 636 643 645 657 662 664 665 667 669 
212: 1 5 9 15 16 20 21 22 27 29 31 34 36 37 39 40 43 44 48 54 64 66 71 86 92 96 97 99 101 108 109 114 115 116 117 121 123 124 126 134 135 139 146 148 149 150 157 159 161 162 164 165 166 167 168 172 173 176 178 180 182 192 195 196 200 213 214 220 223 224 229 231 232 233 234 235 239 244 245 248 250 251 254 260 261 265 266 269 272 276 277 278 280 283 288 294 298 305 309 310 312 313 318 321 330 333 334 346 347 348 352 354 356 358 359 362 365 370 374 377 379 380 384 386 391 392 398 400 401 402 403 404 410 412 417 418 422 424 426 429 432 438 441 443 444 447 449 450 455 458 459 460 462 463 464 480 483 485 486 491 492 498 499 500 505 507 508 511 514 515 520 521 533 537 545 550 554 555 557 559 561 562 566 567 569 570 571 574 577 592 597 604 607 608 617 619 621 624 631 632 634 635 646 647 648 655 656 658 669 674 678 679 
202: 3 4 7 17 21 30 31 34 36 43 45 50 54 55 61 65 66 71 74 76 77 78 81 83 86 90 92 95 100 102 104 105 106 107 110 113 117 119 124 125 126 134 136 137 138 149 165 168 171 175 182 183 185 189 190 193 194 199 201 203 208 212 218 220 222 223 224 227 229 232 240 241 242 244 245 258 262 263 266 271 279 280 288 291 295 296 298 300 309 311 313 316 318 320 322 323 325 326 330 331 334 338 339 343 344 350 357 360 367 368 371 374 375 377 378 379 380 381 385 386 389 395 399 403 406 412 414 415 427 434 446 450 453 458 463 465 467 474 476 482 483 486 491 495 497 502 505 508 511 512 513 515 516 517 518 519 521 522 527 529 548 560 561 564 569 572 573 574 577 578 580 582 583 584 588 589 593 594 599 602 610 613 614 615 616 623 625 627 633 634 636 642 647 657 658 662 663 664 671 676 679 680 
187: 3 5 6 11 12 15 18 23 33 36 42 44 49 50 54 55 62 63 68 71 77 80 86 89 91 92 94 101 104 105 110 122 124 125 127 128 130 139 140 142 145 148 152 166 174 176 183 187 195 199 201 207 210 211 212 216 218 219 220 223 224 229 231 233 234 241 245 248 251 254 255 257 258 259 261 262 266 272 273 274 276 287 291 296 300 301 304 312 317 318 321 322 327 328 339 340 341 343 352 354 355 356 357 358 360 361 363 364 365 374 378 383 395 396 400 403 405 409 412 420 423 426 430 434 438 439 440 441 450 451 453 456 458 463 469 471 477 478 485 488 491 495 499 509 511 516 523 526 530 532 533 541 548 549 553 557 558 559 562 569 577 578 581 585 586 587 588 591 593 597 600 603 604 605 606 607 615 624 627 633 645 647 651 660 664 675 680 
207: 4 5 16 17 25 28 31 37 39 41 42 46 53 54 56 58 61 64 66 76 83 87 91 93 94 101 105 111 113 121 124 128 131 136 140 143 145 150 158 161 164 165 167 169 171 177 184 185 186 189 190 193 196 205 212 215 216 218 221 225 227 228 231 234 238 241 243 247 250 254 255 259 261 264 268 272 278 281 282 287 293 297 300 303 305 306 310 312 319 320 321 333 338 343 344 350 361 363 364 365 366 368 373 374 376 383 388 389 390 395 396 397 401 402 404 409 410 411 413 417 423 424 426 429 434 435 437 440 444 447 449 450 454 455 461 462 467 470 474 482 489 498 500 502 504 505 507 508 513 514 516 518 523 527 531 532 533 534 535 537 541 543 544 548 554 556 561 566 568 570 571 572 573 576 577 581 584 585 586 588 589 603 604 605 606 611 617 622 626 627 629 630 631 635 636 642 643 648 649 650 653 657 658 663 667 668 679 
223: 0 6 8 9 12 17 21 24 27 30 33 35 38 40 43 49 55 56 66 69 73 74 75 79 85 87 90 96 97 99 101 105 107 111 113 124 125 132 136 137 138 139 141 142 144 148 157 158 160 161 165 166 185 186 188 189 192 194 195 201 204 205 206 207 211 212 214 216 222 223 235 236 238 239 240 244 251 257 262 263 264 267 270 271 274 276 277 281 287 289 291 301 302 303 304 307 310 311 312 318 324 327 331 335 336 341 347 348 349 351 352 356 360 361 366 367 382 385 387 389 393 394 395 398 399 402 403 405 408 409 410 420 422 423 427 433 437 438 443 445 449 451 452 454 455 457 458 463 467 468 474 477 478 482 486 490 498 499 503 507 514 519 526 528 530 531 532 534 542 545 547 549 551 553 558 560 562 563 564 565 569 570 571 573 574 575 576 580 586 587 589 595 597 599 601 608 612 615 616 621 623 624 625 629 631 633 634 635 638 640 641 648 649 653 654 657 659 661 670 672 674 675 680 
209: 1 2 6 7 8 13 21 22 23 24 27 28 39 43 45 50 51 55 57 61 62 69 75 76 77 85 90 91 93 94 100 102 112 115 117 122 123 125 130 133 134 136 137 140 145 151 155 157 166 168 169 171 172 173 176 182 188 189 205 212 213 215 216 220 222 228 231 232 236 241 245 246 249 252 259 260 262 264 268 269 272 276 279 281 284 292 296 297 300 305 313 314 319 325 329 335 337 342 344 352 357 360 368 369 370 371 373 379 383 390 396 398 402 403 415 421 422 426 432 435 436 438 445 446 448 449 457 461 465 469 470 475 476 477 478 479 480 481 482 487 490 491 493 495 496 500 503 505 507 508 515 516 517 519 527 529 530 531 534 537 538 539 540 541 542 544 545 547 549 555 559 560 563 568 571 574 576 578 579 581 582 586 589 594 598 604 606 611 612 618 621 624 625 626 629 632 633 638 639 643 644 647 648 652 656 661 664 668 679 
204: 3 4 6 7 10 11 12 20 25 26 31 32 37 38 40 42 46 48 49 52 55 57 60 62 64 70 73 75 77 79 81 82 86 90 92 104 109 110 112 113 114 117 127 128 131 134 138 144 146 147 149 151 152 155 158 159 160 163 165 167 172 173 176 188 190 200 201 202 203 207 211 213 214 216 224 230 232 242 251 255 258 262 266 272 274 280 282 285 287 292 300 301 303 304 306 312 317 324 326 327 328 329 331 333 334 339 341 343 345 347 351 352 356 358 360 367 368 374 377 378 380 387 390 396 403 404 406 415 421 424 425 433 439 442 443 448 460 461 462 464 465 466 467 471 475 477 479 483 484 485 490 492 493 495 500 501 502 503 506 507 513 514 518 522 532 534 535 537 540 543 545 548 552 555 556 568 573 574 575 577 579 595 599 601 603 604 605 613 615 618 619 630 631 633 638 639 641 645 651 652 659 666 670 677 
211: 0 1 6 7 10 13 15 16 22 23 25 29 32 44 45 46 47 54 57 63 67 69 72 73 75 78 81 82 85 86 87 91 96 100 101 103 104 107 109 110 112 114 116 121 126 127 129 135 138 142 145 146 152 162 164 167 170 171 175 177 178 182 183 184 194 204 206 207 208 209 210 211 214 219 220 222 224 225 227 233 235 240 242 246 247 254 255 257 262 267 268 270 275 277 282 288 289 294 304 306 307 311 312 324 325 326 327 329 332 334 347 348 350 358 359 372 373 374 375 378 380 381 382 389 398 404 408 411 416 424 425 431 433 434 438 445 447 450 452 454 457 458 478 480 481 482 485 487 489 494 496 497 501 502 503 510 511 518 520 521 524 527 529 531 536 539 540 544 545 547 551 553 559 562 563 568 570 571 576 579 582 586 589 600 601 607 609 615 616 617 621 624 626 627 631 634 642 644 646 647 649 651 655 656 662 664 666 672 675 680 681 
191: 6 7 10 14 15 16 19 20 21 28 30 36 50 55 56 60 61 62 67 68 69 71 75 78 81 83 93 95 96 97 107 109 111 120 122 126 131 138 140 143 145 146 158 160 164 171 175 184 196 198 199 200 201 207 212 213 214 218 219 221 222 225 226 228 230 237 239 244 245 253 254 257 260 272 273 274 275 282 284 288 296 302 310 314 315 318 319 320 321 324 325 326 330 331 334 336 344 346 351 359 361 367 372 375 380 382 385 387 388 390 392 395 402 403 405 407 409 415 417 419 422 425 426 428 429 431 437 441 442 444 451 453 458 477 479 481 483 491 492 494 495 498 499 506 508 513 516 518 522 523 527 529 530 543 544 548 551 557 559 560 564 567 572 574 575 580 583 586 587 589 592 594 596 600 601 611 619 622 625 638 639 647 649 650 652 660 665 667 674 678 681 
205: 0 1 2 4 12 16 18 20 23 25 28 35 39 45 49 50 51 56 59 64 66 67 68 74 75 77 80 82 83 87 91 96 98 104 105 106 114 119 120 124 129 130 131 147 149 151 154 155 157 161 164 169 171 174 175 176 194 203 206 207 216 218 222 226 227 230 232 233 235 236 239 243 245 261 270 273 275 276 277 280 283 285 286 287 289 290 292 294 295 296 302 309 313 315 324 325 326 328 330 331 348 349 350 351 353 356 357 361 363 364 366 368 369 370 374 377 378 380 381 386 390 395 397 403 404 409 412 415 420 424 425 426 428 429 433 434 435 436 438 440 449 452 453 462 465 466 468 473 482 487 488 495 499 500 504 507 516 522 526 530 539 541 545 546 548 549 552 554 556 557 560 561 562 564 568 569 574 577 578 579 580 583 584 589 599 602 609 611 615 632 643 652 655 656 659 663 665 666 670 671 672 677 679 680 681 
218: 3 4 5 7 8 14 17 21 23 24 32 41 43 46 53 54 55 60 63 64 68 71 79 80 81 89 94 95 103 106 110 113 117 124 125 131 134 135 139 141 144 146 150 152 153 155 157 161 165 168 170 171 172 179 180 182 184 190 192 196 198 206 207 209 210 212 213 215 216 218 220 223 224 231 233 234 235 241 244 248 251 253 254 256 257 265 266 270 272 275 279 287 290 291 298 299 301 302 303 304 305 309 312 313 326 335 338 341 343 344 349 351 367 372 387 392 398 400 402 410 418 422 424 430 433 437 439 442 444 448 449 450 457 461 463 466 470 471 473 475 478 479 481 483 485 486 492 494 495 498 499 502 505 506 508 512 520 521 524 535 537 540 543 547 549 553 554 557 559 560 567 568 572 575 581 583 585 586 589 592 595 596 597 598 606 607 609 610 611 613 628 632 633 642 643 646 648 649 654 655 657 658 659 660 661 662 663 664 666 668 672 673 674 675 676 677 680 681 
211: 1 2 6 8 15 25 27 28 34 37 42 50 52 54 60 63 64 65 67 68 70 72 73 74 79 83 86 88 93 97 103 107 114 119 123 135 136 138 139 140 143 149 155 158 166 170 174 180 185 188 190 191 194 196 197 201 206 212 217 227 228 229 232 235 238 241 250 251 252 254 259 262 263 264 265 269 271 281 283 284 285 286 289 291 292 293 295 297 299 301 304 310 312 313 322 324 328 329 331 336 341 343 345 351 362 375 376 380 383 385 386 388 389 393 394 398 399 401 405 415 416 420 427 430 434 439 440 441 443 447 449 451 452 453 454 455 457 460 464 467 469 476 477 492 495 496 500 501 503 507 508 512 514 516 517 520 521 524 526 529 533 538 539 541 544 545 549 550 551 552 553 554 558 559 561 565 571 572 573 574 576 580 584 588 590 592 596 599 601 605 609 611 613 616 617 618 620 625 629 631 632 643 644 645 646 648 651 655 659 669 670 
220: 1 3 4 9 13 16 23 24 30 33 34 36 37 38 39 45 50 52 55 57 59 60 61 67 72 78 81 82 86 87 91 92 96 97 105 108 109 113 116 124 131 137 139 148 150 152 154 155 157 161 162 163 167 172 174 175 180 183 189 191 192 195 197 200 207 208 209 216 220 221 222 223 224 226 227 229 237 238 242 244 250 251 252 253 254 256 261 263 264 267 270 273 274 275 282 283 285 289 296 301 305 306 312 318 323 324 325 329 337 343 346 350 357 361 362 365 366 367 373 375 378 383 385 389 391 398 401 405 411 413 415 419 420 422 426 429 430 432 433 441 442 444 447 450 451 455 456 459 462 467 475 478 480 483 484 489 494 496 498 500 504 505 506 510 517 518 523 524 528 529 533 540 544 556 558 561 563 564 568 569 570 571 572 574 576 579 580 581 587 593 594 595 603 613 617 618 619 621 622 624 626 627 629 630 631 633 636 637 641 642 647 653 655 656 658 660 661 666 669 677 
179: 3 6 8 17 23 27 28 30 34 39 40 41 44 58 60 66 71 80 84 87 92 93 96 103 106 107 112 113 114 115 116 118 125 128 134 135 142 145 155 157 159 163 170 172 175 176 178 179 185 186 187 197 199 202 213 219 221 232 233 235 240 242 249 250 255 256 260 261 266 268 276 279 286 288 289 291 297 298 300 302 309 314 315 317 321 329 331 335 336 341 354 355 359 361 366 368 370 376 378 380 385 388 389 395 397 404 405 409 422 424 431 433 434 436 438 443 445 448 451 453 461 470 471 472 474 478 479 480 483 484 485 489 494 499 504 505 509 512 513 518 522 524 537 540 542 558 561 562 563 567 570 571 572 581 584 585 586 588 600 604 616 621 626 628 631 632 637 638 640 648 652 654 656 668 671 674 675 678 679 
200: 0 1 6 9 10 12 13 19 25 34 36 37 38 44 50 52 53 65 68 73 74 78 84 87 90 91 96 98 102 108 110 113 116 118 124 126 127 128 130 133 135 139 141 145 148 157 158 159 160 163 164 166 167 169 170 175 180 187 190 195 198 201 202 207 214 216 218 223 224 232 233 234 236 238 240 243 246 248 254 259 261 262 264 265 266 270 271 272 273 275 278 294 298 302 303 309 312 327 328 331 334 335 339 340 348 349 350 351 353 357 362 364 372 374 376 386 388 390 394 396 397 401 402 404 405 409 410 414 420 421 426 428 431 433 434 440 443 452 455 460 463 468 471 472 473 477 479 487 496 497 498 499 500 502 509 515 527 530 534 541 542 545 549 551 552 553 556 560 562 574 576 579 580 582 586 588 600 604 605 614 616 619 620 623 630 632 633 645 647 648 652 657 658 659 661 667 671 677 679 681 
198: 0 1 7 8 12 14 17 21 26 28 29 32 38 45 51 52 54 57 59 65 68 71 75 83 89 94 97 99 102 109 110 112 115 117 122 126 127 128 130 134 139 141 143 144 146 149 151 152 155 157 158 165 172 174 175 176 180 181 183 186 193 194 196 198 200 201 209 210 212 214 219 220 221 225 226 229 232 235 237 239 242 246 248 250 256 257 258 260 262 268 270 281 285 290 295 296 300 306 308 316 317 318 321 330 331 333 336 339 340 341 344 356 357 359 360 365 369 376 379 380 387 393 394 395 404 405 406 407 415 416 417 418 424 427 432 444 448 450 452 462 478 479 480 485 489 495 497 501 503 505 506 509 510 514 518 520 523 524 528 530 534 540 541 543 544 546 551 557 565 569 570 573 576 579 581 582 584 586 592 593 596 601 602 605 606 610 615 617 618 626 642 646 653 664 669 670 676 677 
200: 4 7 13 18 19 32 34 36 44 46 50 56 58 72 75 76 80 81 83 86 88 89 92 93 94 95 97 100 103 104 113 116 119 121 122 124 125 139 144 146 148 150 151 160 165 166 171 172 174 175 180 184 187 189 194 196 199 200 201 203 204 205 213 219 225 227 230 232 233 237 241 244 246 251 253 256 257 264 265 269 270 283 285 288 290 296 298 300 304 305 309 311 319 320 322 327 328 337 343 354 359 361 362 363 367 371 372 375 377 378 379 381 382 384 386 388 389 390 391 392 393 400 401 423 426 427 433 438 440 442 447 450 452 454 457 459 460 470 474 482 485 488 489 497 501 504 508 511 515 520 523 525 532 535 544 545 547 556 557 562 564 566 567 573 575 585 586 587 590 594 595 600 601 605 607 608 612 613 618 622 625 627 628 631 632 633 634 637 643 646 650 653 655 657 658 666 667 668 671 681 
194: 0 3 4 6 19 28 29 41 49 52 53 54 55 56 58 63 65 66 73 77 83 85 89 91 94 96 98 100 103 108 109 121 123 126 130 133 134 137 139 140 142 143 144 146 147 155 156 158 165 169 174 175 176 177 178 180 186 190 199 201 203 207 214 215 216 222 226 227 228 231 236 243 245 256 257 266 267 268 274 275 276 280 282 283 292 293 297 298 310 313 314 315 318 319 322 332 333 334 337 338 345 350 352 357 362 365 370 371 372 375 377 383 387 391 396 397 398 402 403 405 411 413 419 433 434 437 444 448 450 459 461 469 475 478 480 486 490 492 493 497 502 503 504 508 509 512 515 516 521 526 531 538 544 551 553 556 562 564 567 569 574 576 580 581 582 586 588 589 592 593 597 598 601 607 615 621 624 626 633 634 635 646 649 652 653 654 657 658 661 665 667 668 675 676 
212: 7 8 10 17 23 24 28 38 41 47 50 55 59 62 64 67 70 72 74 75 76 79 80 83 89 91 94 100 103 112 116 118 124 131 132 133 138 139 140 141 143 149 151 152 154 155 156 162 166 169 170 172 177 182 194 195 196 205 209 210 211 212 213 219 220 229 232 233 236 238 239 242 255 257 258 260 262 263 264 268 269 274 280 283 286 288 293 298 299 300 306 308 310 317 320 326 327 329 330 334 336 341 346 347 348 355 357 359 360 362 363 367 371 378 383 385 387 393 394 397 400 402 403 404 405 407 408 429 431 435 436 437 443 446 450 457 458 459 464 466 477 478 479 484 487 489 492 493 495 497 503 504 508 511 516 518 526 527 531 533 534 539 545 548 550 552 553 554 555 557 559 561 567 571 573 575 577 582 586 587 590 593 595 596 603 604 607 609 611 614 619 620 622 625 628 629 630 634 635 638 642 644 649 651 653 655 657 661 662 668 672 678 
183: 3 4 5 8 17 18 21 22 29 38 42 44 45 48 50 58 61 64 65 66 68 73 75 77 78 80 81 84 86 87 88 89 92 93 95 97 99 104 105 106 113 115 121 125 133 134 135 136 140 143 153 154 158 159 160 172 177 181 183 184 193 202 206 207 215 241 247 250 253 255 256 259 262 264 266 268 272 274 279 280 288 293 296 300 302 303 311 320 321 324 338 342 348 352 355 359 365 369 372 378 392 402 403 406 419 428 429 433 436 437 443 445 446 448 449 453 455 460 461 467 468 469 470 472 478 486 490 494 496 499 508 509 513 514 516 523 524 525 532 535 536 544 547 549 550 559 564 566 567 569 580 582 583 588 589 593 595 596 597 598 599 609 610 617 622 623 624 625 628 630 636 637 643 645 647 650 652 653 657 666 668 673 675 
187: 2 7 14 25 31 33 36 37 38 39 42 43 49 56 57 66 70 71 78 90 107 108 111 113 124 125 133 134 140 141 143 145 146 147 149 153 155 159 170 177 183 188 192 193 196 199 207 214 217 218 219 221 223 229 231 237 242 243 244 248 250 251 252 255 256 257 265 273 276 277 280 285 294 296 298 300 304 305 306 308 309 312 313 314 315 320 322 328 336 339 347 348 352 354 359 365 366 376 379 396 400 408 418 420 431 434 435 437 439 443 452 454 462 466 471 472 475 479 481 482 483 488 490 491 496 498 501 506 509 513 519 522 523 525 529 531 533 539 541 542 545 549 550 551 556 558 559 560 564 569 574 575 577 583 585 586 590 591 592 594 597 598 605 606 607 610 614 615 619 626 627 628 630 631 634 635 639 641 647 656 657 667 672 677 678 679 680 
221: 1 5 6 7 8 11 12 17 18 30 31 34 39 42 43 47 50 57 59 60 62 67 69 78 81 86 89 95 101 103 104 106 108 110 118 121 122 126 127 129 130 131 135 138 139 145 151 152 153 155 156 158 160 162 164 165 170 172 174 177 179 182 183 185 193 196 197 199 202 205 207 210 212 219 222 224 229 230 239 241 242 244 247 252 258 260 261 262 264 266 268 269 270 271 272 275 276 277 279 283 284 290 293 294 298 299 301 309 311 313 318 321 324 327 328 331 334 335 343 344 347 349 352 353 356 357 359 360 362 370 372 386 389 392 394 395 396 401 403 405 407 409 411 412 413 423 425 426 429 430 433 436 439 445 448 455 456 458 460 465 470 472 476 481 484 486 491 493 497 502 505 507 509 512 513 514 515 517 519 520 528 534 543 545 546 564 568 570 572 585 588 595 596 597 602 608 612 614 618 619 621 623 627 628 632 638 642 645 646 647 649 654 656 657 658 660 661 663 665 669 673 
186: 8 16 17 20 23 24 28 33 36 40 43 49 51 54 55 68 69 70 72 81 82 92 93 95 98 100 105 106 109 111 115 117 125 126 129 147 148 152 153 159 161 169 171 180 183 184 191 194 198 201 202 216 217 218 220 221 222 223 225 228 233 236 237 239 240 242 252 254 262 270 274 275 279 283 284 286 289 291 294 295 298 301 303 310 314 315 322 325 327 334 336 338 345 346 347 349 350 351 357 368 369 370 373 375 376 379 385 386 400 402 405 406 410 411 415 418 420 422 423 430 432 433 440 443 444 445 455 479 482 483 490 493 497 499 514 515 516 524 530 531 535 537 538 539 541 546 561 567 571 574 575 578 579 580 583 586 588 589 590 592 596 602 614 616 617 618 621 624 625 627 634 635 637 638 639 643 647 649 660 663 668 669 672 673 675 678 
198: 0 7 15 16 20 21 23 35 39 41 42 43 44 59 62 66 68 69 71 73 77 79 84 86 89 90 95 98 105 111 113 115 120 123 125 128 129 131 132 133 135 142 144 146 148 149 152 154 155 156 157 158 165 168 173 174 176 181 185 187 188 190 203 208 210 212 213 216 218 220 221 222 225 226 227 236 241 248 256 258 262 284 285 287 289 292 295 299 306 307 320 321 323 325 326 331 333 336 339 340 346 347 349 350 351 352 358 365 366 369 370 373 378 379 384 385 387 388 393 397 400 401 407 408 409 410 413 416 420 424 425 435 441 446 449 450 454 465 470 476 479 480 481 485 490 491 494 498 499 501 512 515 516 517 518 522 523 524 527 528 529 534 537 539 541 545 546 550 554 558 562 566 568 570 584 585 587 589 590 599 605 606 617 626 634 636 641 642 645 646 652 653 655 664 666 668 671 679 
219: 0 1 3 4 6 7 9 11 14 20 21 23 26 30 32 33 37 38 42 45 48 49 50 51 54 57 58 61 63 66 67 68 69 70 71 75 77 79 80 84 86 87 89 91 92 96 97 98 99 100 103 105 106 107 108 110 111 112 119 120 128 129 130 136 139 142 146 147 148 153 156 158 163 164 169 170 177 179 183 185 187 197 200 204 208 215 216 217 219 222 226 235 240 243 247 248 250 256 258 261 262 264 265 266 276 279 286 292 294 295 296 311 312 318 321 324 329 333 335 337 338 339 343 348 353 354 355 356 364 367 368 371 373 374 377 379 395 397 401 405 406 407 414 416 419 421 422 429 434 435 436 438 442 451 453 454 461 463 479 482 487 489 490 491 493 494 501 506 510 518 522 523 525 526 527 530 546 550 556 563 566 568 572 575 578 583 584 586 588 591 593 594 598 600 602 610 616 617 620 622 627 630 641 643 644 648 651 654 656 658 660 664 669 671 674 677 678 679 680 
202: 0 2 3 4 5 6 7 12 13 14 15 17 20 21 23 28 29 33 35 39 41 50 57 61 66 70 71 78 79 80 87 89 93 97 100 104 110 114 115 121 122 123 124 126 133 137 140 145 149 154 156 157 159 160 164 166 167 170 173 174 175 179 180 188 189 195 201 204 207 209 218 219 229 234 239 241 245 248 251 255 256 257 260 261 263 264 266 272 275 278 282 283 287 288 294 297 298 299 303 309 315 320 326 331 332 334 340 341 342 348 349 354 355 356 361 363 368 369 376 383 386 388 395 401 403 408 418 425 426 428 430 431 436 438 442 444 446 450 456 459 465 466 467 473 475 476 478 484 485 488 493 499 503 506 510 511 513 515 517 519 522 527 529 532 534 538 554 556 559 561 563 567 569 576 582 584 585 586 589 590 601 605 608 610 615 618 619 624 633 634 635 640 654 657 660 663 664 668 671 672 673 678 
215: 1 2 4 5 8 13 14 17 18 21 23 27 33 39 41 43 46 52 53 55 58 60 61 65 66 67 74 75 77 78 80 84 85 86 87 89 90 96 101 105 109 110 113 118 122 123 133 136 137 138 141 147 150 154 155 158 162 165 170 172 174 176 181 185 188 190 197 198 200 201 205 206 208 211 212 215 221 224 230 232 235 236 240 241 242 255 256 259 264 266 268 274 276 279 281 286 287 289 296 302 303 312 314 315 318 329 331 332 333 336 339 340 344 346 348 351 352 353 360 361 365 367 371 372 373 375 379 384 388 391 394 396 397 399 407 408 409 413 424 426 429 431 436 438 439 441 442 445 451 454 457 461 463 466 474 477 478 479 484 486 487 488 490 493 495 498 500 504 506 513 514 515 519 520 524 525 526 529 530 533 534 537 546 551 553 557 558 561 567 569 575 582 588 603 604 606 617 620 622 625 635 636 638 644 645 646 659 661 665 668 672 673 674 677 680 
191: 6 7 10 24 25 27 33 37 41 43 47 50 51 59 62 66 68 73 78 80 81 85 87 91 97 98 100 101 104 107 108 115 119 122 124 130 132 136 137 143 145 146 148 151 157 168 175 177 179 190 191 192 194 197 198 199 208 217 219 224 228 231 237 243 244 246 247 250 251 255 261 262 263 265 268 272 274 279 285 286 291 293 299 302 313 314 320 325 326 329 330 336 341 345 350 353 357 364 365 366 367 368 370 371 374 377 378 383 384 385 389 391 392 396 398 406 408 409 416 423 429 434 440 441 443 445 456 465 469 471 473 474 476 477 478 483 490 494 496 505 512 513 514 515 519 521 527 538 543 547 557 563 566 568 570 571 575 578 585 588 589 592 594 599 600 604 608 609 612 616 617 621 625 628 630 635 645 650 652 655 657 661 662 663 665 671 672 674 676 677 679 
Days = 7
Shift constraints
2 6
2 5
1 6
0 7
1 6
3 4
true
true
Forbidden sequences = 2
3 1 
2 3 

