# Randomly generated data for the integrated task scheduling and personnel rostering problem, skilling=0,300 and tightness=0,600 seed=45360
Tasks = 718
557 695 4
392 487 5
391 472 2
457 546 4
501 560 5
801 892 6
572 647 4
561 638 3
567 631 6
396 423 3
796 861 2
409 482 5
795 898 3
561 647 1
390 486 1
796 854 4
579 680 5
395 530 4
799 888 0
795 851 5
556 653 5
798 887 3
851 943 5
888 961 0
437 507 2
652 712 1
802 934 2
696 734 4
390 494 5
817 891 6
440 491 1
390 441 0
950 1024 5
572 633 1
897 973 6
391 463 0
592 637 6
556 601 1
839 940 5
919 1020 5
558 685 2
1031 1131 3
576 686 3
828 933 6
854 934 4
804 867 5
563 637 0
431 531 1
721 805 1
981 1124 6
806 927 0
826 922 6
985 1049 6
390 432 2
394 483 2
487 589 1
953 1023 6
431 516 3
812 891 2
613 708 2
828 920 0
433 549 6
806 864 1
391 471 5
658 759 5
812 915 1
390 487 0
510 575 2
799 853 6
555 654 6
557 644 3
458 546 6
558 680 2
945 1009 4
683 747 0
796 887 2
401 526 2
393 499 3
928 1015 2
473 553 2
390 468 2
394 447 4
665 736 0
498 632 5
814 885 2
666 698 1
412 460 0
1135 1218 6
810 858 6
406 541 6
590 650 1
1034 1127 0
795 903 0
576 624 3
402 501 5
414 470 0
563 619 3
729 782 6
553 671 2
399 473 3
446 528 2
408 468 4
391 484 1
735 813 4
672 785 1
814 942 1
803 835 3
390 467 3
575 673 2
411 480 4
655 757 6
390 463 0
640 675 4
758 861 6
466 611 0
899 941 3
402 506 3
558 677 0
393 464 4
467 558 3
564 652 5
558 681 1
482 536 4
392 485 5
819 920 2
555 649 1
535 637 2
394 469 1
1028 1154 5
504 537 5
556 636 5
892 974 6
659 774 2
950 993 2
488 573 0
579 653 0
423 491 4
397 496 5
490 618 0
580 649 4
570 685 1
1109 1203 1
671 767 2
688 727 5
866 925 1
841 884 3
878 963 6
798 888 2
888 991 3
968 1017 1
424 528 2
546 640 4
558 694 6
621 745 0
627 703 5
577 649 2
799 877 1
644 717 2
533 598 3
533 586 1
724 799 2
807 847 3
641 693 5
899 1011 3
494 632 3
855 991 6
555 675 5
709 791 5
871 952 3
861 958 6
801 881 3
805 861 1
976 1111 2
734 850 5
626 721 6
573 672 4
573 629 0
487 555 1
632 754 3
480 622 3
607 738 4
568 644 6
558 673 3
414 479 1
538 600 2
668 726 1
504 578 3
564 648 1
795 920 5
1019 1094 4
611 739 2
410 501 4
402 464 4
512 644 5
796 876 5
703 785 1
736 815 1
745 829 0
392 524 3
676 725 6
641 722 0
924 1032 5
501 558 1
566 656 5
477 555 4
1138 1216 2
914 1007 4
900 972 2
572 642 4
811 911 1
797 887 6
541 588 3
584 683 1
527 604 3
474 588 2
1001 1088 3
742 865 4
1037 1116 5
834 931 2
402 475 1
621 668 3
536 637 4
926 999 2
611 690 6
444 513 2
557 652 4
767 821 5
696 735 6
671 807 3
784 838 4
678 730 4
801 909 2
600 732 0
705 767 6
539 605 2
528 579 2
661 742 3
404 527 1
800 851 6
601 714 6
524 638 4
677 763 5
499 571 5
862 937 2
937 1023 1
632 716 5
678 767 0
646 725 6
747 850 4
424 528 0
630 712 3
555 609 6
555 641 5
827 904 3
785 847 0
718 784 5
419 552 2
457 546 6
568 648 1
1010 1148 5
822 923 5
688 768 5
652 702 5
992 1080 6
949 1003 3
598 641 4
528 632 5
911 996 2
891 978 4
612 691 0
396 431 0
1203 1249 5
809 879 1
616 701 4
809 884 5
704 816 5
526 596 4
853 896 5
963 1064 0
452 526 0
655 730 1
648 758 4
469 557 4
707 778 1
939 1057 2
882 919 6
1093 1139 6
979 1053 6
562 632 6
1175 1245 5
793 902 6
707 800 1
557 628 4
795 898 5
565 642 4
838 959 4
898 1022 5
654 748 3
598 731 4
857 976 6
922 966 5
850 934 2
998 1109 6
601 689 4
982 1089 6
463 536 0
814 873 4
395 482 1
710 826 4
613 678 3
751 826 4
659 726 3
673 734 3
792 850 1
481 579 5
890 932 3
959 1034 6
600 668 5
559 670 2
477 560 1
656 718 5
530 610 0
583 640 6
692 788 0
738 824 6
1074 1151 6
682 816 1
1109 1171 2
677 710 2
1119 1240 4
657 755 0
688 739 2
567 617 3
750 856 0
565 663 1
925 992 1
885 955 5
626 688 1
680 761 0
736 838 2
959 1013 5
1032 1116 2
512 581 0
651 772 1
770 827 2
410 492 0
875 976 1
620 751 1
760 846 3
584 656 3
928 1002 6
1004 1086 2
1040 1104 1
1013 1082 6
820 857 4
665 756 2
739 835 0
562 665 2
427 568 4
1000 1095 2
939 976 0
1060 1126 2
941 996 5
995 1121 0
722 785 2
1190 1243 6
1005 1070 5
880 969 1
636 686 5
743 845 2
480 584 0
773 845 4
939 1042 5
606 664 3
760 908 3
690 785 0
1025 1113 1
701 822 2
533 575 4
736 821 6
1003 1053 2
1007 1096 3
1100 1187 2
694 752 3
854 912 4
617 736 6
589 648 2
537 568 0
587 679 0
414 531 0
906 1032 0
970 1025 1
397 447 2
935 1011 2
505 573 1
744 827 2
785 859 5
733 799 4
1158 1237 5
616 684 1
710 802 2
956 1006 4
848 952 0
1031 1107 6
536 621 0
772 864 4
627 718 4
559 627 6
1162 1223 3
773 853 3
836 918 0
525 630 4
542 620 4
773 825 1
406 468 3
676 797 5
844 960 0
686 768 0
658 720 1
922 1034 0
882 919 5
1092 1166 5
787 855 2
632 744 5
620 680 3
717 785 6
568 674 0
817 937 1
1126 1245 5
650 729 2
739 808 2
707 790 3
565 623 4
596 671 0
593 706 5
879 1006 1
831 929 6
561 685 6
873 910 2
729 832 1
874 981 4
649 720 5
604 680 0
718 814 5
1192 1264 2
840 901 0
664 735 6
555 618 4
1164 1207 6
734 859 3
945 1052 3
1165 1219 4
690 817 1
938 1032 1
634 746 0
591 661 4
605 716 1
684 794 0
764 856 3
817 918 6
476 568 2
1018 1119 5
728 768 4
715 757 4
1184 1258 4
750 859 0
691 768 5
732 788 2
836 935 6
481 540 2
932 991 3
738 853 1
1067 1197 0
743 777 1
663 753 3
896 987 5
585 662 2
968 1033 5
672 788 6
795 829 6
1015 1151 3
481 547 1
1025 1109 3
435 540 0
1171 1249 5
974 1067 6
816 911 6
970 1037 0
1081 1161 6
888 966 1
461 528 1
939 1034 0
930 1033 5
815 931 2
392 474 1
983 1033 4
1023 1099 0
953 1059 2
752 841 3
1089 1160 6
737 861 0
781 825 0
942 1033 5
711 777 5
762 828 5
805 907 2
705 829 4
581 663 2
958 1029 6
564 673 4
571 613 4
747 855 4
654 712 4
816 907 2
696 777 3
572 669 2
1039 1117 1
918 1009 1
725 790 1
943 1025 2
583 703 2
788 859 0
937 1009 3
861 967 1
714 783 4
756 853 3
1129 1185 6
1018 1140 1
809 891 3
1038 1149 0
906 987 0
1061 1163 2
692 776 6
1019 1079 3
1114 1183 3
832 944 1
776 853 6
1089 1188 3
1126 1189 0
1139 1208 3
1072 1134 6
799 854 1
615 691 0
783 850 5
699 732 2
665 780 2
771 845 6
530 640 5
1090 1169 2
683 819 2
1164 1243 1
739 790 0
878 956 4
830 902 1
1191 1254 0
698 756 5
534 608 3
1038 1175 0
753 819 6
619 744 3
670 810 3
675 788 0
899 1010 3
1156 1254 3
1223 1259 6
1106 1224 2
472 543 5
670 724 0
908 1017 5
675 753 4
819 890 2
764 818 1
1117 1236 3
864 935 1
815 952 5
871 955 0
797 913 5
792 868 3
797 887 6
582 684 3
840 905 5
866 946 3
921 1062 1
996 1129 2
953 1013 0
878 991 4
510 640 3
936 1012 2
971 1031 1
577 704 1
750 855 3
924 1034 6
764 857 4
1138 1240 1
1190 1259 3
770 857 5
766 862 6
629 717 2
479 545 1
668 710 6
987 1029 4
900 1006 2
786 854 5
772 831 1
1124 1178 1
867 964 4
673 725 4
1173 1259 1
645 695 4
826 931 1
554 680 5
724 859 1
1020 1134 5
779 847 5
721 840 4
727 858 4
1197 1264 0
1106 1184 1
957 1027 5
967 1027 3
863 999 6
1214 1263 3
1194 1232 0
801 923 6
575 634 0
665 764 3
745 844 0
785 851 4
689 769 3
933 990 6
671 710 2
813 906 3
758 859 0
1146 1229 0
830 910 4
729 808 4
867 1006 6
755 858 1
1068 1113 5
1176 1260 2
719 779 2
730 787 3
705 802 4
696 774 0
1168 1240 2
702 768 6
1173 1263 6
914 972 5
1131 1262 2
558 616 3
1025 1138 1
1140 1195 5
1141 1260 5
1142 1262 6
1038 1121 1
969 1003 6
1176 1255 0
1154 1235 2
1164 1253 2
813 911 3
770 856 3
784 875 4
665 740 0
738 810 3
572 644 5
1133 1240 1
1184 1258 3
773 830 5
953 1016 3
734 829 2
734 851 2
1128 1202 0
795 856 2
1195 1264 1
867 908 2
972 1034 5
774 850 5
800 859 0
822 902 4
698 828 0
969 1032 4
827 859 2
718 827 6
771 844 3
794 859 2
1197 1233 5
794 856 1
1157 1262 3
729 824 0
1175 1233 5
720 813 6
883 973 4
933 981 6
859 923 3
914 1029 4
739 815 3
781 842 4
1070 1174 1
956 1022 5
690 790 4
1103 1237 6
788 858 0
941 1012 3
931 1033 4
842 950 3
912 998 3
749 827 1
774 874 1
936 1024 1
913 1031 2
805 858 4
936 1033 6
951 1030 3
988 1101 6
587 650 0
1028 1099 2
1141 1234 1
788 854 2
Shifts = 4
0 0 0 0 0 0
390 0 0 470 0 0
555 0 0 480 0 0
795 0 0 470 0 0
Employees = 40
247: 2 9 12 14 16 17 20 21 26 35 38 41 45 47 53 55 59 60 62 64 68 70 72 73 74 76 79 81 82 91 92 94 95 98 99 102 104 105 107 108 110 113 116 117 120 121 127 130 136 138 139 142 143 144 145 149 150 157 164 165 167 168 169 178 179 181 182 183 185 190 191 193 197 198 213 220 231 232 233 236 240 241 242 246 248 251 257 263 266 267 269 271 272 275 276 277 278 285 287 288 289 290 292 296 304 305 310 311 319 320 321 323 327 328 330 342 343 348 350 352 353 356 368 372 373 374 376 379 380 381 387 391 392 393 397 398 399 400 402 403 412 414 422 426 428 430 431 432 442 444 448 451 453 457 458 459 460 462 465 466 467 469 473 475 476 479 480 483 487 489 492 494 495 501 503 505 506 512 513 514 516 517 518 524 526 527 528 530 549 557 559 561 567 570 575 576 581 584 585 587 589 592 593 595 596 597 599 604 605 613 616 622 623 626 635 637 641 642 644 645 647 648 649 652 654 655 658 660 666 667 668 669 674 675 686 687 689 693 698 700 701 703 704 711 714 716 717 
213: 0 3 9 17 23 26 28 29 34 35 36 38 40 43 45 46 49 57 61 63 64 70 73 74 79 80 81 84 87 91 97 98 100 105 108 112 113 114 122 124 129 133 136 139 145 149 161 166 168 174 176 177 180 187 190 192 195 198 200 202 204 205 209 210 213 214 216 217 220 221 222 227 230 232 233 238 244 247 248 253 254 257 258 261 263 265 268 269 270 271 274 275 278 284 285 295 296 297 312 313 315 324 330 331 332 333 334 337 338 340 341 344 345 351 352 354 355 361 363 365 368 369 371 373 377 384 387 397 399 400 403 405 406 408 411 415 419 428 435 437 443 452 462 464 465 466 468 475 477 480 483 485 487 490 494 495 497 498 509 511 523 524 526 527 529 536 545 546 547 548 555 557 559 563 564 565 569 577 579 583 590 601 605 607 609 611 629 638 639 643 649 651 655 657 659 662 666 672 683 686 691 693 694 697 700 706 708 709 710 712 715 716 717 
214: 4 5 10 11 13 19 20 23 33 34 35 37 38 41 58 61 63 67 69 70 71 74 75 81 89 92 98 101 109 110 111 113 114 120 121 128 135 137 146 148 152 153 161 166 169 172 174 179 180 182 188 192 193 194 195 197 201 217 218 220 228 229 238 240 241 249 253 257 258 260 265 266 267 271 272 273 275 281 284 288 289 296 298 304 310 316 317 319 324 331 334 338 340 341 345 351 355 356 359 369 370 374 376 378 380 381 388 390 391 394 395 399 400 405 409 412 413 421 422 423 425 428 431 432 434 437 438 444 446 447 448 454 457 461 462 463 464 465 473 474 475 481 483 485 487 491 492 494 501 504 506 509 510 512 515 516 517 525 526 530 531 536 539 540 543 546 555 560 564 566 573 575 578 582 583 587 589 593 596 603 605 608 609 610 618 620 621 638 641 644 645 646 648 649 651 654 655 658 662 665 671 675 677 679 683 685 692 696 698 705 708 713 714 715 
216: 4 5 7 10 12 15 17 18 20 22 26 27 30 35 37 42 47 50 52 53 54 56 58 66 67 71 77 78 82 89 95 102 109 113 115 128 131 133 134 135 137 139 141 142 143 145 146 150 163 172 177 180 181 182 185 186 187 189 195 200 204 208 212 214 215 216 217 219 222 225 226 237 240 241 248 252 253 254 259 261 265 266 271 274 275 277 278 279 281 282 284 298 302 304 314 324 325 330 331 338 339 341 342 344 346 349 351 354 361 362 368 372 379 380 382 386 397 403 405 415 418 423 424 431 434 437 438 439 447 448 449 450 455 457 460 466 468 474 475 480 481 484 492 501 503 504 506 507 508 514 518 523 529 536 539 540 545 548 549 554 556 561 563 564 567 568 570 576 579 580 584 591 595 601 602 606 607 612 615 619 621 624 626 628 632 633 634 636 637 640 641 645 647 651 652 653 658 659 661 666 669 670 672 674 677 679 681 684 686 694 697 698 700 704 708 716 
203: 8 10 11 13 20 22 29 32 39 43 47 48 49 50 51 61 64 72 87 91 92 94 95 96 97 102 108 109 111 113 115 116 121 123 124 128 129 134 137 138 139 141 143 154 155 161 162 166 167 170 176 177 187 193 194 198 200 204 207 215 217 227 228 229 231 232 233 234 236 238 239 240 249 262 266 267 273 277 279 282 285 292 296 298 306 307 308 310 312 313 318 321 327 332 336 338 342 347 353 354 356 359 367 369 371 373 375 379 382 390 393 394 405 406 408 416 417 424 428 429 430 431 438 444 446 454 456 457 458 459 460 464 465 466 467 469 472 480 482 483 484 486 487 488 489 491 495 497 501 521 523 524 526 528 533 539 540 547 549 551 555 557 560 564 565 566 567 577 578 590 595 601 602 606 616 620 621 623 624 625 627 631 637 639 643 646 648 650 652 656 658 664 667 669 680 684 692 705 707 709 710 711 716 
223: 7 9 12 20 21 22 23 28 30 36 37 41 47 48 50 55 57 59 61 67 68 71 79 80 83 92 93 94 95 97 98 101 102 104 105 106 110 111 115 118 120 128 132 138 140 141 144 147 153 157 158 163 167 169 172 175 177 180 181 182 187 195 198 212 214 215 217 218 220 222 224 231 235 238 239 244 245 250 251 253 254 255 258 264 268 271 274 276 280 287 290 292 297 303 304 309 313 315 316 325 327 328 330 331 333 334 338 339 340 344 349 351 352 353 354 361 364 365 366 367 369 375 376 386 387 388 396 400 401 407 415 417 425 429 431 435 436 440 441 443 444 449 458 459 464 467 468 471 472 473 474 482 487 490 492 493 495 498 502 505 509 510 511 512 516 522 527 534 535 539 540 544 546 548 550 551 561 562 566 568 578 579 580 582 585 586 591 594 595 596 604 606 610 621 622 623 627 631 635 637 638 646 654 658 663 664 665 668 673 674 676 678 679 682 686 687 697 703 705 707 712 714 717 
218: 0 3 5 7 8 9 10 11 13 15 18 19 21 23 28 30 33 36 53 58 60 61 62 65 68 79 81 83 86 87 88 93 101 102 111 113 117 119 121 126 132 146 147 154 158 159 161 163 166 170 172 173 188 192 195 198 203 206 207 211 212 213 215 217 218 220 221 222 224 227 233 234 236 241 242 247 252 261 262 270 272 274 276 278 282 286 287 295 302 303 310 312 325 330 332 333 336 337 338 351 360 361 364 368 371 380 385 388 389 393 402 404 413 418 420 421 422 423 424 426 428 429 430 435 439 440 442 443 444 445 446 449 450 451 454 462 463 466 468 470 472 476 477 481 483 486 487 490 494 496 499 500 502 506 507 508 519 525 528 530 536 538 540 544 548 549 553 556 557 559 560 561 566 569 570 573 578 579 581 585 586 587 588 593 596 598 599 611 616 617 620 625 626 629 633 635 643 647 648 659 660 668 670 672 677 679 681 683 684 690 692 696 697 703 705 709 714 715 
219: 0 3 7 8 14 16 19 23 24 25 26 27 28 33 36 39 41 51 55 56 61 63 64 67 68 75 76 78 80 81 85 86 89 91 96 98 104 108 111 117 118 122 124 125 139 142 144 147 148 149 151 153 155 164 165 167 169 170 171 173 178 181 184 186 187 190 198 200 203 204 208 216 218 219 222 230 232 236 238 239 241 247 250 252 258 261 267 274 283 284 288 289 290 291 292 294 295 296 301 304 307 308 310 312 315 316 322 323 325 330 331 337 338 343 344 351 357 361 362 366 375 380 381 382 388 389 393 394 399 400 405 411 414 420 421 430 432 435 438 440 445 446 448 449 452 455 457 462 466 467 468 471 482 484 494 495 500 502 504 510 513 517 519 520 531 532 540 543 546 548 551 557 559 560 571 576 581 583 588 593 595 600 601 605 609 611 619 624 627 630 631 632 634 639 641 644 659 660 665 666 668 670 671 676 681 682 686 688 689 696 697 698 700 704 705 709 711 714 715 
229: 0 7 8 18 22 29 32 33 36 38 49 52 56 57 59 60 61 62 63 71 72 74 75 77 80 87 88 96 97 99 100 114 120 125 128 134 138 139 146 147 155 158 159 160 167 171 174 176 183 185 187 188 190 191 194 206 216 217 224 225 229 232 233 238 242 251 252 253 254 255 256 258 261 262 264 265 268 270 271 272 273 274 278 282 284 285 288 293 305 308 310 312 313 317 321 323 325 327 328 330 334 349 353 355 356 364 372 376 378 381 383 387 393 394 398 399 400 402 407 412 414 416 418 419 420 421 423 425 427 435 439 444 447 448 449 452 457 458 461 466 467 473 475 480 482 483 485 486 489 491 492 499 506 508 514 516 519 521 525 535 537 539 542 543 544 549 550 551 552 554 555 556 557 558 563 570 572 573 576 579 580 581 583 584 585 586 587 591 596 599 600 601 602 606 612 616 622 623 627 628 631 632 634 635 638 639 650 651 652 654 657 658 660 663 664 668 679 680 682 686 698 702 704 707 710 711 713 714 717 
233: 2 8 12 15 16 17 19 20 26 28 29 31 33 34 35 36 41 47 48 49 51 52 55 59 61 64 67 68 70 71 72 74 75 76 77 78 84 90 92 93 96 101 102 106 110 114 116 118 119 120 121 124 126 129 130 133 139 141 142 156 161 162 164 167 172 178 179 180 181 183 188 193 202 204 205 207 221 222 226 231 232 237 241 242 247 251 253 254 262 267 272 273 274 280 281 282 287 291 294 295 302 303 305 306 310 311 314 315 324 325 326 337 340 347 349 350 357 358 359 363 364 365 367 368 370 373 375 376 377 379 381 382 383 389 395 396 408 415 418 420 421 426 431 436 449 450 454 456 460 462 463 464 466 467 472 477 483 493 496 497 509 510 511 512 514 515 522 526 531 536 537 538 543 544 553 560 563 564 569 571 572 575 577 580 582 583 585 587 588 592 593 597 599 603 605 606 609 610 615 616 617 624 626 628 634 638 640 644 648 649 650 652 659 661 664 665 669 675 682 684 685 687 689 690 691 692 694 703 705 707 708 710 715 
220: 5 6 7 8 13 14 17 20 23 32 33 38 43 54 59 61 62 64 68 79 80 83 85 91 99 103 105 107 111 113 116 118 119 120 123 124 125 129 131 133 135 137 138 141 146 152 155 157 159 160 161 170 171 172 178 182 185 193 195 200 201 202 206 208 213 215 221 222 226 231 234 241 244 247 249 251 253 260 262 266 273 274 275 280 298 302 305 307 310 311 312 313 320 324 328 334 335 336 343 344 346 350 354 355 356 357 370 372 382 383 385 388 393 397 398 399 400 406 407 409 411 417 420 425 431 433 439 440 441 444 446 447 449 451 453 455 460 461 463 468 472 474 484 485 489 491 492 494 497 501 502 503 505 513 516 519 520 521 523 525 532 537 540 555 556 557 559 562 564 566 569 570 573 576 578 579 580 587 588 590 596 599 600 604 609 618 619 620 622 623 627 629 635 641 645 646 647 653 656 657 663 668 670 671 673 674 675 676 677 680 681 685 690 693 694 697 702 712 713 715 
205: 1 2 4 10 12 13 16 26 29 34 37 44 48 49 51 52 57 59 68 69 70 71 74 82 84 95 108 112 114 119 131 132 135 140 144 152 153 155 156 158 163 170 171 174 176 178 187 188 193 194 195 199 206 208 209 210 211 218 223 224 225 226 229 230 232 240 243 253 256 259 260 261 265 274 277 280 281 287 290 294 304 305 307 310 315 319 323 328 333 338 339 343 344 347 348 351 352 355 363 376 377 379 380 383 388 393 399 401 403 404 406 409 412 416 426 429 432 437 441 444 445 447 449 451 453 454 462 470 477 482 483 485 488 489 491 492 494 498 500 501 502 504 507 508 525 532 533 539 544 551 552 553 554 555 559 561 562 563 564 569 571 583 590 591 595 600 602 605 609 610 611 616 617 618 624 626 632 633 634 635 636 638 651 653 654 655 656 658 661 664 665 669 677 678 684 686 687 688 691 692 697 699 703 708 711 
223: 0 4 9 10 14 19 30 42 46 48 51 54 59 63 65 66 67 68 69 70 71 76 79 80 84 86 90 93 94 96 98 111 114 118 119 122 124 128 130 134 137 139 144 155 157 159 163 164 168 169 171 177 183 184 185 187 191 194 197 198 199 200 202 204 206 208 213 214 215 222 225 226 227 228 229 230 231 233 236 237 239 242 243 249 256 259 260 261 263 268 271 272 274 276 279 282 283 284 295 300 305 311 318 320 321 324 332 334 336 339 340 342 346 349 352 354 356 361 362 363 364 368 377 379 381 384 388 397 399 401 402 408 410 411 414 415 419 420 426 430 438 441 442 444 447 450 452 453 459 462 463 464 473 477 489 495 498 500 508 509 514 517 522 523 530 532 537 538 541 547 550 552 555 558 560 562 568 573 578 580 588 591 592 602 610 613 614 615 617 623 625 627 630 632 633 634 635 636 637 640 648 649 650 651 655 659 662 664 667 671 676 682 683 690 695 696 699 700 702 705 706 714 717 
222: 0 1 2 3 7 9 11 12 18 19 23 25 27 33 39 42 43 47 55 59 60 61 62 67 73 75 82 87 88 94 97 98 99 102 103 104 113 118 123 131 132 133 134 146 149 150 154 156 159 170 182 183 189 191 193 197 198 200 201 205 207 210 216 217 223 227 231 232 233 234 236 240 242 243 248 254 259 263 264 266 276 279 282 283 287 290 291 292 302 303 305 309 311 315 317 321 322 325 326 329 332 333 334 335 339 340 343 345 349 352 353 355 360 376 378 379 380 384 385 386 389 390 394 398 399 401 406 408 410 411 417 418 419 421 422 424 427 432 433 437 438 439 440 445 446 447 450 456 458 461 463 468 473 474 475 476 491 495 501 506 507 509 510 511 512 513 519 523 531 532 535 536 541 543 544 553 556 561 566 567 570 574 575 581 586 593 594 595 600 606 608 612 619 627 630 632 633 636 641 642 643 646 649 653 654 655 657 659 666 683 684 689 693 695 699 700 702 703 705 706 708 710 
199: 8 9 22 30 33 36 37 41 42 61 64 69 70 74 85 87 88 89 95 96 102 103 106 108 109 119 122 124 126 132 135 138 144 146 154 155 158 163 169 170 171 173 174 177 178 185 187 188 195 196 197 200 203 207 210 212 213 214 215 220 222 223 224 228 232 233 234 235 246 249 250 251 259 264 266 267 270 271 272 276 282 283 286 289 291 294 297 303 305 306 313 316 320 328 329 335 342 343 346 347 350 356 357 367 372 382 393 396 401 414 423 424 425 429 432 433 439 441 444 445 446 448 453 455 456 457 458 459 460 467 468 469 473 474 481 482 488 490 496 498 499 502 512 516 518 519 524 526 529 539 544 545 548 554 557 558 566 567 570 572 573 576 580 582 587 591 594 597 598 602 610 613 616 621 622 625 632 651 653 656 658 659 660 663 664 669 670 673 675 677 678 685 697 698 700 702 704 707 711 
216: 0 1 2 8 10 16 22 25 26 29 38 41 42 52 55 59 67 72 75 77 79 81 83 85 90 94 95 97 98 103 104 105 108 112 121 127 128 129 133 142 144 150 152 153 154 161 167 170 171 176 178 180 181 193 194 195 196 198 199 206 207 211 212 220 221 223 230 239 246 251 252 255 256 257 266 267 269 279 282 283 287 288 289 291 293 295 296 300 302 304 305 307 309 313 314 318 319 321 324 332 333 338 340 342 343 344 351 352 356 357 358 364 366 368 370 374 383 385 389 391 394 395 397 407 408 409 410 414 419 425 426 428 430 431 432 436 444 445 451 456 462 464 466 470 472 476 480 483 485 486 489 495 499 501 503 504 507 509 510 513 517 518 519 520 521 527 530 531 533 538 539 544 545 549 552 556 564 569 570 572 575 576 577 583 585 595 602 604 609 616 620 623 626 632 634 637 644 648 654 659 666 669 673 678 679 681 687 688 689 693 695 701 708 712 714 715 
219: 1 7 15 17 18 19 30 33 34 35 39 42 57 59 60 61 67 69 70 73 80 81 84 85 92 94 95 98 99 101 102 106 107 112 116 119 123 125 127 134 136 143 149 155 157 160 161 164 165 169 170 171 172 175 176 178 184 185 188 190 191 197 201 212 213 217 221 225 226 227 228 241 242 243 245 248 257 262 263 266 267 268 269 271 273 279 287 288 291 313 314 316 318 319 333 334 335 337 339 340 343 347 351 354 355 360 373 377 378 380 382 384 386 387 398 405 410 412 413 419 420 422 423 428 429 431 433 435 436 437 440 443 447 451 452 455 456 460 462 463 467 468 474 475 476 479 481 482 486 487 488 491 495 496 499 503 505 514 516 525 527 530 531 533 535 539 542 546 548 563 566 577 581 584 595 596 597 599 601 604 610 615 621 623 625 626 627 629 633 636 640 645 648 655 658 665 670 674 675 676 677 678 680 682 683 684 685 689 691 692 694 697 698 700 701 704 709 711 712 
203: 2 3 8 11 13 14 15 16 23 24 26 28 33 37 38 39 41 42 43 45 49 54 58 64 66 67 69 70 72 74 75 96 97 98 101 102 106 116 117 122 125 127 130 141 145 147 149 151 154 155 160 171 176 182 186 187 188 191 193 196 199 201 205 218 221 224 230 231 233 235 236 241 243 246 247 249 254 258 262 264 266 269 270 277 278 292 300 302 309 310 312 315 316 319 326 331 338 339 340 342 350 359 361 362 368 370 373 374 383 392 398 400 401 405 409 410 415 418 420 422 428 430 432 434 435 441 447 449 450 454 458 463 472 473 478 479 481 484 485 489 497 498 499 500 512 519 527 536 539 540 544 545 548 549 551 552 560 561 563 564 565 569 576 579 580 592 595 596 600 601 602 603 607 615 617 619 622 626 629 634 640 641 646 650 657 661 666 667 668 677 678 687 692 693 694 695 696 697 698 700 704 707 710 
208: 0 6 7 14 15 16 17 31 38 39 40 44 48 49 50 52 56 61 62 70 82 85 86 90 92 95 105 110 111 112 114 115 124 132 134 149 150 152 153 163 164 168 174 177 178 179 190 191 196 197 213 215 225 229 231 236 240 245 249 257 259 264 266 267 271 274 275 277 280 288 294 295 296 297 299 300 302 304 308 310 317 318 320 325 326 327 331 332 336 339 345 348 349 352 354 355 356 361 364 365 369 373 374 375 378 382 383 384 387 392 393 395 396 397 404 408 411 415 416 423 424 425 426 427 428 429 434 436 437 438 441 442 443 444 445 446 452 453 473 474 479 481 483 489 490 494 498 499 502 503 507 511 513 517 519 520 524 526 541 542 555 564 566 571 575 579 582 592 593 598 599 600 604 605 612 613 617 621 627 634 642 644 659 660 662 664 665 668 672 674 679 680 684 686 689 695 700 701 703 704 705 706 707 708 710 711 712 713 
217: 2 4 6 8 10 11 20 21 26 29 31 32 33 38 40 43 44 45 46 51 55 61 63 65 66 67 68 69 76 83 90 91 95 97 98 101 107 108 109 124 128 134 135 145 150 152 157 161 164 167 172 175 178 182 183 185 186 189 191 199 200 203 205 209 214 216 217 219 227 231 236 237 241 245 246 251 257 259 262 266 269 270 279 284 289 290 291 292 293 296 303 305 308 320 330 335 336 339 344 345 351 362 372 374 376 377 381 383 384 387 394 397 406 409 411 414 416 422 423 430 433 439 443 447 449 452 453 458 460 461 471 473 476 478 479 480 481 483 488 489 492 493 496 498 504 505 506 507 514 515 521 524 526 536 537 540 544 547 548 552 560 562 563 572 576 584 588 592 593 597 598 600 602 605 611 621 624 627 629 631 632 636 638 640 641 642 644 645 649 652 654 658 662 663 665 667 673 675 677 678 679 682 685 688 692 693 694 696 697 698 699 702 703 706 710 711 717 
218: 4 8 10 16 18 22 23 24 25 26 27 28 29 30 32 35 37 42 45 48 50 53 57 58 60 62 63 65 66 75 80 82 85 92 93 94 96 97 99 101 103 110 115 120 122 132 133 140 142 144 146 147 148 158 159 163 165 167 173 179 182 183 191 192 194 195 203 206 208 209 212 213 216 217 219 221 229 231 236 238 240 249 251 257 258 261 262 265 269 270 273 279 280 284 288 293 298 300 306 317 320 329 334 341 345 349 357 359 363 369 374 378 385 387 391 396 399 402 404 405 407 408 411 413 414 415 416 422 424 426 430 434 437 438 446 453 454 455 458 459 461 462 464 466 474 475 476 478 481 482 490 493 494 497 504 505 509 511 512 520 521 525 526 528 529 531 534 537 541 542 546 550 556 561 564 567 571 580 583 587 589 594 595 596 598 599 600 602 606 608 609 614 615 618 620 626 637 638 644 646 648 652 656 657 658 662 663 668 671 675 690 698 703 704 707 710 712 714 
201: 0 2 3 11 12 13 14 16 17 19 25 26 30 41 45 46 48 52 59 62 64 67 68 69 78 79 82 83 85 86 90 92 94 95 103 104 106 107 108 111 115 116 121 122 123 124 125 134 136 140 143 144 145 160 163 165 168 169 171 172 192 195 199 201 203 204 205 206 216 220 222 225 230 231 234 239 243 244 247 253 256 260 263 266 269 270 273 284 288 290 293 295 297 298 299 300 304 305 306 328 331 339 347 350 351 354 357 360 365 367 372 373 376 384 386 388 390 393 397 399 400 401 405 406 420 425 426 428 430 446 450 455 460 466 468 471 473 475 482 485 488 489 491 498 499 501 503 510 512 513 514 517 521 522 532 533 538 540 547 549 550 551 553 560 562 563 569 570 572 577 580 584 587 593 603 608 614 618 625 641 642 643 644 646 656 659 660 667 671 672 673 674 676 679 681 682 683 689 693 701 709 
204: 0 4 5 6 9 11 14 15 18 20 22 24 27 28 37 38 39 40 44 50 53 59 60 68 69 70 72 74 75 78 84 87 90 91 100 101 104 106 114 115 123 126 129 131 137 138 144 145 147 150 152 153 157 161 165 174 179 190 201 210 215 216 221 224 231 234 236 239 241 242 244 247 249 250 251 272 274 275 280 282 283 288 293 294 296 298 318 320 321 323 331 332 345 346 347 348 353 354 358 360 361 362 364 366 367 368 370 373 378 381 384 386 397 399 400 402 405 408 410 413 414 421 423 425 427 433 435 439 440 446 450 453 461 462 464 468 469 476 478 479 480 482 484 489 490 496 498 499 502 511 513 514 521 522 527 531 534 535 537 538 541 543 553 556 557 564 571 572 573 579 582 585 586 602 603 607 608 617 623 624 628 632 636 643 649 650 652 654 661 663 665 666 678 679 680 686 692 693 694 698 699 702 707 717 
222: 1 2 5 15 22 23 25 28 33 35 37 39 41 42 47 49 50 54 61 63 71 72 77 78 88 89 92 93 96 101 110 115 121 132 135 136 137 139 144 145 147 149 154 155 160 167 168 169 173 174 175 179 182 184 185 195 197 198 200 203 211 212 218 223 224 225 230 231 233 240 242 243 248 252 253 254 257 259 264 270 276 281 290 291 295 299 304 309 314 320 323 324 326 328 329 332 333 342 343 346 348 350 352 360 363 364 367 369 371 372 373 377 378 380 381 393 395 396 397 408 409 414 415 416 421 422 423 425 427 428 430 431 432 437 446 447 448 449 453 458 460 463 465 469 476 478 483 484 492 494 512 517 521 525 529 533 535 536 537 538 541 543 545 547 548 550 551 553 554 556 557 560 561 570 571 572 573 574 576 577 578 581 582 594 595 599 604 605 609 610 611 616 617 620 621 622 626 629 632 633 636 641 645 646 651 654 660 661 668 670 676 679 686 687 690 691 697 702 704 710 713 715 
211: 1 3 8 15 19 20 22 23 24 26 29 30 31 32 33 35 43 44 47 50 53 57 58 60 63 67 69 79 83 88 89 90 91 95 100 101 102 103 109 119 120 121 123 125 128 134 139 144 145 151 152 160 169 171 172 174 176 177 178 179 181 185 196 200 202 203 211 212 213 214 217 220 221 225 227 231 232 238 239 242 246 247 249 255 258 267 270 276 277 279 280 283 285 289 294 296 298 311 312 315 321 324 325 326 329 335 336 338 341 343 346 348 349 351 377 378 387 393 398 402 403 404 406 408 413 415 416 421 424 426 433 434 439 446 451 454 458 462 463 467 473 474 479 484 487 495 498 511 513 516 522 540 542 544 545 549 551 558 560 562 563 567 569 572 573 578 582 583 592 597 600 610 614 618 620 623 627 632 638 639 642 646 651 652 653 656 658 659 664 666 669 672 674 677 680 681 683 684 686 690 691 692 693 695 697 699 705 707 709 712 717 
217: 1 9 12 17 18 19 21 26 32 41 42 47 56 63 64 68 73 75 76 79 80 81 82 85 88 89 92 93 95 100 102 103 104 108 112 113 116 117 120 123 129 139 140 141 144 147 148 159 168 170 172 173 174 180 199 202 203 208 209 219 225 231 235 236 238 241 247 250 251 252 253 254 256 258 265 267 271 272 273 279 283 291 293 298 299 301 302 309 311 312 313 316 319 325 326 328 332 335 338 344 348 358 359 360 362 365 372 375 376 378 384 394 397 398 400 405 412 413 414 416 426 429 431 433 438 441 443 444 448 451 453 455 458 465 469 473 475 479 482 485 487 488 496 499 505 508 515 516 520 523 525 526 534 535 536 537 540 541 544 547 555 556 559 561 562 564 565 566 569 574 581 583 585 590 591 594 596 599 602 604 606 608 611 614 617 620 624 627 628 630 631 638 641 642 647 652 654 657 662 667 668 669 674 681 682 685 686 688 689 690 701 703 706 707 708 710 714 
226: 10 18 24 27 29 30 36 46 47 48 49 51 53 55 58 60 62 67 68 69 70 75 81 84 86 89 92 97 98 100 105 106 107 109 113 117 118 119 121 130 131 136 137 141 145 151 153 156 159 167 168 175 178 180 182 183 186 188 190 191 193 194 198 205 207 208 213 216 223 234 236 241 250 252 259 262 264 265 272 275 276 277 280 282 284 286 298 303 306 308 311 324 327 329 335 339 344 346 348 350 351 352 353 354 358 361 362 367 369 373 380 384 387 390 394 395 397 399 400 404 410 416 421 424 426 431 434 439 441 444 449 464 465 468 473 475 478 483 485 490 495 497 500 501 505 507 508 509 512 513 515 517 518 519 520 531 532 535 536 544 552 556 564 567 568 573 574 578 581 582 583 584 586 592 594 596 598 600 602 605 606 608 609 610 612 614 617 618 619 620 622 624 626 627 629 631 633 639 643 644 647 650 651 652 657 659 661 662 663 664 666 670 673 675 676 679 693 694 696 699 700 703 709 714 716 717 
242: 2 4 11 15 16 19 28 29 32 35 36 40 44 50 52 56 59 71 73 81 87 89 93 102 105 106 107 108 109 111 112 117 119 121 129 131 132 134 137 142 144 146 148 153 156 158 160 165 167 169 171 172 177 179 182 184 185 188 198 201 202 203 204 206 207 210 212 217 219 225 234 235 237 238 239 242 245 246 247 250 253 254 255 256 257 265 270 278 280 286 287 291 300 301 302 303 305 311 314 319 320 325 327 328 329 332 333 335 337 342 343 347 351 361 362 364 370 373 380 384 386 389 395 396 397 398 399 400 401 402 407 408 411 414 416 418 419 421 424 425 428 431 432 433 434 436 437 438 440 441 442 445 446 453 456 458 459 461 462 466 469 478 479 484 490 493 496 497 499 500 501 503 504 506 510 511 518 522 523 529 533 537 538 540 541 542 543 547 552 555 556 558 562 563 564 569 571 575 576 578 589 594 598 600 604 610 611 612 614 615 619 620 621 630 632 636 640 644 645 650 651 653 654 655 660 663 664 669 672 673 674 679 683 688 690 696 697 698 700 709 711 713 
203: 5 6 18 23 25 30 37 40 42 50 52 53 55 56 65 67 71 72 73 92 93 96 97 99 100 104 112 116 119 122 124 127 128 135 138 140 147 152 154 155 160 162 167 173 174 177 180 181 182 192 194 196 198 200 203 204 205 206 210 212 213 217 224 228 232 240 241 242 243 248 249 250 257 258 262 263 268 279 281 283 287 288 290 291 296 297 298 306 307 309 317 319 324 325 330 331 332 338 343 351 356 361 363 369 371 373 379 383 384 385 387 394 396 403 404 410 418 419 422 423 424 425 430 433 439 440 444 453 456 460 464 470 472 477 479 484 488 489 490 496 497 498 504 505 510 511 513 516 518 520 522 523 525 534 540 544 546 548 549 553 558 559 560 570 572 575 577 584 588 589 598 600 604 606 607 617 618 621 624 630 633 638 640 647 653 654 663 664 675 677 678 679 680 681 685 686 694 698 702 706 708 709 713 
203: 0 6 9 10 14 16 20 21 22 23 25 29 30 34 43 44 48 56 57 59 61 74 75 76 77 83 90 93 96 98 100 105 106 112 113 117 123 124 128 133 134 135 136 137 140 145 149 150 153 156 157 163 166 171 176 186 187 191 195 198 203 209 212 217 218 222 226 228 231 232 234 235 238 242 243 247 249 253 255 258 261 267 273 274 275 279 280 282 305 307 310 313 317 318 320 325 326 327 328 334 336 342 343 345 355 358 359 362 367 368 374 377 378 379 385 387 388 391 392 400 402 406 407 408 417 425 431 432 433 434 435 436 438 447 449 456 459 461 468 470 478 482 489 490 493 495 496 497 499 500 501 506 507 510 516 520 522 524 527 529 533 534 536 539 543 545 546 548 549 551 559 567 575 576 582 600 603 604 605 612 614 617 621 624 626 632 636 637 640 650 651 652 660 663 666 667 669 672 673 675 678 696 703 
202: 2 10 11 13 19 20 24 27 30 34 38 41 43 44 46 47 53 56 65 66 71 73 77 78 82 85 89 92 93 95 100 101 111 112 115 116 126 128 129 130 134 138 147 151 154 155 158 159 161 166 167 170 172 177 188 194 195 197 198 200 202 203 213 216 227 234 235 236 237 241 242 253 255 257 258 259 260 264 284 285 287 288 289 294 297 300 301 305 309 325 327 332 335 346 349 352 359 361 365 367 368 370 373 374 377 381 382 385 389 391 396 397 398 404 405 409 419 421 423 425 427 431 432 438 442 444 454 463 464 465 466 467 469 473 477 478 481 483 486 487 491 494 495 502 505 515 519 522 525 530 531 536 537 538 544 551 552 554 556 557 558 559 562 564 572 578 584 585 590 597 607 612 621 623 625 628 629 633 642 644 655 659 660 661 663 664 665 669 670 675 677 679 680 685 687 701 702 703 704 705 709 714 
207: 1 3 5 9 11 16 17 27 29 33 34 35 41 44 45 47 48 49 55 57 59 71 72 74 76 78 80 89 90 91 101 103 104 109 111 113 114 115 116 118 120 122 126 127 131 132 133 142 145 150 152 154 158 159 160 161 164 169 172 173 181 183 185 189 194 195 202 203 206 210 215 217 218 225 230 233 234 243 246 249 255 258 259 262 267 269 275 277 291 294 295 298 299 308 312 316 323 329 334 335 336 337 338 339 340 341 347 350 354 355 363 364 369 375 379 380 389 390 393 398 400 404 409 412 413 420 424 426 430 434 435 436 439 449 450 457 462 467 470 473 474 476 478 488 498 499 501 503 506 509 512 521 522 531 544 549 560 561 562 565 567 568 573 575 578 582 585 587 590 597 598 599 600 602 605 612 618 619 620 623 624 625 626 631 639 641 646 650 651 660 663 668 672 675 676 682 684 685 686 688 692 693 695 698 708 713 715 
235: 5 8 19 22 23 24 29 30 36 40 45 46 53 58 59 60 61 62 66 71 73 78 84 87 91 94 95 96 98 100 106 108 111 116 117 126 127 130 134 135 136 140 141 145 147 148 150 151 152 154 155 160 162 163 164 165 166 167 176 177 179 182 188 197 203 204 212 213 215 216 220 221 224 229 230 231 235 238 241 246 247 249 250 254 256 262 268 270 280 281 283 287 288 289 293 296 299 300 303 310 312 315 318 320 321 324 327 336 338 339 340 343 361 362 373 377 384 389 392 400 404 406 410 415 416 420 425 431 437 438 439 442 453 454 456 457 458 462 469 475 479 481 483 489 490 491 494 496 499 502 504 507 508 509 511 517 524 525 526 528 535 536 537 538 539 541 542 550 552 557 558 559 562 563 564 567 575 576 577 578 579 580 584 586 588 590 591 593 594 598 603 604 606 607 612 615 616 619 620 621 622 628 630 633 634 637 640 646 647 649 652 654 655 660 661 666 668 672 673 675 682 683 687 688 689 695 698 700 703 708 710 712 713 716 717 
219: 3 4 9 10 11 21 25 26 27 34 35 37 41 42 45 47 48 49 51 52 53 54 55 56 57 62 64 67 71 76 77 80 86 89 90 92 93 97 103 104 108 109 111 113 114 115 120 122 125 126 128 130 145 155 162 163 168 171 173 174 177 180 196 199 202 203 204 208 209 211 214 217 222 227 229 234 236 240 247 252 257 259 263 268 269 270 272 274 278 280 281 290 293 294 308 310 324 326 328 331 332 335 336 339 342 349 354 357 368 369 373 375 379 381 384 387 388 389 390 392 393 395 403 405 407 408 410 416 420 422 425 435 442 443 446 448 450 451 453 457 460 463 474 479 485 488 490 492 497 500 505 506 510 511 522 525 526 528 532 539 546 550 557 558 565 569 573 574 581 582 585 586 588 592 594 598 601 603 604 605 606 608 610 612 613 614 615 616 617 619 622 629 630 638 640 645 652 653 654 656 657 658 659 660 663 664 667 668 670 671 680 688 696 697 701 703 707 708 716 
216: 1 7 9 13 16 18 19 20 23 27 33 37 40 41 42 43 45 48 50 52 56 57 60 62 63 77 78 80 81 83 91 92 96 101 103 108 109 111 112 117 118 132 134 139 144 170 175 179 183 184 191 192 193 202 204 209 210 211 215 216 219 223 225 226 229 230 231 234 239 247 250 253 256 259 260 262 264 267 269 270 273 274 275 277 282 286 293 295 304 309 310 311 314 316 317 318 320 324 329 334 335 342 345 348 353 356 359 362 366 367 368 370 371 373 375 379 380 387 392 394 395 397 400 408 413 421 422 427 429 440 443 448 449 459 460 467 478 479 480 481 485 488 494 497 502 503 506 508 510 511 512 513 514 515 519 521 525 526 527 530 533 534 538 540 542 543 547 551 554 556 557 559 560 562 565 567 585 589 590 591 592 599 600 609 614 615 618 621 625 626 627 631 632 635 641 645 646 649 650 654 659 663 671 674 676 678 679 680 685 687 692 694 697 699 703 708 
182: 3 7 9 13 18 20 22 31 34 35 41 43 55 56 59 62 63 75 76 78 91 93 95 97 106 111 115 117 120 121 123 126 136 137 138 142 144 145 152 165 170 174 175 184 190 192 194 195 200 203 204 207 221 222 228 229 231 234 236 237 242 247 250 253 254 257 263 264 269 270 279 282 286 287 288 290 295 296 300 304 305 306 311 313 318 320 327 328 339 345 351 352 362 368 369 375 377 379 382 383 384 399 400 402 408 411 412 415 416 417 422 443 445 448 460 463 467 471 474 477 481 485 490 492 495 496 498 500 507 508 511 513 518 520 524 525 527 530 533 534 541 544 546 556 557 561 562 567 570 574 585 586 594 596 602 608 609 615 619 623 628 629 631 632 636 638 645 655 659 662 667 668 669 671 680 681 686 689 692 698 702 714 
225: 0 4 5 6 11 15 17 18 22 25 28 31 32 36 47 48 52 56 60 62 65 71 76 83 88 94 102 107 108 109 110 112 113 117 118 123 125 126 129 131 133 134 136 151 152 154 155 159 163 164 166 171 173 174 179 182 184 188 200 201 202 204 210 211 213 215 221 222 223 225 227 231 234 235 242 245 246 252 264 265 269 271 276 277 278 280 283 286 287 290 295 305 310 313 314 318 319 322 323 324 327 331 333 334 339 341 342 343 344 347 349 362 365 373 375 377 381 384 386 388 391 392 394 395 402 405 406 410 418 420 422 423 432 436 437 438 446 449 451 453 456 459 460 461 463 466 468 469 470 487 488 492 494 495 497 499 500 503 507 509 510 512 514 515 517 519 522 525 529 532 534 540 543 544 545 557 558 569 570 585 594 596 598 601 603 611 615 616 620 621 622 630 639 640 641 646 650 651 661 665 666 667 668 669 672 673 675 677 682 683 684 685 687 688 689 693 699 700 702 708 711 712 713 716 717 
204: 2 5 15 21 24 27 29 36 39 44 45 50 51 52 58 59 67 73 77 78 80 81 84 85 87 92 98 99 106 109 111 117 123 125 129 132 134 139 140 143 155 158 162 163 164 172 173 177 178 180 188 189 192 197 201 204 206 207 214 216 228 229 231 232 238 244 246 247 254 260 264 265 268 269 271 273 277 281 283 285 292 293 302 309 312 316 317 320 325 326 329 339 340 343 344 347 353 354 356 357 359 366 375 380 381 388 390 391 399 401 402 403 405 408 413 414 422 428 431 432 438 439 444 445 449 458 459 463 466 469 473 475 477 481 482 485 488 490 493 495 497 500 501 508 510 513 517 518 519 522 524 526 530 532 537 539 541 546 547 550 553 555 561 567 570 571 581 584 597 599 601 604 608 609 610 613 617 618 619 620 624 628 630 632 633 634 639 640 656 662 671 676 679 683 684 687 688 691 692 700 703 708 709 712 
235: 2 4 9 14 19 30 31 32 36 37 39 45 49 53 55 61 64 65 67 71 72 74 76 84 86 90 93 94 95 100 101 102 103 104 106 108 114 115 119 123 126 127 128 132 134 137 140 142 150 153 157 161 166 171 172 175 177 179 180 185 187 189 190 194 197 198 204 214 221 224 225 227 228 237 242 243 244 251 256 259 261 263 266 270 271 272 273 274 278 280 289 290 294 297 298 301 302 305 318 319 324 329 333 339 340 342 343 344 352 353 364 367 369 370 374 375 377 384 385 389 393 396 398 400 405 412 413 416 419 420 422 423 426 427 430 431 434 435 437 441 447 449 450 455 459 461 463 464 470 474 477 482 487 488 491 499 502 507 512 514 516 517 518 519 520 528 536 541 542 544 545 553 558 559 560 562 563 564 568 569 576 577 579 581 583 584 591 592 596 597 599 600 606 609 610 613 614 617 620 621 622 624 625 626 627 628 629 631 632 634 649 652 659 661 663 666 671 672 676 680 684 686 687 694 698 703 704 705 708 709 711 712 713 715 717 
197: 0 3 4 9 14 21 24 25 27 33 35 37 52 62 63 64 65 66 68 72 78 91 95 97 98 103 105 108 117 119 121 126 127 133 138 139 140 149 163 164 165 166 167 171 173 176 185 186 188 191 193 194 197 200 201 213 216 218 219 225 233 239 254 260 261 265 270 273 279 280 286 290 292 303 305 306 309 312 316 321 322 325 326 328 329 337 343 348 350 352 361 365 367 369 370 371 385 393 395 398 402 409 411 415 416 421 423 427 432 435 440 441 444 449 450 451 453 454 465 466 468 470 471 472 477 478 480 482 490 494 495 496 498 511 516 521 525 531 533 536 539 541 548 549 556 560 564 567 568 570 574 575 578 581 586 588 589 591 593 595 603 604 609 610 611 616 619 626 634 638 640 643 646 647 650 652 657 664 670 672 673 675 678 679 681 682 684 685 693 695 697 699 701 705 707 708 717 
Days = 7
Shift constraints
2 6
2 5
1 6
0 7
1 6
3 4
true
true
Forbidden sequences = 2
3 1 
2 3 

