# Randomly generated data for the integrated task scheduling and personnel rostering problem, skilling=0,600 and tightness=0,600 seed=10080
Tasks = 712
631 702 2
765 835 0
780 867 3
420 519 5
462 555 1
767 877 4
421 514 5
766 875 6
773 881 4
634 719 6
886 979 5
654 721 6
838 928 3
473 531 6
420 491 4
676 757 4
680 795 0
836 892 0
630 753 5
798 917 0
801 871 3
523 633 4
765 834 1
912 965 1
692 785 4
774 851 6
776 831 6
766 838 3
795 912 4
644 719 6
784 855 5
630 671 4
631 675 1
421 477 0
498 588 6
638 739 2
1080 1122 4
765 849 5
631 703 1
905 1026 5
893 1012 0
640 721 2
831 871 0
708 793 1
434 480 3
775 842 5
803 850 1
921 968 1
632 687 3
779 854 3
477 569 0
856 963 5
908 968 4
427 494 1
465 561 0
423 489 2
633 698 1
784 860 0
633 740 6
687 797 3
748 815 1
737 843 6
792 882 4
511 541 5
642 712 4
632 704 2
761 861 5
772 876 1
434 555 6
835 943 6
767 841 3
773 894 4
427 506 6
1141 1194 2
866 937 3
474 557 3
841 911 3
771 873 6
441 492 4
640 725 1
911 984 3
769 831 2
945 992 5
428 521 5
428 489 2
681 782 1
602 678 2
786 833 5
778 886 2
815 912 0
497 557 2
723 827 2
481 517 3
498 554 3
630 669 6
422 508 2
686 788 0
424 572 0
659 757 5
767 817 2
774 812 1
461 532 3
657 734 4
637 724 4
631 730 1
517 615 5
791 877 0
659 734 3
591 640 0
430 541 3
709 813 2
776 837 3
777 859 4
572 618 0
888 973 2
894 966 0
421 534 4
851 936 5
733 814 4
509 605 2
631 708 1
767 847 0
919 1001 6
631 742 1
769 914 6
991 1109 4
509 579 1
863 945 5
679 738 3
451 527 1
643 748 6
631 725 0
520 594 3
632 680 2
535 595 5
420 492 1
767 840 3
631 693 0
984 1061 2
526 641 5
1044 1103 5
631 723 6
778 880 5
780 818 3
742 835 6
868 944 6
433 558 2
791 851 6
814 899 2
637 737 6
780 826 3
443 516 6
765 874 5
535 590 4
862 956 4
1164 1209 4
810 879 6
768 831 3
914 966 3
878 994 5
882 977 4
958 1037 5
858 929 6
439 534 2
972 1040 3
826 885 5
719 815 6
887 981 0
878 1001 1
1006 1101 5
834 914 1
774 833 2
639 710 4
773 851 2
917 1006 3
713 817 4
937 985 5
643 748 3
748 847 2
783 872 3
746 836 4
641 739 2
743 822 1
862 950 5
602 657 5
787 862 1
734 834 6
493 545 4
914 980 1
672 748 4
590 690 4
541 616 4
748 844 4
817 902 6
802 893 5
851 957 2
889 924 6
767 857 3
840 899 1
643 736 5
834 949 2
979 1079 4
951 1031 2
915 988 6
545 594 4
972 1083 2
439 548 1
608 687 2
692 781 4
632 734 0
893 998 4
826 927 4
533 588 0
641 713 0
966 1067 5
858 936 3
782 850 6
969 1016 6
690 805 3
1069 1192 5
702 736 2
848 970 0
808 926 0
646 728 5
787 858 3
1032 1087 4
996 1105 1
1041 1138 3
682 759 4
855 936 6
497 583 1
556 632 3
1110 1215 4
572 641 6
817 896 3
710 765 4
560 649 6
862 996 6
777 829 5
646 708 1
892 937 6
771 856 2
791 867 1
992 1110 0
496 560 6
986 1048 5
836 967 6
722 771 4
822 891 6
767 820 3
459 551 2
632 695 0
490 584 2
856 936 6
649 708 0
577 660 0
685 793 5
802 904 5
1038 1088 5
719 826 0
980 1076 5
842 884 6
706 778 1
604 742 3
833 945 2
979 1071 4
805 878 6
1019 1104 3
922 969 5
989 1081 6
847 926 4
1034 1135 5
900 1033 2
741 833 3
668 767 1
984 1044 2
564 686 3
966 1012 1
620 726 0
420 497 1
475 573 0
897 939 3
655 762 6
914 1041 1
647 697 5
533 638 2
664 741 6
1011 1104 6
835 901 3
841 870 4
945 1077 0
876 956 5
657 723 6
690 790 1
678 774 5
740 784 2
941 1050 5
852 961 2
1042 1117 1
1004 1137 1
464 588 5
930 1061 0
1048 1124 5
885 957 5
952 1078 5
1125 1207 5
582 624 1
734 785 1
794 864 1
531 602 4
962 1063 6
814 875 1
659 732 4
982 1057 3
1047 1180 6
646 785 0
541 585 1
917 979 3
715 801 0
615 716 5
1098 1227 2
619 666 5
428 516 1
788 877 1
1117 1203 1
883 1014 4
828 896 0
1170 1264 5
802 907 4
546 650 5
1013 1068 0
638 748 2
781 898 4
1017 1133 1
1207 1274 5
444 535 4
900 998 6
783 860 5
551 626 1
785 858 2
681 751 2
786 835 6
1095 1171 0
1121 1148 5
656 728 0
834 902 3
618 675 4
866 965 2
792 881 0
832 906 5
735 816 5
967 1027 2
689 753 5
719 819 5
1004 1049 3
1017 1090 6
973 1056 1
1072 1159 2
498 621 4
816 909 3
1116 1190 4
709 807 2
1137 1202 1
1083 1183 6
635 722 3
976 1032 5
819 933 4
1071 1104 0
773 873 5
886 930 6
1061 1143 3
881 976 5
525 626 5
585 678 2
654 770 0
850 930 3
672 764 6
643 776 5
748 852 6
573 684 6
488 566 4
764 872 3
1105 1210 0
777 880 5
621 687 4
1034 1084 6
872 1004 4
698 784 0
926 978 6
972 1029 0
936 1007 6
621 715 1
906 1000 3
1106 1182 6
1005 1077 3
634 710 4
1122 1201 2
854 940 1
880 959 5
968 1034 6
1187 1271 6
836 929 0
882 952 0
1163 1268 2
1207 1273 2
628 727 3
965 1030 4
769 864 5
719 844 1
630 714 1
588 650 4
1196 1274 5
816 861 2
937 1014 3
1013 1156 6
625 675 0
715 843 5
912 1009 2
878 971 1
641 674 3
785 929 0
586 700 1
1001 1077 6
559 642 6
856 983 3
854 885 5
1151 1217 0
955 1070 2
717 773 5
774 840 5
652 726 4
680 781 2
747 797 5
931 1008 6
638 678 2
1032 1107 6
861 959 5
493 620 2
462 586 6
754 807 0
965 1079 2
902 987 6
597 682 4
864 996 1
1203 1273 1
985 1070 5
932 977 6
841 964 5
751 818 2
992 1046 3
705 807 1
819 934 2
655 767 4
973 1055 3
833 969 1
728 808 0
550 650 2
814 902 5
943 1067 6
1030 1063 2
711 807 0
1133 1210 3
702 749 2
809 899 0
968 1031 2
698 787 0
649 745 6
1030 1163 3
1074 1132 5
749 818 4
977 1030 6
661 719 2
804 865 1
812 860 2
746 821 4
778 875 2
1071 1134 4
963 1063 3
526 571 1
973 1069 5
658 738 3
557 692 6
1126 1165 4
851 929 0
805 883 0
848 968 5
738 831 3
805 867 3
769 869 4
949 1038 3
913 970 4
593 648 1
782 867 2
724 824 3
821 878 5
1052 1156 4
669 769 3
920 1023 3
902 1004 1
856 891 6
938 1007 4
944 1030 3
948 1054 4
701 784 1
864 947 4
962 1091 3
960 1063 5
726 825 1
843 985 3
751 867 6
1033 1106 3
795 898 0
1124 1192 6
1030 1098 0
870 905 4
811 928 2
751 809 4
913 955 2
1063 1137 3
997 1053 1
987 1073 5
1138 1266 4
607 659 2
688 819 2
872 967 1
844 881 0
1015 1073 3
651 756 1
839 947 3
963 1069 5
1038 1073 2
1101 1173 0
997 1075 5
819 921 3
725 854 3
706 810 6
1073 1170 3
929 988 2
768 851 4
870 934 1
681 747 0
794 896 1
991 1125 4
980 1077 0
905 1016 5
789 893 0
987 1031 3
1200 1273 3
966 1084 5
636 725 2
1063 1132 6
890 967 0
882 991 0
1136 1229 3
913 1005 3
1173 1270 4
876 989 1
815 903 0
1211 1274 0
1142 1236 3
1134 1239 0
1036 1164 5
800 915 3
991 1059 1
906 1015 0
1145 1223 6
1010 1067 4
764 845 6
725 766 2
997 1037 0
790 865 0
834 883 6
1190 1273 3
963 1030 1
849 959 6
1016 1111 6
844 916 4
1032 1104 3
884 1001 1
1203 1274 1
822 896 2
1032 1068 6
930 1013 0
930 987 3
1078 1152 3
934 991 2
1155 1259 5
1126 1254 5
960 1032 0
1196 1268 4
987 1022 6
1143 1273 3
725 801 2
1140 1246 3
841 898 5
947 1024 4
1183 1263 6
1089 1192 4
1014 1077 0
994 1079 3
924 990 4
684 779 4
1116 1218 6
1001 1095 3
1153 1214 3
828 893 3
758 840 2
1063 1173 2
1035 1079 2
777 820 4
1183 1271 6
1125 1185 3
626 692 1
953 1051 6
1214 1252 3
1164 1208 0
1132 1191 5
767 842 4
749 889 1
913 993 4
720 857 4
1222 1261 6
1092 1214 0
1166 1242 1
746 878 1
780 880 2
814 892 2
991 1079 2
791 896 4
879 976 4
1092 1234 5
1152 1268 5
725 832 2
791 896 0
923 973 4
887 958 5
953 1050 3
1003 1076 0
917 951 4
779 835 2
1107 1250 5
1215 1274 3
1102 1247 3
1008 1087 3
885 963 1
869 899 2
991 1078 2
874 939 2
964 1076 1
1107 1180 3
1246 1274 4
684 752 0
1105 1205 3
988 1072 1
909 985 4
1146 1226 1
847 894 1
951 1013 4
1206 1259 3
795 887 1
833 897 2
834 950 3
1175 1270 3
759 894 0
853 954 1
976 1078 1
1162 1227 5
828 935 1
1036 1078 6
1181 1261 5
698 776 2
973 1077 5
751 859 0
597 670 6
1175 1274 0
766 880 6
976 1029 3
827 899 1
901 963 0
1111 1176 0
961 1077 6
1178 1263 0
873 927 0
760 832 2
1149 1260 3
1092 1168 5
974 1062 2
945 1055 0
993 1062 3
1046 1153 5
758 811 6
855 986 4
1018 1078 0
1194 1274 5
1132 1248 4
987 1079 3
679 817 5
1014 1079 4
1016 1073 5
937 989 4
1175 1273 2
772 838 1
985 1068 4
756 898 4
892 994 3
674 786 6
1215 1271 6
1172 1265 5
1111 1232 6
1019 1117 3
1023 1078 6
1227 1261 4
Shifts = 4
0 0 0 0 0 0
420 0 0 480 0 0
630 0 0 450 0 0
765 0 0 510 0 0
Employees = 40
438: 1 2 4 5 6 7 8 10 11 12 13 15 16 17 18 19 20 21 22 23 24 26 27 28 31 33 34 35 36 37 38 40 41 42 44 45 47 48 51 52 57 58 59 62 63 64 65 68 69 70 72 73 75 76 78 79 80 81 82 84 88 90 91 92 93 94 95 98 99 100 107 108 109 110 112 113 114 116 119 120 123 124 125 126 128 129 130 131 132 133 134 136 137 138 141 142 145 146 147 149 150 153 154 155 159 160 162 165 166 167 168 171 176 178 180 182 183 184 186 189 190 192 193 197 198 199 200 202 203 206 207 208 209 210 213 214 216 218 220 222 224 225 226 227 229 230 231 232 233 234 235 238 240 244 245 246 247 249 250 251 252 255 256 258 259 260 261 262 263 264 265 267 268 269 270 272 273 275 277 279 282 287 288 289 290 294 295 296 298 299 300 301 302 304 305 306 307 308 309 310 311 312 313 314 316 319 321 322 325 327 328 330 333 334 335 337 338 339 342 343 344 345 346 347 348 349 352 356 361 362 363 369 371 372 374 375 376 377 378 380 383 384 388 391 392 394 395 396 400 401 402 404 406 408 409 410 411 413 414 415 418 419 420 421 423 426 427 430 434 435 437 438 439 441 442 444 449 451 452 453 454 458 459 460 462 465 468 469 474 475 476 477 481 482 483 484 486 488 489 490 493 494 497 498 500 502 503 504 505 506 507 508 510 513 514 517 519 520 521 522 523 526 527 528 529 530 532 535 538 541 544 545 550 551 553 554 555 558 559 560 561 565 566 567 568 570 571 572 575 576 577 578 579 580 583 585 586 587 588 590 591 595 596 597 598 600 601 602 603 604 605 606 607 608 609 610 611 612 614 615 616 617 618 621 623 626 628 629 630 631 634 635 637 639 640 642 645 647 648 649 651 653 654 659 660 661 662 663 664 665 666 669 670 671 672 673 674 675 678 681 682 683 684 685 687 689 691 693 695 696 699 700 702 704 705 707 709 710 
424: 5 6 7 9 15 16 18 19 20 21 22 23 25 27 30 31 32 33 35 39 40 41 42 43 47 48 49 51 52 53 55 56 57 58 60 61 64 66 67 68 70 71 72 74 75 76 79 82 83 84 87 89 90 91 92 93 98 101 103 105 106 107 108 110 111 112 113 114 119 120 121 123 126 127 128 130 131 135 136 138 140 141 143 144 145 147 150 154 155 157 158 159 162 163 164 165 168 170 173 176 178 179 184 185 187 189 191 192 197 199 200 201 204 205 206 207 209 211 212 213 214 216 217 220 221 222 223 226 227 228 229 231 232 233 236 237 239 240 242 244 245 246 247 248 250 251 252 255 256 257 258 259 260 262 264 265 267 268 271 272 274 275 283 284 286 287 290 291 292 293 295 298 299 301 305 307 308 311 312 313 315 316 317 318 319 322 323 326 327 329 332 333 334 335 338 339 340 342 344 346 347 348 349 351 356 357 359 361 363 365 369 370 372 374 376 379 380 381 382 383 386 387 391 392 393 398 402 403 404 405 407 408 409 410 411 412 413 414 415 417 419 420 421 422 423 425 426 427 428 429 432 434 436 437 439 440 441 442 443 445 447 448 449 450 451 452 453 455 458 461 463 465 466 468 469 470 471 473 474 475 476 477 478 479 480 481 482 483 485 486 487 493 494 495 496 498 499 500 501 502 503 505 506 507 510 511 512 513 514 515 517 519 520 521 524 526 527 528 533 536 537 539 540 542 543 547 549 550 551 554 555 556 560 561 562 563 565 568 569 572 575 576 577 579 582 584 586 587 590 593 594 595 600 601 602 604 605 606 610 612 614 615 616 617 618 619 620 622 623 624 625 626 627 629 631 632 635 636 638 639 640 641 642 644 646 647 649 651 652 653 654 655 656 657 658 660 662 663 666 671 672 673 676 677 678 679 682 684 685 687 689 692 693 694 695 696 699 700 702 703 704 705 706 708 
422: 0 4 5 6 7 9 11 13 14 18 19 20 21 25 27 29 30 31 32 35 36 39 41 42 45 46 49 52 53 54 56 59 61 62 64 65 67 70 73 74 75 76 78 79 81 83 84 87 88 89 91 92 93 96 97 99 100 102 103 106 107 108 109 110 111 113 116 120 121 122 123 124 125 126 128 129 130 131 132 133 134 135 137 138 140 141 142 143 144 145 148 149 150 152 153 154 155 157 158 160 161 162 163 164 165 166 168 170 173 175 176 177 178 179 180 181 185 189 190 191 192 193 194 195 196 197 198 202 204 206 208 209 212 213 214 216 220 222 225 226 228 229 230 232 234 236 238 239 242 245 247 248 249 250 252 253 255 256 258 260 261 264 265 266 269 270 274 277 278 279 280 281 282 283 284 286 289 290 292 296 297 298 299 300 303 307 308 310 311 315 316 317 318 320 322 323 324 325 326 327 328 329 330 331 332 333 334 336 337 338 339 340 341 342 346 347 351 352 356 357 358 362 364 365 366 367 369 370 373 375 377 378 383 385 388 390 391 392 394 396 397 399 400 404 405 406 411 414 415 416 417 419 421 423 426 428 430 437 440 441 442 443 444 445 446 448 449 451 452 454 456 458 460 461 462 465 466 467 468 469 471 473 474 475 478 479 480 481 483 484 485 486 488 489 491 492 495 497 498 499 502 503 504 505 506 507 508 510 511 512 513 514 516 517 518 520 522 524 526 532 533 537 538 539 540 545 546 547 548 549 552 554 555 556 557 558 559 560 561 566 567 568 570 572 574 575 576 581 583 584 585 587 588 589 592 593 594 595 597 599 600 601 602 603 604 605 606 607 608 609 610 611 614 616 617 620 621 624 626 628 629 630 631 632 638 639 645 648 653 656 657 658 659 662 666 667 668 669 670 672 674 675 676 678 679 681 682 686 689 690 695 696 697 698 699 700 701 706 707 708 710 711 
440: 0 1 2 5 6 7 8 9 12 13 14 15 16 17 20 21 24 26 28 29 30 31 32 33 34 35 38 40 43 46 47 48 51 52 54 57 58 61 62 67 68 69 71 72 73 76 77 80 81 84 86 87 89 90 91 92 93 95 96 97 99 101 102 103 104 106 107 109 110 113 114 116 117 118 119 120 121 122 123 126 127 128 129 131 132 133 134 135 136 138 139 140 145 146 152 154 155 157 158 164 169 170 176 178 179 181 182 185 186 187 188 192 193 194 197 206 208 209 210 211 214 216 217 219 220 221 222 223 224 225 226 227 228 229 230 235 236 237 238 241 242 243 247 248 251 253 254 255 257 258 260 261 262 263 264 265 266 270 271 272 273 274 275 276 277 280 282 283 285 287 288 289 290 291 292 295 299 300 304 305 307 309 310 311 312 313 314 315 317 318 319 322 323 325 326 327 330 332 336 339 340 341 343 344 345 346 347 348 354 355 356 357 358 363 364 365 366 367 368 370 372 374 375 376 378 379 380 381 382 383 385 387 389 391 392 393 396 400 401 402 403 404 405 406 407 409 410 411 413 414 415 418 419 420 424 425 429 431 433 434 436 437 439 441 443 444 445 446 447 448 449 451 453 454 456 458 460 461 462 464 466 468 469 470 472 473 474 475 478 479 481 483 485 486 487 489 490 491 492 493 494 496 497 501 502 504 505 506 507 509 512 516 517 518 519 520 521 525 526 528 529 531 532 534 535 536 537 539 540 543 544 545 546 547 548 550 555 556 558 560 562 563 565 569 570 571 573 575 580 582 583 584 585 586 588 589 590 591 593 595 600 602 603 604 605 607 608 609 611 612 613 614 615 616 617 620 621 622 624 625 626 627 628 629 630 632 633 635 638 639 640 644 647 648 649 650 651 652 654 655 657 658 659 660 661 663 665 669 670 671 672 673 674 676 677 678 679 682 683 684 685 688 689 690 691 692 693 695 696 697 698 699 700 701 703 704 706 707 708 709 
430: 1 2 3 5 6 7 8 9 10 11 15 20 21 22 23 27 29 30 31 32 33 34 35 37 38 39 40 41 42 43 46 47 48 49 50 52 53 55 57 58 61 62 63 64 65 66 68 72 73 75 77 81 82 85 86 88 90 94 96 99 100 101 102 104 109 111 112 114 116 120 121 124 125 127 128 132 134 136 139 140 142 143 146 149 150 151 154 155 156 157 163 164 165 166 167 168 169 171 173 176 177 178 182 183 184 189 190 192 193 194 197 198 200 204 205 206 208 210 211 214 215 216 219 220 223 224 225 226 227 229 231 234 236 237 238 239 240 241 243 244 245 247 248 249 251 252 254 255 256 257 258 259 260 261 264 265 266 268 269 273 274 276 279 280 284 285 288 289 291 293 294 295 296 297 299 304 305 306 307 311 312 313 314 315 316 317 319 320 321 322 323 324 325 326 328 329 331 334 335 339 340 342 344 345 346 347 348 350 351 352 354 355 357 358 359 360 361 363 364 366 368 370 371 374 375 377 378 380 382 383 384 385 386 387 388 389 391 392 394 395 398 399 400 402 403 404 406 407 408 409 410 414 415 416 417 419 421 422 423 425 426 427 430 431 433 434 436 438 439 440 444 445 446 448 449 450 453 455 459 461 463 464 465 466 467 470 473 474 475 476 479 480 485 486 487 490 492 493 494 496 497 498 499 501 502 507 508 509 511 512 513 514 518 520 522 525 526 528 529 533 535 536 537 540 541 542 544 545 546 550 552 556 557 558 559 561 565 566 567 569 570 571 577 578 579 581 582 583 585 587 588 591 593 594 595 597 598 599 604 607 608 610 612 613 614 615 617 618 619 620 621 622 623 626 627 628 629 630 634 637 638 639 640 641 642 643 646 648 649 651 653 654 655 656 658 660 662 663 664 665 666 669 670 673 674 675 676 677 679 682 683 684 685 686 687 688 689 691 693 694 695 697 698 699 701 702 705 706 710 711 
418: 2 3 5 7 8 9 12 14 15 16 19 21 22 23 26 31 33 36 38 41 42 48 49 50 51 55 56 57 58 59 60 63 66 68 69 70 71 74 75 77 78 80 81 82 83 88 90 91 92 93 95 96 101 102 104 105 106 108 109 110 111 112 113 114 115 116 119 121 123 124 126 127 128 130 131 133 136 137 140 141 143 144 145 146 147 148 151 152 155 156 157 158 159 160 162 163 165 167 169 172 173 174 175 178 179 183 187 188 189 197 198 199 200 204 205 210 211 212 213 216 219 220 222 223 224 225 228 229 231 235 238 241 244 246 247 250 255 256 257 260 262 264 266 267 268 270 271 276 277 279 280 281 282 284 285 287 292 294 297 298 299 300 302 303 306 307 309 311 314 316 317 319 320 321 326 327 328 330 331 332 334 335 336 337 338 339 342 343 344 345 346 347 349 350 351 356 360 362 364 365 368 369 370 371 372 373 374 375 377 380 381 383 384 385 386 388 393 394 396 398 400 402 406 407 409 410 411 412 413 414 416 417 420 421 422 423 425 427 428 429 431 432 433 434 435 438 439 440 441 442 445 446 448 449 450 451 452 453 458 459 461 462 464 465 466 470 471 474 475 477 478 482 484 485 487 488 489 490 492 493 494 495 496 499 500 503 504 505 506 507 508 510 511 512 513 514 515 517 519 520 521 522 523 528 529 530 531 534 535 536 537 539 540 542 543 544 546 549 551 552 554 556 557 558 560 563 564 565 566 567 568 569 571 572 574 575 576 578 579 583 585 588 589 590 593 597 598 599 600 604 605 608 609 610 612 618 619 620 623 624 625 626 627 631 632 635 636 637 638 639 643 645 646 650 651 654 655 656 658 659 660 661 662 664 665 667 670 671 672 674 676 677 678 681 682 683 684 686 687 688 689 690 691 692 693 694 696 697 698 699 702 703 705 706 707 708 709 711 
430: 1 2 3 5 9 10 14 15 16 17 18 20 25 27 29 30 31 32 35 36 37 39 41 42 43 44 45 46 48 49 51 52 56 57 59 60 61 63 64 68 70 72 73 74 76 78 79 80 81 82 84 85 86 87 89 92 94 95 96 97 98 99 100 105 106 109 110 111 114 116 117 119 121 123 124 125 126 127 129 134 135 136 137 139 140 142 143 146 149 150 153 154 155 156 157 158 159 161 162 164 165 166 167 168 169 170 171 172 173 174 175 176 179 180 182 183 184 188 190 191 192 193 195 196 197 198 199 202 203 205 207 208 210 212 213 216 217 220 221 222 223 226 227 228 229 230 231 232 234 235 236 237 240 243 245 246 248 249 252 253 255 256 257 259 260 261 262 263 264 266 267 268 271 272 274 277 279 280 283 288 290 292 294 295 297 298 299 300 301 302 305 306 308 311 317 319 323 324 325 326 327 329 330 331 333 334 337 339 340 341 342 345 346 348 350 354 358 360 362 364 366 367 368 369 371 373 378 380 381 382 383 386 387 390 392 394 396 397 400 403 404 405 407 408 409 410 413 414 416 419 420 422 423 425 427 429 431 432 433 434 438 441 444 446 447 448 449 451 452 453 454 456 457 458 460 461 464 465 467 470 471 472 474 477 478 479 480 481 483 484 485 486 487 490 493 494 496 497 498 499 500 501 503 504 506 507 509 511 515 516 517 518 519 521 522 523 524 526 529 530 533 535 537 538 539 540 541 543 544 545 547 551 552 553 556 558 559 560 561 563 564 567 568 570 572 573 574 575 578 580 581 582 586 588 590 591 592 594 596 597 599 602 603 605 606 609 610 612 613 614 616 617 618 619 623 624 625 626 627 628 630 631 632 633 636 637 638 639 644 645 647 648 649 652 656 659 661 662 665 666 667 668 669 670 672 673 674 675 676 677 678 680 683 684 687 688 689 690 691 692 693 695 696 703 704 705 706 707 708 711 
417: 2 3 4 5 6 8 9 10 13 14 15 17 18 19 21 23 26 27 28 29 31 32 33 34 35 36 37 41 42 43 45 46 48 49 50 52 53 54 55 59 61 62 64 65 66 67 68 69 71 73 78 79 84 88 89 92 93 94 97 98 99 100 101 103 104 105 108 109 111 112 113 116 117 118 120 121 122 124 125 126 128 129 130 132 133 136 137 138 139 143 147 149 152 153 154 157 160 161 162 163 164 167 168 172 176 177 178 180 183 185 186 188 190 191 193 197 198 200 201 202 204 205 207 210 211 212 213 214 215 217 218 221 224 225 228 229 230 231 233 234 235 236 238 241 242 243 244 246 248 250 251 252 253 254 257 259 260 261 262 263 264 267 268 270 271 272 274 275 278 280 281 282 283 284 285 286 287 289 290 292 293 294 295 296 297 300 301 302 303 304 305 306 307 309 310 312 314 317 319 320 324 325 326 327 328 330 331 332 334 335 336 337 338 340 343 345 347 350 352 354 355 356 357 358 359 360 362 364 365 370 371 372 377 379 380 382 383 384 386 388 389 392 397 400 403 404 405 409 412 413 415 416 417 418 419 421 423 425 426 427 429 430 431 435 438 440 441 443 446 447 449 450 451 452 457 458 462 463 464 465 466 467 472 473 474 476 477 478 481 482 483 484 492 493 494 496 497 499 501 502 503 504 505 513 514 515 516 517 518 519 520 522 524 526 527 531 533 538 541 542 548 549 551 555 557 558 559 560 562 567 570 571 572 573 575 578 580 582 583 584 585 586 587 589 591 592 595 597 598 599 600 601 602 604 605 606 607 608 610 611 612 613 614 616 617 618 620 621 626 628 629 631 632 636 637 638 639 641 642 643 644 646 647 649 656 658 661 662 663 664 666 668 670 671 673 675 677 678 680 683 684 685 690 691 693 695 696 697 698 699 700 701 704 705 706 709 710 
423: 1 3 6 8 12 14 15 16 17 18 20 21 22 23 24 25 27 28 29 30 31 32 33 34 35 38 39 40 41 43 45 46 47 48 50 55 57 59 60 61 63 66 67 69 72 73 76 77 78 82 83 85 86 87 90 92 95 96 97 98 99 100 101 104 108 112 113 114 118 119 121 122 123 125 130 135 137 140 142 144 147 148 151 153 154 155 156 157 158 159 161 164 167 169 170 171 172 173 176 177 178 179 180 182 184 185 186 187 188 190 192 196 197 198 201 203 204 205 206 207 208 209 210 212 219 220 225 226 227 228 231 233 234 236 237 240 243 244 246 248 249 251 253 254 256 258 261 266 267 269 270 271 272 273 274 275 276 277 279 280 283 284 285 287 288 291 294 295 296 297 298 300 301 302 303 304 305 308 309 310 311 312 314 316 318 319 320 321 323 324 325 326 328 329 330 331 332 334 335 337 338 339 340 344 345 346 347 348 350 351 354 355 356 358 361 364 365 369 370 371 372 375 376 377 378 379 383 385 386 389 390 392 394 395 396 397 401 403 405 407 409 410 411 412 413 416 420 421 422 423 424 425 426 427 428 429 431 432 434 438 440 443 444 445 446 447 449 450 452 454 456 458 461 463 464 465 466 468 469 470 473 476 477 478 482 483 484 486 487 489 490 494 498 500 503 504 506 507 510 515 516 521 522 523 526 527 530 531 532 533 534 535 536 537 538 540 543 544 545 546 547 548 550 551 552 553 555 556 560 561 562 565 566 567 568 569 570 571 572 574 575 580 581 582 583 586 587 588 589 591 595 596 598 600 601 603 604 605 608 610 611 612 613 614 616 619 621 622 623 625 627 629 630 633 634 637 642 644 647 648 650 652 653 654 656 657 659 660 661 662 663 665 666 667 668 669 670 672 675 676 677 678 679 680 681 683 684 685 686 691 692 694 695 698 699 701 703 704 705 707 708 710 711 
429: 5 7 9 10 11 12 13 14 15 16 20 21 23 25 26 28 30 31 33 35 37 38 39 40 41 42 43 44 45 47 48 49 51 52 53 54 55 56 59 62 63 64 65 69 70 71 72 76 77 78 79 81 83 84 85 86 88 89 90 91 92 93 94 95 96 98 99 103 105 107 108 109 110 113 114 115 116 119 122 123 125 126 131 132 133 134 135 136 137 138 140 142 144 146 148 149 150 151 153 154 157 158 160 161 162 163 165 166 172 173 174 175 176 177 178 182 183 185 186 189 191 192 194 195 196 197 198 199 200 201 202 203 204 205 206 209 212 213 214 215 216 217 218 219 220 223 224 225 226 228 235 236 238 239 240 242 243 244 245 246 249 250 253 256 258 263 265 266 268 269 276 279 281 286 287 288 289 290 293 294 296 298 301 302 304 305 307 308 309 311 314 317 319 320 321 322 326 327 329 331 333 338 339 341 342 343 344 345 347 349 351 355 356 358 361 362 364 365 367 369 370 371 373 376 377 378 382 383 384 385 387 388 390 391 392 393 395 397 398 403 404 405 406 407 409 410 413 414 415 416 417 418 419 420 422 424 429 430 431 432 434 435 436 437 440 441 443 444 445 447 448 450 452 454 455 456 460 462 464 467 468 469 471 472 474 476 477 478 479 480 482 483 484 485 487 488 490 491 492 496 497 498 499 501 504 505 507 508 510 512 514 516 517 521 525 528 529 532 533 536 537 540 542 543 544 546 547 548 552 553 555 557 558 559 560 561 564 566 567 570 571 574 575 578 580 581 582 583 584 588 590 592 593 594 595 596 597 598 599 600 601 604 605 608 609 610 613 614 615 616 618 619 622 623 626 629 630 633 635 639 641 643 644 645 646 647 648 649 650 652 653 654 658 660 662 665 666 668 669 670 672 675 676 677 680 681 682 683 687 689 691 692 693 694 695 696 697 698 699 700 701 702 703 704 706 707 709 710 711 
412: 0 2 3 4 5 6 7 8 9 10 11 12 13 14 15 16 17 22 24 26 27 29 30 34 37 38 39 40 41 42 44 45 46 47 52 54 55 56 57 60 61 63 65 66 67 68 69 70 71 72 73 74 76 78 79 84 85 93 94 97 98 99 101 102 104 105 106 110 111 114 115 116 118 120 121 123 124 125 132 136 138 139 144 145 147 148 149 150 151 152 153 154 155 157 158 159 160 161 162 163 165 167 168 169 170 172 173 174 176 177 178 179 182 183 184 185 188 189 191 192 196 200 203 204 210 212 214 215 218 223 225 226 228 229 230 231 232 233 234 236 237 239 240 242 243 244 245 246 248 251 252 253 254 259 260 261 264 268 270 272 275 276 277 278 279 280 281 282 284 287 288 290 291 292 293 301 303 306 308 309 310 312 313 314 315 316 318 319 320 321 323 324 325 327 328 329 330 332 333 334 335 337 338 340 341 343 344 345 347 348 349 351 353 354 356 358 360 361 365 369 372 375 376 377 379 382 383 384 385 387 388 389 390 391 393 394 398 399 402 403 404 405 406 408 410 411 412 413 414 421 422 423 425 426 427 428 429 432 434 435 436 444 445 446 448 449 455 459 460 461 464 465 467 468 474 477 478 480 485 487 489 492 493 496 497 499 500 502 503 504 505 507 508 510 511 512 514 515 518 519 520 521 522 523 526 527 530 531 532 533 534 535 537 538 539 540 543 544 550 552 553 554 555 556 559 560 562 563 566 568 569 570 572 573 574 575 577 579 581 582 583 588 589 590 591 593 594 595 596 597 598 599 601 602 603 606 607 615 617 619 624 625 631 634 636 637 638 639 640 641 642 646 647 649 650 651 653 654 656 657 660 663 664 665 666 667 668 669 674 675 676 678 680 683 685 686 687 690 692 694 695 697 699 700 701 702 703 705 706 707 708 709 
454: 0 1 3 4 5 6 7 10 11 13 14 17 18 19 21 23 25 26 27 29 30 31 36 38 39 41 42 44 45 46 48 49 50 51 52 53 55 56 58 59 60 61 62 63 64 65 66 68 70 71 72 73 75 78 79 81 82 83 84 85 86 87 89 90 91 92 94 95 96 97 98 100 101 102 104 105 106 107 108 110 111 112 116 117 118 119 122 124 127 128 130 131 132 135 137 138 139 142 144 145 148 150 151 155 156 157 158 162 164 165 166 167 168 169 173 174 175 177 178 180 181 186 187 189 190 191 194 195 196 198 200 202 203 206 208 209 210 211 212 213 215 220 221 222 225 227 229 231 232 234 235 236 237 240 241 242 244 248 249 250 252 254 255 259 260 262 263 264 265 267 268 269 270 271 272 273 274 275 276 278 280 282 283 284 285 286 288 289 291 292 294 295 296 297 299 300 302 303 305 306 307 310 311 313 314 315 316 317 318 319 321 323 326 327 329 330 332 334 335 337 338 340 341 342 343 345 346 347 348 350 352 353 355 356 357 359 361 365 366 370 371 372 375 383 385 387 390 391 392 393 396 397 398 400 401 403 404 405 406 407 409 410 417 418 419 421 422 424 425 426 427 430 431 433 434 436 440 441 442 446 447 449 450 451 452 453 456 457 458 461 463 465 466 468 469 472 473 474 475 476 479 480 481 482 483 485 486 487 488 489 490 493 494 495 496 497 498 499 500 501 502 503 504 505 507 509 510 511 512 513 514 515 516 517 518 519 522 526 534 535 536 538 540 542 544 545 546 547 548 549 550 552 553 555 556 557 558 559 563 564 565 566 567 568 569 570 572 573 574 575 576 578 581 582 584 587 588 591 594 595 596 597 598 599 600 601 602 603 604 605 606 607 611 612 613 615 616 618 621 623 624 625 626 627 628 629 631 633 634 636 637 638 639 643 644 645 648 649 650 652 653 654 656 659 660 661 662 665 667 668 670 672 678 679 681 682 684 685 687 688 690 691 693 695 696 697 700 701 703 705 707 708 710 711 
432: 1 2 4 5 6 7 8 9 10 11 15 18 19 20 22 25 29 30 31 32 37 40 41 42 44 45 46 48 49 50 53 56 57 61 62 63 64 66 68 69 71 72 73 74 75 78 79 80 82 83 86 87 89 91 96 99 101 102 107 109 110 111 112 114 116 121 122 125 126 127 128 129 131 134 136 137 139 140 141 142 143 144 145 146 147 149 150 151 152 154 155 158 159 161 162 163 164 166 167 168 172 173 179 182 184 185 187 191 193 194 195 198 200 201 202 203 204 205 206 209 210 213 214 218 219 221 224 225 226 227 230 232 233 234 235 237 238 239 240 241 245 246 247 248 253 255 256 257 258 259 260 261 262 267 269 270 271 275 276 277 278 279 281 282 283 284 285 286 287 289 290 291 292 293 295 297 298 300 302 305 306 307 308 310 311 312 313 314 315 316 317 319 320 321 322 323 324 325 328 331 333 336 337 339 340 341 342 343 350 353 355 356 357 358 359 362 363 366 368 371 372 376 378 383 384 385 386 389 391 392 393 396 400 401 402 405 407 408 409 410 411 413 414 416 419 420 421 423 424 425 426 427 429 432 433 435 436 438 442 443 445 446 451 453 455 458 459 460 461 462 463 464 465 466 467 468 469 471 472 474 479 480 481 483 484 486 487 488 489 490 491 492 495 497 498 499 501 503 504 505 507 508 509 512 513 514 515 516 518 519 520 524 527 528 529 532 533 535 536 537 540 542 543 547 548 553 555 559 560 562 563 565 566 569 570 573 575 576 577 578 579 580 581 583 584 585 586 587 588 589 590 592 593 595 596 598 600 602 603 604 606 609 611 612 614 615 616 618 620 622 623 624 626 627 628 629 630 631 632 633 634 636 637 638 640 641 642 643 644 645 646 647 649 650 652 653 654 655 656 657 659 660 664 665 667 670 671 674 675 677 679 681 684 685 688 689 690 691 695 696 697 698 699 700 701 702 703 705 707 709 710 711 
421: 2 3 5 6 7 10 12 13 14 15 16 18 22 23 24 26 27 28 30 31 33 37 38 39 41 43 44 46 47 48 49 50 51 53 54 55 57 63 65 67 68 69 71 75 76 77 79 80 83 84 87 88 90 91 92 93 94 95 97 99 100 101 102 104 107 110 111 113 114 115 116 117 119 120 124 125 128 129 130 131 133 134 135 136 137 139 140 141 142 143 144 145 146 147 148 152 153 156 157 158 160 161 162 167 168 169 171 173 174 176 178 179 180 181 182 185 187 188 190 191 192 199 200 201 202 204 206 207 208 210 211 214 215 216 217 219 221 223 225 226 228 229 231 234 235 236 237 238 240 241 242 244 245 246 247 248 249 250 251 252 253 254 257 259 265 267 271 272 273 275 277 278 279 281 282 285 288 291 293 294 295 297 298 303 304 307 308 310 312 315 316 317 321 322 323 325 326 328 329 330 333 334 336 338 340 342 345 349 350 351 354 356 359 361 364 365 366 367 369 371 373 374 375 376 377 379 380 383 384 386 387 389 391 394 395 397 398 399 400 401 407 410 413 415 416 418 419 420 421 422 425 426 429 433 434 438 439 442 444 445 446 448 452 454 456 457 460 464 467 468 469 470 471 473 474 476 477 478 479 483 484 485 486 487 489 492 494 495 497 498 499 502 503 505 506 509 511 512 513 514 515 516 517 518 525 528 530 532 533 534 536 542 544 545 547 549 550 551 552 554 556 557 558 559 561 562 563 564 565 566 567 568 569 570 572 573 574 576 578 581 582 584 586 588 589 592 595 596 598 599 601 602 605 606 607 608 609 610 612 613 614 615 616 617 618 619 620 621 623 628 633 636 637 638 641 642 643 645 647 648 649 650 651 652 653 655 656 657 659 661 662 663 664 667 669 670 671 673 674 675 677 678 679 681 683 684 690 692 693 694 696 699 700 701 703 704 705 706 707 708 711 
435: 1 2 3 4 5 6 7 8 9 10 12 14 15 17 18 21 22 24 25 28 29 30 31 34 35 38 39 43 45 47 48 50 51 52 53 54 56 57 58 60 69 70 72 75 76 77 79 83 84 85 86 87 88 89 92 93 94 95 97 99 100 103 105 106 108 109 113 116 117 118 119 120 121 122 123 125 126 127 128 129 130 132 133 134 136 137 140 141 143 144 146 148 150 151 154 155 156 159 161 163 165 167 168 169 172 174 175 176 177 178 179 181 182 185 186 189 190 191 192 193 195 196 197 198 199 200 202 203 205 208 210 211 212 213 214 216 217 219 224 225 226 230 231 232 235 236 237 238 240 241 242 246 247 248 251 253 255 258 259 261 262 263 264 265 266 268 269 270 273 274 275 276 277 279 283 285 286 288 289 290 294 296 302 303 304 308 310 312 315 318 320 321 322 323 325 328 329 330 332 333 334 335 336 337 339 340 341 342 343 344 345 347 348 349 350 351 352 353 354 355 356 358 359 361 364 365 366 369 370 372 373 374 375 379 381 382 383 385 386 387 389 390 395 396 397 398 399 402 403 405 406 409 410 411 413 416 419 421 422 423 425 428 430 432 433 435 436 437 438 439 441 442 443 444 445 447 449 450 452 454 455 456 457 458 459 461 464 466 468 469 471 473 474 475 476 477 479 480 481 482 484 485 487 488 490 491 494 495 497 499 500 501 503 504 506 507 509 510 512 513 515 518 519 521 522 523 524 526 527 528 529 530 531 532 533 535 537 538 539 540 541 542 543 545 546 547 550 551 552 554 555 556 557 559 560 561 562 566 568 574 575 576 578 579 581 582 584 587 588 591 592 593 596 601 602 604 605 607 608 613 614 615 618 619 621 623 625 626 628 631 632 634 635 636 637 638 642 645 648 649 650 652 654 656 657 660 661 662 665 667 668 670 672 676 677 678 679 680 682 683 686 689 690 691 692 695 696 700 701 703 704 705 707 710 711 
421: 0 2 6 7 8 9 10 12 15 16 17 21 24 25 26 27 29 30 31 32 33 38 41 42 43 44 45 46 47 48 50 53 58 61 62 64 65 66 67 68 72 74 78 79 80 81 83 84 85 87 90 93 94 97 99 100 101 102 104 105 107 109 112 114 115 116 117 118 120 123 127 128 131 132 136 137 139 141 142 145 147 148 149 150 151 155 157 159 160 161 162 163 165 167 168 169 171 172 173 174 175 179 180 181 184 185 186 187 188 189 191 192 194 195 196 197 199 202 204 209 213 214 216 217 220 222 223 224 225 226 227 228 229 230 232 234 235 236 237 239 241 242 243 244 245 246 248 249 250 251 254 255 257 258 259 260 262 263 264 267 268 270 271 272 273 276 277 280 283 284 287 291 293 295 298 301 302 304 305 307 309 310 311 312 313 314 315 318 319 320 321 322 325 327 329 330 333 336 338 339 340 341 343 345 346 347 350 351 352 353 359 362 363 364 367 368 369 370 371 372 376 379 381 382 385 388 389 392 393 394 395 397 399 400 401 402 403 404 405 406 408 415 416 418 419 420 421 422 424 426 428 429 430 431 432 435 438 439 440 441 442 443 444 445 446 447 449 452 453 454 456 457 458 459 460 462 463 464 467 470 471 472 473 474 475 476 477 478 479 481 482 485 486 488 489 490 493 494 497 498 500 502 503 505 506 507 508 510 514 515 518 519 520 521 524 525 526 527 529 530 534 537 538 540 542 544 545 547 548 549 550 551 555 556 557 559 560 561 563 564 565 566 568 569 571 573 575 576 577 580 582 588 589 591 594 595 596 597 598 599 600 601 602 603 605 606 607 608 609 610 611 613 615 617 618 619 620 624 627 631 632 633 636 638 641 642 643 648 649 652 653 654 655 657 658 661 665 666 668 670 671 672 673 678 679 681 682 683 684 686 688 691 692 693 694 695 696 699 700 704 708 
401: 2 3 4 5 6 7 8 11 13 14 16 18 20 21 22 23 24 25 26 28 30 32 34 35 39 41 42 46 48 52 55 56 59 60 61 62 68 69 70 72 73 75 78 81 84 85 86 87 91 93 95 96 97 98 100 101 102 103 105 107 108 110 112 113 114 115 117 118 119 120 122 123 125 126 130 131 133 135 137 139 142 143 146 149 150 151 152 153 154 156 157 158 161 162 165 167 168 170 171 172 173 175 176 178 179 180 181 182 184 186 188 189 190 191 193 194 195 198 199 200 202 203 206 207 208 209 210 212 213 214 215 216 217 219 221 223 224 226 228 229 231 234 235 239 241 242 244 245 246 248 249 253 254 255 259 263 265 270 272 274 275 279 283 284 286 287 291 293 296 297 298 299 301 302 303 305 306 307 309 310 311 312 313 315 316 317 318 320 321 322 323 324 326 328 334 336 337 340 343 345 346 350 354 355 357 360 362 363 368 370 371 374 376 377 378 380 381 382 385 390 391 392 393 395 398 399 400 402 403 404 407 410 411 412 413 414 415 416 417 418 420 421 422 423 424 426 427 428 429 431 432 433 438 439 440 442 445 447 450 451 452 455 457 459 460 462 463 467 472 473 474 478 479 480 482 483 486 487 490 493 494 495 496 498 499 500 501 502 503 504 505 508 509 512 513 519 520 521 524 525 530 532 535 536 539 540 541 543 545 547 548 549 551 552 553 554 555 557 558 560 561 563 564 566 567 571 572 576 577 578 579 583 586 587 588 595 603 605 607 610 611 612 616 618 619 620 624 627 628 630 632 633 635 636 637 639 641 642 644 645 649 651 652 653 655 656 658 660 662 665 666 668 669 670 673 674 675 676 677 678 679 680 682 683 684 686 687 688 689 691 692 693 697 699 700 701 703 705 706 708 711 
437: 0 2 3 4 5 7 8 9 10 11 12 13 14 16 19 20 21 22 27 29 30 31 32 35 37 38 39 40 42 43 44 45 46 48 50 51 53 54 55 59 60 61 62 63 68 69 72 74 76 77 78 81 82 86 87 88 89 92 94 95 97 98 101 103 105 106 107 108 110 112 114 115 116 117 118 119 121 122 123 124 125 128 133 134 135 136 137 138 139 140 143 145 146 148 149 151 152 153 154 156 157 158 159 162 163 164 166 167 169 170 172 174 180 181 183 185 187 189 194 195 196 197 202 203 204 205 206 207 208 209 210 211 212 213 214 216 218 219 221 222 223 224 225 228 230 231 232 234 235 237 238 240 241 244 245 248 249 250 253 255 257 258 260 261 262 264 265 269 271 272 273 275 276 278 281 282 283 284 285 286 287 292 293 294 295 298 299 301 303 306 309 311 312 315 316 317 319 320 321 323 326 329 332 334 338 339 340 341 342 343 344 346 347 348 349 352 353 354 355 356 357 358 359 361 364 365 367 369 370 371 372 376 378 380 384 385 387 389 390 394 395 398 399 400 401 402 403 405 406 407 410 411 413 414 415 416 417 418 419 420 421 422 424 426 427 429 430 432 433 436 439 440 446 449 451 452 453 455 456 458 459 460 462 463 465 467 468 469 470 471 473 476 477 478 479 480 484 485 486 487 488 489 490 491 493 497 498 499 505 507 508 509 510 512 514 515 516 517 518 521 522 523 529 530 531 532 535 537 538 539 540 541 543 544 545 547 548 549 551 552 554 557 558 559 560 561 562 564 565 566 567 568 572 576 580 582 584 585 586 587 589 590 592 594 595 596 597 598 599 601 602 603 604 605 607 608 609 610 611 612 615 616 617 618 621 622 623 625 627 628 629 631 640 641 643 644 645 646 649 652 654 655 656 657 659 660 661 664 665 667 669 670 671 672 673 674 675 679 680 682 686 687 688 689 693 695 696 697 698 700 702 703 704 705 706 707 710 
430: 0 3 4 5 6 8 10 11 13 17 18 19 23 26 30 31 32 33 35 37 38 40 42 43 44 45 46 51 55 56 57 58 61 62 63 65 70 71 72 74 75 78 79 80 82 83 84 85 86 87 88 89 90 93 94 96 97 99 100 103 106 107 108 110 112 115 116 118 119 124 125 126 128 129 131 133 135 136 137 140 142 145 146 148 149 150 151 152 153 156 159 163 166 167 171 172 175 178 180 182 183 184 185 186 187 189 191 193 194 196 198 199 201 203 206 208 210 211 212 213 214 215 216 217 218 219 221 222 223 225 226 229 230 234 235 236 237 239 240 243 244 245 246 247 249 250 251 256 259 260 261 263 266 267 268 269 270 273 274 275 276 278 279 281 282 283 284 286 287 288 289 290 291 294 295 296 297 298 299 300 301 302 303 304 307 309 310 311 313 315 316 317 318 319 321 322 323 324 325 326 329 331 332 333 334 335 336 337 338 339 341 343 344 345 346 347 349 350 353 354 356 357 358 360 361 362 363 364 365 368 369 371 373 375 376 377 378 379 380 381 386 387 390 394 395 396 397 398 400 402 404 405 406 408 409 410 411 412 413 414 417 418 419 421 426 428 431 432 433 434 437 438 439 442 443 444 445 446 448 449 450 451 455 456 457 460 461 462 464 465 467 468 471 472 473 475 476 477 480 481 483 484 486 487 488 489 490 491 492 496 499 501 502 503 504 506 507 508 509 510 512 513 515 516 518 519 520 524 526 527 528 529 531 532 534 538 539 540 542 543 544 550 551 552 554 555 556 557 559 560 561 563 564 567 571 572 573 574 575 577 579 583 585 588 589 590 592 593 594 595 598 599 604 606 607 609 610 614 615 616 617 619 621 624 626 628 629 631 632 634 635 636 639 641 643 645 648 649 650 651 656 657 660 662 663 665 666 667 673 674 675 678 680 682 686 687 688 689 690 692 693 695 696 697 698 700 703 707 708 711 
430: 1 2 3 8 9 10 12 14 15 18 19 20 21 22 23 24 26 28 29 38 41 42 44 45 46 48 49 50 51 53 55 56 60 63 64 66 68 69 70 72 73 74 77 78 79 81 85 86 87 90 92 93 94 95 96 101 103 104 106 107 109 110 116 117 118 120 121 123 127 128 129 130 132 133 135 136 138 139 141 142 144 145 146 148 150 151 152 153 156 157 158 159 160 161 162 163 164 165 167 168 169 170 171 173 175 177 181 182 183 184 185 186 188 190 192 194 195 200 203 204 205 206 207 209 210 211 212 214 217 218 221 223 224 228 229 232 234 236 237 240 244 246 248 250 252 254 255 257 260 261 262 263 265 266 267 268 269 270 272 273 274 275 280 282 283 284 286 287 290 292 293 294 295 297 298 299 304 305 308 310 314 316 317 318 319 321 322 323 326 327 328 329 330 332 333 334 335 340 341 342 344 345 347 348 349 350 351 352 353 354 355 358 359 360 365 367 368 369 370 376 379 381 382 383 384 385 386 389 390 391 392 395 396 398 399 401 402 404 408 409 412 413 414 418 419 420 422 424 426 428 429 430 435 436 438 442 443 444 445 446 448 451 453 455 458 459 460 461 463 464 465 466 467 469 471 473 474 475 476 478 479 480 481 483 484 485 488 489 491 492 493 494 496 497 498 499 503 504 506 507 509 510 512 513 514 515 516 517 520 524 525 526 527 528 529 530 531 532 533 534 535 537 538 539 540 541 544 545 547 548 550 553 556 557 558 561 562 563 567 569 571 573 575 578 579 580 581 582 583 584 585 586 588 590 591 595 596 597 599 600 601 602 603 606 607 608 609 611 614 615 618 620 622 623 624 625 627 628 630 631 632 633 634 637 638 640 642 643 644 645 648 650 651 652 653 655 656 657 658 659 660 661 662 665 666 668 670 671 672 674 675 678 682 684 686 688 689 690 692 695 697 699 700 701 702 704 705 708 709 711 
413: 0 6 8 11 12 13 14 16 17 20 21 23 24 25 26 27 29 32 34 36 37 38 39 40 43 45 48 51 52 53 55 57 58 59 61 63 64 65 68 69 70 72 75 77 78 79 80 81 82 85 87 89 90 91 93 96 101 102 104 105 108 109 110 113 114 115 116 118 119 120 121 123 124 127 129 130 132 133 134 135 136 138 143 144 145 146 147 148 149 150 153 154 156 158 159 161 162 163 164 165 166 167 170 171 172 173 176 177 179 180 181 186 187 188 191 196 198 199 200 201 202 203 204 205 213 215 216 218 219 220 223 224 225 226 228 230 232 234 237 238 239 240 242 243 244 245 246 248 250 252 253 257 258 259 260 261 262 263 264 265 266 269 271 276 277 280 286 287 288 289 290 293 295 297 298 300 301 302 304 305 306 308 310 311 312 314 315 317 319 320 323 326 327 328 330 333 334 335 338 339 341 342 343 344 345 346 348 350 351 354 355 358 359 360 363 364 365 368 369 373 374 375 376 378 380 383 384 387 388 390 392 396 398 400 402 403 404 405 406 407 408 410 412 413 414 415 417 418 419 421 422 425 427 428 430 433 435 436 437 438 439 440 444 445 448 449 450 452 453 454 455 458 459 462 463 466 468 469 470 473 474 476 477 480 484 485 487 488 489 490 493 497 499 500 505 506 507 510 512 513 514 516 519 520 524 525 529 530 531 532 533 535 536 539 540 542 543 544 545 546 548 549 551 554 555 557 558 560 561 564 565 567 570 571 572 576 577 578 579 583 585 586 588 589 590 592 594 595 596 599 605 606 607 609 610 611 612 613 614 616 617 620 623 624 626 629 630 633 635 636 642 643 644 649 650 653 654 656 657 658 659 660 661 662 663 665 667 668 669 673 674 675 676 678 679 681 682 684 686 687 689 690 691 693 694 695 697 698 701 703 704 706 710 
426: 1 7 8 10 11 14 15 17 18 19 20 21 22 23 24 25 26 28 29 30 32 33 34 35 36 40 42 43 44 47 48 49 51 55 58 59 67 68 69 71 72 74 77 78 79 81 84 85 87 90 91 92 93 94 96 98 99 100 104 105 107 108 109 110 114 115 118 119 120 121 122 123 124 127 128 130 132 133 134 135 137 138 139 140 141 143 145 147 148 150 151 152 155 157 159 165 166 168 169 170 171 172 175 178 180 181 182 183 185 186 188 189 190 191 193 196 197 199 201 202 203 205 206 209 210 214 215 216 217 219 220 221 224 225 226 228 229 230 233 234 235 237 239 246 247 248 251 253 254 256 257 258 261 264 266 268 269 270 271 272 273 275 277 279 280 285 286 289 291 292 293 294 297 302 303 306 307 311 312 313 314 315 316 317 318 322 324 325 326 329 331 334 335 337 338 339 340 341 342 346 347 351 354 358 363 365 366 370 372 373 377 378 382 383 384 385 386 388 389 390 391 392 394 396 397 398 399 401 403 404 405 407 410 411 412 413 414 415 416 417 418 419 420 422 423 424 428 429 431 432 433 438 439 442 443 444 449 450 452 453 455 456 457 458 461 462 463 464 467 468 470 471 473 474 476 477 478 479 480 481 483 485 486 487 490 491 492 493 494 496 498 499 500 501 502 504 506 507 508 510 512 514 515 516 517 518 519 520 521 522 524 525 527 528 529 535 537 538 539 540 541 543 549 550 551 553 555 557 559 560 561 562 564 565 567 572 573 574 575 576 577 578 581 582 583 584 586 588 589 590 592 596 597 598 601 602 604 606 607 608 609 611 616 618 620 621 622 623 624 626 627 628 632 634 636 640 643 644 645 646 647 648 649 651 652 656 657 658 659 660 662 663 664 666 667 668 670 671 672 673 674 675 677 678 679 682 685 686 687 688 691 692 695 697 699 700 701 702 703 704 705 706 707 708 709 710 
399: 1 4 6 9 12 13 14 15 16 17 20 22 23 24 26 27 30 33 35 37 38 39 40 41 42 46 47 48 49 50 51 54 55 56 57 58 59 61 62 64 65 66 70 71 73 74 75 76 77 80 81 83 84 85 86 87 89 90 96 98 101 103 104 106 107 108 109 110 111 112 113 117 118 119 120 122 126 131 136 140 141 142 145 146 149 150 151 152 153 155 158 160 164 165 167 170 174 175 179 181 182 184 186 187 188 191 192 195 199 200 202 207 208 209 211 212 213 215 216 217 218 220 221 223 224 226 229 230 232 233 235 236 237 238 243 245 246 249 251 252 253 254 262 263 265 266 269 270 272 274 278 281 282 285 286 287 289 292 293 295 296 297 298 299 300 302 303 304 305 306 311 312 313 316 319 321 322 323 325 326 328 330 332 333 334 337 340 341 342 343 345 346 349 351 353 354 355 357 359 362 364 365 371 373 375 377 378 380 381 383 384 386 387 388 389 393 394 395 396 398 400 402 404 405 408 409 418 420 421 423 424 425 427 428 429 433 435 438 439 441 444 446 447 448 450 451 453 454 455 456 458 459 463 465 466 467 468 469 471 472 473 474 475 478 479 487 488 490 491 492 494 496 497 501 502 505 506 507 508 509 510 511 513 514 515 518 519 522 524 526 528 529 531 532 537 538 539 540 541 544 545 546 547 548 550 552 555 556 558 561 562 563 564 565 566 568 569 572 573 574 575 576 580 581 582 583 584 586 587 588 589 590 591 592 596 601 602 606 608 610 611 612 613 614 616 620 621 622 627 628 630 631 632 633 634 639 640 641 643 644 645 646 649 651 653 654 658 660 662 664 667 672 673 674 676 677 678 679 680 681 682 683 688 690 691 692 693 694 695 700 701 702 703 704 705 706 708 709 711 
429: 1 2 5 6 7 9 10 12 13 14 15 16 18 19 22 23 26 27 28 29 30 31 35 36 37 38 40 42 44 45 48 49 50 52 53 54 55 56 57 58 59 60 61 62 63 64 65 67 68 69 70 71 72 74 75 76 77 80 81 86 87 88 89 91 92 94 95 96 98 99 101 102 103 104 107 108 109 112 113 116 119 123 124 125 127 128 129 131 132 133 134 135 136 137 140 141 144 145 146 147 150 151 153 154 156 159 160 162 163 164 165 166 167 172 174 176 177 178 179 181 182 186 188 190 192 193 194 195 196 197 198 200 201 202 203 204 205 208 210 211 213 214 217 218 219 220 222 223 224 225 232 233 234 235 238 241 243 244 245 247 248 250 252 253 254 256 258 259 260 261 263 265 266 267 269 270 273 275 276 278 279 280 281 282 283 288 290 291 292 294 297 298 300 301 302 303 304 305 306 307 308 309 310 312 314 315 317 318 319 320 322 323 326 327 328 329 331 337 338 343 344 347 348 349 350 352 353 355 357 360 361 362 363 364 365 366 367 368 369 372 373 374 376 381 383 385 386 387 388 389 391 392 393 394 395 396 397 398 399 400 402 403 405 406 407 408 409 410 412 414 416 418 419 420 422 423 426 427 428 429 430 431 434 435 437 439 440 441 442 443 444 445 447 448 449 451 453 459 461 464 465 466 467 475 477 479 482 486 487 489 491 492 493 494 495 496 497 499 503 505 509 512 514 515 516 517 518 519 520 523 524 526 528 529 531 536 537 540 542 549 551 552 553 554 555 558 560 561 563 566 568 569 570 573 574 575 578 582 585 586 591 592 593 594 598 599 600 602 605 606 607 609 611 612 613 614 615 616 618 619 621 622 623 624 625 626 627 628 629 630 632 633 634 635 639 642 643 644 645 648 651 653 658 659 661 668 669 670 671 672 674 677 678 680 681 682 684 685 686 691 692 696 697 698 699 704 707 708 711 
431: 4 5 8 11 12 18 19 20 21 23 24 28 29 30 31 33 34 39 43 45 46 47 48 49 50 53 54 55 56 57 58 60 65 67 69 70 71 72 75 76 77 79 80 82 83 84 87 89 91 93 94 95 96 97 99 100 101 102 104 106 108 109 111 112 113 114 115 117 118 120 123 126 127 133 134 137 139 141 142 143 146 148 151 153 155 156 157 159 160 161 163 165 166 167 169 170 174 176 180 182 183 184 185 186 187 188 190 191 193 194 197 198 200 201 202 203 204 205 206 207 208 210 211 213 216 217 219 221 224 225 227 228 229 231 232 233 234 235 237 239 240 242 243 246 247 248 249 250 252 254 255 257 260 261 264 265 269 272 276 279 280 281 282 283 284 285 287 289 290 291 295 296 297 299 300 301 302 304 305 306 309 310 311 312 314 317 319 320 323 324 326 327 328 329 331 334 335 337 338 340 341 343 346 347 349 351 353 355 357 360 361 364 365 368 369 371 372 373 374 375 376 378 379 380 381 382 384 387 388 389 390 391 392 396 397 401 403 407 409 410 411 413 414 415 417 419 420 421 423 425 426 427 429 430 431 433 435 436 437 440 442 443 444 446 447 448 449 450 451 453 454 455 456 459 461 462 464 466 467 468 470 471 474 476 477 478 479 482 484 485 486 489 492 493 496 499 500 501 502 503 504 505 506 507 508 509 511 512 513 515 516 520 522 524 525 526 527 529 530 532 539 540 541 542 543 544 551 553 556 557 558 559 562 563 569 570 571 572 573 574 575 577 578 580 581 584 587 588 590 591 592 595 597 598 599 602 603 605 607 611 612 613 614 617 618 620 621 622 623 624 625 626 628 629 632 635 636 637 639 641 642 643 644 645 646 648 649 651 652 653 654 655 656 658 660 663 664 665 666 668 669 670 671 673 676 677 678 679 681 684 687 689 690 691 694 695 696 697 698 700 701 702 703 704 705 706 707 708 709 710 711 
427: 0 2 3 5 6 7 8 9 10 11 15 17 21 25 26 27 30 31 32 34 36 37 41 42 43 44 46 47 48 49 51 52 54 55 57 60 61 62 65 67 68 69 72 73 74 75 79 80 81 82 83 84 85 86 87 88 89 91 93 94 95 96 97 98 99 101 103 104 105 106 107 108 109 110 111 115 117 118 119 120 122 125 126 128 129 131 132 133 135 137 141 142 143 144 145 146 147 149 150 151 152 153 154 155 156 160 161 163 164 165 167 169 171 173 175 176 178 180 182 185 187 190 193 194 197 198 201 202 203 204 205 206 208 210 211 213 215 218 219 222 224 225 227 231 232 233 237 238 240 242 244 245 246 248 253 255 256 257 258 260 263 264 265 266 268 269 272 277 278 279 282 283 285 286 288 289 290 294 297 298 299 300 301 302 303 304 306 307 308 309 310 311 312 313 314 316 318 320 321 323 324 327 328 329 330 331 334 338 340 342 346 348 349 350 351 352 353 355 357 358 359 360 362 364 365 366 371 375 376 377 378 379 380 381 384 385 391 393 394 395 396 397 398 399 400 401 403 404 405 406 408 410 411 412 413 414 417 418 419 422 423 425 430 431 433 436 437 442 443 444 445 448 449 450 451 453 454 455 456 459 460 463 465 467 472 473 474 475 476 478 480 481 484 485 488 489 490 491 494 495 497 498 499 500 501 503 504 508 509 510 513 514 516 518 519 520 521 522 525 526 527 528 529 531 533 535 536 537 538 543 544 545 546 547 548 550 552 553 554 556 557 558 559 561 562 564 566 567 569 570 571 574 576 583 586 587 589 590 591 596 597 599 600 601 602 604 605 606 609 610 613 614 615 616 617 618 619 620 623 624 625 626 628 630 633 634 636 638 639 640 643 644 645 650 651 653 654 656 657 659 661 662 663 665 669 670 671 672 673 674 676 677 680 681 683 685 688 689 692 693 700 701 702 703 705 709 711 
429: 0 3 6 7 8 9 11 13 15 16 17 18 19 20 21 22 24 26 27 28 29 30 31 32 33 34 36 40 41 42 43 44 46 47 48 49 50 51 52 53 57 58 59 61 62 63 67 68 70 71 73 75 76 79 81 86 91 95 97 100 101 102 103 105 107 108 110 112 114 115 117 118 119 121 124 127 129 130 132 135 136 137 139 140 141 142 143 144 150 152 154 155 157 158 159 164 165 166 168 171 172 173 176 178 179 181 182 183 185 186 187 189 190 191 192 193 194 197 200 201 202 204 207 210 212 214 215 216 217 218 219 221 224 228 229 230 232 235 236 240 243 245 246 247 248 252 253 255 256 260 261 263 264 265 266 268 269 270 273 274 276 277 280 282 284 287 288 289 290 292 297 298 299 300 302 303 304 305 306 307 309 310 311 313 314 315 316 317 318 320 322 323 324 325 326 327 328 329 331 335 336 339 340 341 342 343 344 345 346 348 350 351 352 353 354 355 356 357 358 359 361 363 364 366 368 369 370 371 373 374 376 377 378 381 382 384 387 388 389 390 393 394 397 398 399 400 402 404 405 406 408 410 411 412 413 417 419 421 423 424 425 428 429 430 431 432 434 435 436 437 438 439 440 441 442 443 445 447 448 450 451 452 453 454 456 457 458 459 460 463 464 465 466 467 468 469 470 473 474 480 481 482 484 485 486 487 488 493 495 496 497 498 503 506 507 510 511 513 514 515 517 518 521 522 523 524 526 527 528 530 531 532 535 540 541 542 543 545 546 548 549 551 553 554 556 558 561 562 563 565 567 568 569 571 573 574 577 579 581 582 583 585 587 589 591 592 595 597 598 599 602 603 604 606 612 614 615 616 617 620 621 622 623 628 629 636 637 638 640 641 642 644 646 648 649 650 652 653 654 657 658 659 660 663 664 669 671 673 678 679 682 684 685 686 687 690 691 694 696 697 698 700 701 702 703 706 707 710 711 
456: 1 2 3 4 5 7 9 11 12 13 14 15 16 17 18 19 22 23 24 25 28 29 30 31 32 33 34 35 36 37 39 41 43 44 45 46 47 48 49 53 54 58 59 60 61 63 64 66 69 70 71 73 74 76 77 78 80 81 83 85 86 87 89 91 92 93 95 96 97 98 99 100 102 103 104 108 109 110 111 112 113 114 116 118 119 121 123 124 125 127 128 131 132 133 135 136 137 138 140 142 143 144 145 146 148 150 152 153 154 156 157 158 159 160 161 162 163 164 165 166 170 171 172 173 174 176 177 180 182 186 188 189 190 191 195 196 198 200 201 203 204 205 206 207 209 212 213 215 217 218 220 221 222 223 224 225 226 227 231 232 236 238 240 241 242 244 246 249 251 253 254 257 259 261 263 265 266 270 272 273 275 276 277 278 281 283 284 285 286 287 289 290 291 293 294 298 301 302 303 305 306 307 309 310 312 313 314 316 317 318 319 320 321 322 323 324 328 329 330 331 332 333 334 335 336 337 338 339 340 341 342 343 344 345 347 348 351 352 353 354 357 358 360 362 363 365 366 367 368 369 371 372 373 374 375 377 381 382 383 384 386 387 388 389 390 394 395 396 398 400 401 402 403 406 407 408 409 411 412 414 415 416 417 418 419 421 425 427 428 429 430 431 432 433 434 437 439 440 445 446 447 448 450 452 454 455 459 462 463 464 465 466 467 468 472 474 475 477 478 480 481 482 483 486 488 489 492 494 495 497 500 501 502 503 504 505 506 508 509 510 514 515 517 518 520 521 522 523 524 526 527 528 529 530 532 533 535 536 537 539 540 542 543 544 545 546 547 549 550 553 556 557 558 561 562 563 565 566 567 568 570 571 574 576 577 579 583 584 585 587 588 589 590 594 596 604 606 607 611 612 614 615 616 620 624 625 630 631 633 634 635 636 639 640 642 643 645 647 649 650 651 652 653 654 655 657 658 659 663 665 666 667 670 671 673 674 676 677 680 683 684 685 686 687 689 690 691 693 695 697 701 704 705 708 709 711 
440: 1 2 4 7 10 12 14 16 18 19 21 22 25 26 28 29 30 31 33 34 36 39 40 43 44 45 46 47 49 50 51 53 54 56 57 60 64 72 74 75 76 79 81 82 84 86 87 88 90 91 92 93 94 95 96 97 101 102 103 105 107 108 109 111 114 117 118 119 123 124 125 126 127 128 130 131 132 133 138 139 140 142 143 145 146 148 150 151 152 156 157 158 159 160 161 162 164 167 169 170 171 172 173 174 175 176 177 179 180 181 182 184 186 188 190 193 194 195 199 200 201 202 203 204 205 207 208 210 211 214 216 219 220 222 224 225 226 227 228 230 231 232 233 234 235 237 239 241 243 244 245 246 248 250 253 254 255 256 257 258 259 260 263 265 266 268 269 271 273 274 275 276 277 278 279 281 282 283 284 285 287 289 292 293 294 295 296 297 298 301 302 304 306 307 308 312 315 318 319 320 322 323 324 325 328 329 330 334 336 338 339 341 342 343 344 345 346 347 348 351 352 353 354 356 357 358 360 362 363 365 367 368 369 370 371 373 376 377 378 380 383 388 391 392 393 396 397 399 401 402 403 404 405 406 407 408 410 413 415 416 417 418 419 420 421 423 426 427 432 434 436 439 440 441 442 443 444 447 448 449 450 451 453 454 455 458 459 463 464 465 466 467 471 472 473 474 475 476 477 478 479 484 487 491 493 496 498 499 502 505 507 508 509 510 511 513 514 515 516 519 522 523 524 526 527 528 530 532 533 535 536 537 538 539 541 542 543 545 546 547 549 550 553 554 555 557 558 559 560 561 563 568 573 575 576 577 578 579 581 582 583 584 587 589 594 595 596 597 598 599 600 601 602 606 607 608 609 610 611 612 613 616 617 618 620 621 623 624 625 626 627 628 629 630 631 633 635 636 637 638 640 644 646 647 648 649 650 651 654 657 658 660 661 662 664 665 667 669 670 672 673 677 678 679 680 682 687 688 691 692 694 695 697 698 699 701 703 706 709 711 
412: 0 1 3 4 6 8 12 13 15 16 17 22 23 25 26 29 30 32 34 35 36 37 39 40 41 45 46 47 49 51 52 53 55 56 57 59 61 62 63 65 66 68 70 71 72 73 74 75 76 77 79 82 86 88 89 90 91 95 97 101 102 106 109 110 114 115 116 117 118 120 123 124 125 126 128 129 130 135 136 137 138 139 140 142 145 146 150 151 153 156 157 160 162 163 167 168 172 174 178 179 180 181 182 183 186 189 190 193 195 196 199 200 202 205 207 208 210 215 216 217 218 219 221 222 224 226 231 232 233 235 236 237 238 241 242 243 245 246 248 249 251 252 254 256 257 260 261 262 264 265 266 268 269 270 272 275 276 277 282 283 284 285 286 287 288 289 290 291 292 293 294 298 300 303 304 305 306 307 309 310 311 312 313 314 315 316 318 319 320 321 323 324 326 327 330 331 333 334 336 338 339 340 341 344 345 346 347 348 349 350 354 355 356 357 358 359 360 365 366 367 368 370 372 374 375 378 383 384 385 387 389 391 394 396 397 401 402 403 404 405 406 408 409 412 414 416 418 420 423 424 426 427 429 431 433 435 439 440 444 445 446 450 451 454 455 457 458 459 460 462 466 467 469 471 472 476 482 484 486 488 489 490 491 492 494 495 496 499 500 504 505 507 512 514 516 517 519 522 523 525 527 529 531 532 534 535 536 537 538 540 543 544 548 549 550 551 552 553 554 556 558 559 561 563 565 566 568 570 572 573 574 575 576 577 580 581 583 585 588 589 590 591 593 597 598 600 602 603 604 606 607 608 609 610 611 613 615 617 619 622 624 625 629 631 632 633 634 635 637 638 640 641 642 643 644 646 647 648 649 650 651 653 654 655 656 657 659 660 661 663 667 669 670 671 674 675 678 679 682 683 686 687 688 691 692 693 699 702 704 705 707 708 
440: 0 1 5 6 7 9 11 13 14 15 16 18 19 20 22 24 28 29 30 31 32 33 34 36 37 38 40 41 44 45 47 48 49 54 56 57 58 60 62 63 64 65 66 68 71 74 77 78 79 82 83 84 85 89 90 93 94 95 98 99 104 108 110 111 112 113 114 116 118 119 121 122 123 124 127 128 129 131 133 134 136 137 141 142 143 144 147 148 150 151 153 154 155 157 159 161 162 165 166 167 168 169 170 173 175 176 177 180 182 183 184 186 188 190 197 198 200 201 202 203 204 205 207 208 209 211 213 215 216 217 220 221 222 223 224 227 228 229 230 232 234 235 236 237 238 239 241 242 246 248 249 250 251 255 256 257 258 260 261 262 263 264 266 267 268 269 270 272 274 275 276 278 280 281 282 284 285 286 287 288 289 291 293 294 295 296 301 302 303 304 307 308 309 311 312 314 315 317 319 321 322 323 324 327 330 331 332 336 337 339 342 347 350 354 355 356 357 358 359 361 362 364 365 366 367 368 369 370 371 372 374 375 376 377 382 385 386 387 388 389 390 392 393 396 397 398 399 400 401 403 404 405 406 407 412 416 417 418 419 421 422 424 425 426 431 433 436 437 439 440 441 443 444 445 446 447 452 458 459 462 463 464 466 467 468 470 471 473 475 476 477 481 482 483 484 486 487 490 492 494 496 497 500 501 502 504 506 507 509 510 512 513 514 515 517 518 519 520 521 523 524 525 527 528 530 532 533 534 535 536 537 538 540 541 543 544 546 547 549 550 552 553 554 555 557 558 559 560 561 562 563 567 568 569 570 571 573 574 575 577 578 579 580 581 582 584 585 586 587 590 592 595 596 597 598 599 603 604 605 607 613 614 615 617 618 620 621 622 624 625 626 629 631 633 634 635 636 638 640 642 643 644 646 648 650 654 655 656 658 659 661 663 664 668 669 672 674 676 677 678 679 680 683 685 686 689 691 693 694 695 696 697 698 700 702 703 707 708 710 711 
441: 0 2 3 4 6 7 8 9 12 13 14 15 16 17 19 20 21 23 25 26 27 29 30 31 34 35 36 37 38 39 41 42 47 48 52 55 56 57 59 60 61 63 65 69 70 71 73 74 75 77 78 81 82 84 85 86 88 92 94 95 98 100 101 102 103 104 105 106 111 112 113 115 116 117 118 119 120 121 122 123 125 129 130 131 132 134 135 136 137 139 141 142 144 145 149 150 151 153 155 156 159 160 161 163 168 170 172 175 177 178 180 182 183 187 188 192 193 194 195 196 198 199 200 201 202 203 204 205 206 207 208 209 210 213 214 216 218 220 222 223 226 230 231 232 233 234 235 236 237 239 240 243 247 248 250 252 254 255 259 260 261 262 263 264 266 269 270 271 272 274 276 278 280 281 283 284 285 286 287 288 290 292 293 295 296 297 298 299 300 301 302 303 305 307 310 312 318 319 320 321 322 325 327 329 330 333 335 337 338 339 340 341 342 343 344 350 352 359 360 361 365 368 370 371 373 374 380 381 382 384 385 386 388 389 390 391 392 393 395 396 397 398 400 401 402 404 405 406 409 410 412 414 415 416 418 419 420 423 426 427 428 430 431 432 435 437 438 439 440 444 445 446 449 450 452 454 455 456 463 465 466 467 468 470 472 473 474 475 477 479 483 484 485 486 487 488 489 490 492 493 494 495 497 498 499 500 501 502 503 504 505 506 507 508 511 512 513 515 518 519 520 521 523 524 525 526 527 528 529 536 538 539 540 541 545 546 547 548 552 555 556 557 559 560 561 562 565 567 568 569 570 571 572 575 576 577 580 581 582 583 584 590 592 593 594 595 597 598 599 600 601 602 603 606 607 609 612 613 614 615 616 617 618 620 621 623 624 625 626 627 628 631 632 633 634 635 637 638 639 640 641 644 645 647 649 650 651 653 655 656 657 658 659 660 662 663 664 668 670 671 672 674 675 677 678 679 682 684 689 690 692 693 695 698 700 701 706 707 709 710 711 
426: 2 6 8 9 10 11 12 13 14 15 16 18 23 26 27 29 31 33 34 36 38 39 40 45 46 50 54 57 58 59 62 63 64 65 66 67 68 70 73 75 77 78 79 80 81 84 85 86 88 89 90 92 93 94 95 99 100 101 102 103 106 108 109 111 113 116 118 120 121 123 125 126 127 128 129 130 131 132 135 136 137 138 139 140 141 142 143 144 145 146 147 149 150 155 156 157 159 162 163 164 165 167 169 170 171 172 173 175 176 179 182 185 186 187 190 192 194 195 196 197 199 201 202 203 204 206 207 210 212 213 214 215 218 219 220 221 223 224 225 226 228 230 231 234 236 238 239 240 242 246 247 249 250 251 252 254 257 259 263 264 265 267 268 269 270 271 273 274 276 277 281 282 284 286 288 291 292 293 294 296 297 298 299 301 302 304 305 306 310 311 312 314 316 317 320 321 323 325 326 329 330 333 335 337 338 339 340 342 344 345 346 347 348 349 350 351 352 353 355 356 357 358 359 360 361 364 365 366 367 368 369 372 373 374 377 378 379 380 381 384 386 387 389 390 391 393 394 395 396 397 398 399 402 404 405 406 407 409 410 411 412 413 416 418 419 423 426 429 430 431 434 435 437 440 441 442 446 447 448 449 450 452 453 455 456 463 464 466 467 469 470 471 472 473 476 477 481 482 484 486 488 489 497 498 503 506 507 512 514 517 519 520 524 526 527 528 530 532 533 534 535 537 538 539 540 541 542 543 545 546 547 548 549 551 552 554 555 557 558 559 563 565 566 568 569 570 572 573 574 576 578 581 582 585 590 591 593 597 598 599 600 602 605 606 610 611 612 613 615 618 619 620 622 623 624 625 626 628 629 636 638 639 641 642 643 644 648 649 650 651 652 653 656 658 659 660 661 662 663 664 665 666 667 669 670 671 672 674 675 676 678 680 684 688 690 692 695 696 697 698 699 703 704 706 707 709 
417: 0 2 3 5 6 7 8 13 14 15 16 17 18 19 22 25 26 27 29 33 34 37 39 42 44 45 46 47 50 52 53 54 57 59 60 61 62 63 64 65 67 68 70 71 72 75 76 79 80 81 83 84 85 88 89 90 92 95 96 98 99 101 102 104 105 107 108 113 115 117 118 119 120 121 122 123 125 126 128 131 132 135 136 138 140 142 143 144 145 148 150 152 153 155 156 157 158 159 160 161 163 164 167 169 170 171 173 178 179 180 187 188 189 192 196 198 199 200 202 203 206 208 209 212 214 215 220 221 223 225 227 228 229 231 232 234 235 236 238 240 243 245 246 248 249 251 252 253 254 257 258 260 261 264 266 267 274 276 278 279 281 284 285 286 288 289 294 295 296 297 300 301 302 303 304 305 307 309 310 311 312 314 315 317 318 319 321 324 325 328 329 331 332 333 335 336 337 339 340 342 343 344 345 346 349 352 353 359 360 361 364 366 367 368 369 371 374 376 380 381 382 383 384 387 389 390 391 392 394 395 397 398 400 401 402 403 404 405 406 408 410 412 413 414 416 421 425 428 429 430 432 433 436 437 438 440 444 447 448 449 454 455 457 458 459 460 466 467 468 471 473 474 475 476 477 478 481 482 483 484 486 489 492 493 494 495 496 499 501 502 504 505 506 507 508 509 512 513 514 516 518 521 522 524 527 528 529 530 531 532 533 535 538 541 544 546 547 552 553 554 555 557 558 559 560 562 563 566 567 568 569 570 571 572 573 574 575 577 578 579 581 582 586 588 589 590 591 592 596 597 598 600 603 604 605 608 611 612 613 614 615 617 618 619 620 624 625 626 627 628 629 631 633 634 636 637 638 639 640 645 646 647 648 649 650 651 652 653 655 656 659 660 662 664 666 669 671 672 675 679 681 683 684 687 688 690 695 698 699 700 701 703 704 705 706 710 711 
425: 2 6 8 9 10 11 15 19 20 23 26 27 29 31 32 33 34 36 39 42 44 45 49 50 52 53 54 55 58 60 61 62 64 69 70 71 73 76 77 78 79 80 82 83 84 85 86 87 88 89 90 91 95 96 97 101 103 104 105 107 108 110 111 114 115 117 119 120 123 124 126 128 129 132 134 135 136 137 139 140 141 142 144 149 150 151 154 159 160 161 162 163 167 168 169 170 171 173 174 175 176 178 179 180 181 182 183 185 186 188 189 190 191 192 194 196 197 200 201 202 204 205 206 207 208 211 213 214 217 219 221 223 224 226 227 229 231 232 233 236 237 238 239 240 241 242 243 244 245 246 248 249 255 256 258 259 260 261 262 265 267 268 269 270 271 272 274 276 277 280 281 284 286 288 290 291 294 295 296 298 300 301 303 305 308 309 310 315 317 318 319 320 322 324 325 326 328 329 330 334 336 340 342 343 345 347 348 350 352 353 354 356 357 359 360 364 366 367 373 376 378 381 383 385 386 387 388 389 390 392 394 396 397 398 399 400 402 405 406 407 409 410 411 412 413 416 418 419 420 421 422 424 425 426 428 432 433 434 437 438 443 444 445 446 447 449 451 452 453 454 456 457 458 459 461 462 464 465 471 474 476 479 481 482 483 485 486 487 488 489 490 491 493 495 496 497 498 500 502 503 506 507 509 510 511 512 514 515 516 517 518 519 520 523 525 526 527 530 533 536 537 538 541 542 545 546 551 552 553 554 555 558 559 560 561 562 564 568 569 570 571 572 573 576 577 578 579 582 583 585 588 590 591 592 593 594 595 597 598 600 602 603 604 605 606 610 611 613 614 615 617 618 619 620 621 623 624 625 629 630 632 633 634 635 638 639 640 642 644 645 646 647 648 649 651 653 655 656 657 658 662 663 665 667 669 671 674 675 676 678 681 683 689 690 691 692 693 697 699 702 703 706 708 709 710 
443: 0 5 6 7 10 11 12 13 14 15 16 17 19 20 22 24 25 28 30 31 33 34 36 38 39 40 41 44 46 47 49 50 51 53 54 55 56 57 58 59 60 63 64 68 72 73 74 77 79 80 81 82 84 86 88 89 93 96 97 98 102 103 104 106 108 109 111 112 114 115 116 121 123 124 125 126 127 128 129 130 133 134 135 138 139 141 142 144 147 148 149 150 151 153 154 155 157 159 161 162 163 164 167 168 172 173 175 178 180 185 186 187 188 190 191 192 197 198 199 202 203 204 205 206 207 208 209 210 213 214 216 217 218 219 220 221 223 225 226 227 228 232 233 235 237 242 244 248 249 250 252 255 256 257 258 259 262 263 265 266 269 270 271 272 273 275 278 279 282 284 286 287 289 291 292 293 296 299 301 302 303 306 307 308 310 311 314 315 318 320 322 325 327 328 330 331 332 333 334 335 336 338 339 340 341 342 344 345 347 348 349 350 353 355 357 358 359 362 363 365 366 367 370 372 373 374 376 377 378 382 386 387 388 390 391 392 393 396 397 398 399 401 402 403 404 405 407 409 410 411 413 415 421 422 423 425 427 428 430 432 433 435 436 440 441 442 443 444 445 446 447 448 450 452 455 456 457 458 459 461 462 464 465 466 467 468 470 471 474 478 479 480 482 484 489 497 499 500 502 503 504 505 507 510 511 512 513 514 515 517 519 520 521 522 523 525 526 527 528 529 530 531 533 535 536 539 541 542 543 544 545 546 548 551 553 554 555 558 561 562 563 564 565 566 567 568 569 571 573 575 576 578 579 580 581 583 584 586 589 590 591 593 596 598 599 600 603 604 605 606 607 608 609 610 611 612 613 614 615 616 618 620 621 623 624 627 629 632 635 637 638 639 640 641 642 643 644 645 647 649 650 651 652 653 654 655 658 659 660 662 663 664 669 670 672 673 674 676 677 678 679 680 684 685 686 687 688 689 691 693 694 695 696 698 700 701 702 703 704 705 707 708 709 
418: 1 3 5 7 9 13 15 19 21 22 24 25 26 27 28 32 33 34 35 36 37 38 39 41 42 45 46 50 51 52 53 54 55 57 58 59 60 61 62 63 64 68 69 71 72 73 75 77 82 84 86 87 89 93 94 95 97 103 104 106 109 110 111 119 121 122 123 124 125 127 128 132 133 135 136 138 140 143 144 145 148 152 153 154 155 156 157 159 160 163 164 165 167 168 171 173 176 177 179 183 185 186 187 188 189 191 192 193 197 200 201 203 204 209 210 211 215 217 220 223 224 226 227 229 230 232 234 236 237 238 239 240 242 243 248 252 253 254 255 256 265 268 269 270 271 273 274 275 276 277 279 282 283 285 286 288 289 290 294 295 298 299 300 301 304 305 307 308 312 313 314 315 316 317 318 321 322 323 326 327 328 329 332 334 336 339 340 344 345 347 348 349 350 352 353 354 357 358 359 360 362 370 373 377 379 382 383 384 385 389 391 392 393 394 395 396 397 398 402 403 405 408 409 411 412 413 414 415 417 418 421 422 423 425 429 430 431 432 434 435 436 438 440 442 443 444 445 447 448 450 452 453 454 456 459 461 462 463 470 472 473 474 475 476 477 480 481 482 483 484 485 486 488 489 490 491 492 493 494 500 501 502 504 506 511 512 513 514 515 516 517 518 519 520 522 524 525 526 529 530 531 532 534 537 538 539 540 542 543 545 546 548 551 552 553 554 556 559 564 565 568 569 570 575 576 577 579 580 581 584 588 590 592 593 594 596 597 598 599 600 601 602 603 604 605 609 610 611 612 614 615 616 617 618 622 623 624 625 626 627 628 629 631 632 633 634 636 638 639 641 643 644 645 647 648 650 651 654 657 658 659 660 662 663 665 666 670 672 673 675 676 677 678 679 680 682 683 684 686 689 690 691 692 693 694 695 696 697 698 701 703 704 705 706 707 709 710 711 
434: 1 2 3 4 6 8 9 10 11 14 16 17 20 24 25 27 28 29 30 33 34 36 37 40 41 42 43 44 46 47 48 49 50 51 52 53 54 56 58 62 64 65 68 69 70 71 72 76 77 78 80 81 83 85 87 90 91 92 95 96 97 98 99 100 101 103 104 105 106 107 110 111 112 113 114 115 116 117 118 119 121 122 124 125 126 128 130 132 133 135 136 137 139 144 145 147 148 149 152 153 156 157 159 160 161 162 163 164 166 167 170 171 172 173 175 176 179 183 185 188 189 190 191 192 194 195 196 198 199 200 202 203 206 207 210 211 212 213 217 219 220 221 222 228 232 234 235 236 237 238 239 240 242 243 246 247 248 249 250 251 252 253 257 258 260 261 262 263 265 266 268 269 272 273 276 277 278 279 281 284 287 288 290 291 293 294 296 299 301 302 303 304 305 306 307 308 309 310 311 312 313 315 316 317 319 320 321 322 324 325 326 328 329 332 334 336 340 342 343 346 347 348 349 352 353 355 356 358 359 361 362 364 365 368 372 375 377 379 380 381 384 389 390 391 392 393 394 395 397 398 399 400 404 406 409 410 412 413 416 417 421 422 423 426 427 429 431 432 433 434 435 436 437 438 441 442 445 447 448 451 452 453 454 455 456 459 460 462 463 465 467 468 469 470 471 472 474 479 480 481 482 483 484 487 488 490 494 498 500 501 502 503 504 505 506 510 511 514 515 516 520 521 522 524 525 526 527 531 533 536 538 541 542 543 546 548 549 550 551 553 554 559 560 561 562 563 564 567 568 569 570 572 575 576 577 578 579 581 586 587 588 589 590 592 593 595 597 598 601 604 607 608 609 610 611 612 614 615 616 617 618 620 622 623 625 626 627 628 632 633 635 636 637 638 640 642 643 645 648 650 653 654 655 658 659 660 662 664 667 668 669 670 671 672 673 674 678 681 682 683 684 686 687 688 690 692 698 700 701 703 706 708 709 711 
425: 0 1 4 6 9 10 11 13 15 18 20 21 23 24 25 26 27 28 29 30 31 32 33 34 36 37 38 39 40 41 42 44 46 47 48 50 51 53 55 56 57 58 59 61 63 64 65 67 70 71 72 73 74 75 76 77 78 79 80 81 83 84 87 91 93 94 95 97 98 100 101 103 106 107 108 113 115 116 119 120 122 123 125 128 130 133 136 137 138 139 141 143 145 147 152 154 155 157 159 160 163 165 166 169 172 174 175 176 177 179 180 181 182 183 185 189 190 191 192 193 194 196 197 198 202 204 205 208 210 212 213 214 216 220 221 225 226 227 228 233 234 235 236 237 240 241 243 244 245 246 249 253 255 256 257 258 259 260 262 265 267 268 270 271 272 273 275 276 277 278 280 285 286 287 288 291 292 293 294 295 296 297 299 300 301 302 303 305 306 307 309 311 312 315 319 320 322 323 324 327 329 333 335 337 338 342 344 345 346 347 348 349 354 355 356 358 359 360 363 364 365 366 367 368 370 371 374 375 377 380 382 386 387 388 393 397 399 402 404 406 407 409 410 413 414 415 417 421 423 424 426 428 429 430 431 432 433 436 437 438 440 441 442 443 444 445 446 447 453 454 455 458 460 462 463 465 469 472 473 474 475 477 479 480 481 483 486 488 490 491 492 493 496 497 501 502 507 509 510 512 515 516 517 519 521 522 523 525 526 528 529 530 531 532 533 534 535 536 538 541 542 543 544 545 546 547 549 552 553 554 555 557 558 559 560 561 564 566 570 571 573 575 577 578 581 582 584 587 588 590 592 594 596 597 599 601 602 604 605 607 608 610 613 614 615 616 617 619 623 624 625 626 628 629 632 637 638 642 643 644 645 647 648 649 650 651 652 654 656 658 659 660 661 664 666 668 669 671 672 675 678 679 680 683 684 685 686 688 689 690 691 692 694 695 696 698 700 701 702 705 707 708 709 710 711 
413: 0 2 3 4 6 11 14 15 16 17 22 29 30 32 33 34 38 39 40 45 48 51 52 57 59 65 68 74 75 78 79 80 81 82 85 86 89 90 92 93 94 95 96 99 101 102 103 106 107 108 109 110 111 113 114 116 119 123 124 125 129 130 131 132 133 134 135 136 137 139 141 142 143 144 146 147 148 150 151 153 156 159 160 161 162 164 165 168 170 175 176 179 180 181 183 184 187 188 191 193 194 197 198 203 205 207 208 209 210 212 214 215 216 217 218 219 220 221 222 223 224 225 226 227 228 231 232 234 235 236 238 239 240 246 249 250 257 259 260 261 264 265 266 267 268 270 271 272 273 274 275 276 277 278 282 283 285 288 289 290 291 292 294 295 296 297 299 301 306 307 309 310 311 314 322 325 326 330 334 335 337 338 339 340 342 345 347 350 351 352 354 356 357 358 360 361 363 368 369 370 371 372 374 375 376 377 378 379 380 381 383 386 388 389 390 391 393 394 397 398 400 401 402 405 406 408 409 412 413 417 418 420 423 424 425 426 428 431 432 434 435 438 440 442 444 445 446 448 450 451 453 455 456 458 460 461 463 464 467 468 471 472 474 475 476 477 478 483 484 485 487 488 489 490 492 493 496 497 498 500 501 502 507 508 509 511 513 514 516 517 519 520 521 522 527 528 530 531 532 534 535 537 538 539 541 542 543 546 547 548 549 550 552 554 555 557 558 559 560 562 564 565 566 567 569 571 573 575 577 578 579 580 582 583 584 585 587 588 589 591 592 593 595 597 598 599 602 603 605 606 607 608 609 611 612 615 616 617 619 621 622 623 625 626 627 628 630 631 633 637 638 639 640 642 644 645 649 650 652 654 655 657 659 661 662 663 664 665 672 674 676 677 679 684 685 688 689 690 691 692 693 694 695 696 697 698 700 701 702 704 705 707 710 
Days = 7
Shift constraints
2 6
2 5
1 6
0 7
1 6
3 4
true
true
Forbidden sequences = 2
3 1 
2 3 

