# Randomly generated data for the integrated task scheduling and personnel rostering problem, skilling=0,600 and tightness=0,600 seed=30240
Tasks = 737
659 727 2
757 816 1
429 516 3
651 699 1
649 692 5
419 484 4
437 524 5
821 925 1
634 734 2
666 796 5
643 745 5
641 773 0
638 725 2
725 787 4
739 806 2
742 812 4
732 834 0
728 782 3
413 454 6
742 854 6
721 844 3
729 811 4
755 831 5
436 543 1
662 726 5
734 778 4
559 596 2
560 610 5
442 510 4
405 517 4
720 813 0
457 536 4
517 590 3
750 834 5
749 835 0
727 813 3
725 810 3
428 532 6
847 946 3
787 869 1
814 932 3
857 969 0
724 838 1
545 610 1
682 749 3
729 791 3
531 659 1
820 946 3
838 927 1
939 970 3
662 741 3
748 868 5
630 658 6
772 858 4
547 617 4
658 704 6
682 816 3
416 500 4
715 805 3
429 507 1
525 584 4
518 557 4
727 816 1
792 912 3
461 562 3
823 955 3
800 898 4
729 869 2
793 875 3
800 906 5
638 714 3
630 700 0
593 708 4
485 543 4
418 520 2
631 696 4
745 781 5
878 958 2
760 837 5
720 783 3
720 788 2
788 864 2
922 980 3
727 778 0
469 515 0
525 601 1
727 797 2
739 843 1
729 849 2
751 832 0
704 813 6
444 557 1
630 737 2
984 1070 3
696 729 0
643 701 5
741 793 1
538 595 0
540 649 6
414 470 3
740 807 3
877 924 5
976 1044 3
724 778 1
736 841 2
475 550 2
714 770 1
823 896 5
838 908 4
405 486 3
1080 1144 5
432 509 0
409 454 0
722 788 0
737 837 2
412 481 2
656 760 4
640 742 5
814 880 0
813 915 6
454 514 6
866 946 4
634 711 4
431 545 4
463 563 4
713 773 1
1000 1039 1
406 549 2
867 952 2
568 638 1
722 827 2
421 530 6
901 942 5
738 862 6
960 1049 2
827 963 4
421 495 4
631 702 4
862 952 6
423 494 3
681 758 2
724 786 0
487 556 2
724 784 2
642 697 4
619 671 1
839 894 2
879 936 1
408 463 6
902 983 0
786 876 1
726 812 0
759 873 6
756 881 0
720 792 2
640 720 4
633 708 6
410 495 1
416 476 3
635 708 1
788 846 5
801 874 3
851 970 2
972 1019 0
955 1034 6
817 934 1
504 600 3
935 1015 1
789 839 0
624 679 1
792 851 2
758 867 4
860 953 6
601 681 3
978 1062 2
451 487 1
808 906 5
410 526 3
639 706 6
711 816 6
407 467 2
467 536 6
624 725 1
806 873 5
637 694 3
876 959 1
537 612 6
898 982 1
844 899 0
720 792 6
534 630 4
697 741 4
871 978 3
772 851 2
733 788 5
827 890 0
794 864 6
974 1045 0
644 741 5
748 799 5
654 722 6
754 802 4
669 760 5
790 908 2
946 1001 5
461 540 0
589 645 3
869 969 2
601 719 4
720 814 3
959 1063 6
897 1012 2
486 572 0
878 943 3
793 854 3
1013 1089 2
883 964 4
990 1088 2
632 687 0
869 926 2
645 704 1
730 807 6
519 608 0
445 517 6
600 694 2
928 983 5
915 1022 4
695 775 2
943 982 1
491 551 2
405 516 6
676 736 0
817 901 1
817 903 3
418 549 4
630 736 1
954 1041 2
618 669 4
521 571 4
769 849 1
928 993 6
1058 1116 4
933 1012 5
537 638 3
952 1039 5
451 526 5
883 964 0
1009 1142 2
701 775 3
729 828 4
583 665 4
681 814 6
759 864 6
726 805 6
621 678 1
725 834 1
576 645 0
634 687 5
998 1073 5
514 604 4
980 1076 4
857 952 2
410 493 5
928 1024 6
715 785 3
955 1013 2
713 788 4
710 767 6
854 947 2
1019 1116 1
727 827 0
734 805 4
667 763 4
1088 1147 0
612 694 0
723 799 5
959 1027 1
826 913 3
726 860 4
439 506 0
801 925 2
902 1015 4
1050 1148 3
419 454 3
809 875 3
801 935 5
1019 1121 5
554 662 2
949 1048 1
1042 1068 2
409 495 6
1025 1121 0
498 592 3
815 862 5
717 771 0
717 792 4
650 685 6
744 829 5
1149 1179 2
1119 1186 1
477 603 6
1003 1127 6
889 947 1
633 759 2
578 710 2
876 970 3
682 753 3
890 971 6
857 921 0
957 1033 4
516 615 6
915 983 6
806 863 4
618 669 6
686 808 6
722 783 4
741 811 0
677 791 5
720 776 1
449 491 3
1043 1082 1
831 931 5
649 742 1
730 811 1
545 650 4
1083 1162 1
836 965 0
658 753 4
526 617 2
820 880 5
1072 1127 3
591 688 2
760 862 0
717 751 3
757 855 4
762 835 4
794 867 1
1070 1140 2
668 755 1
793 887 4
1021 1082 2
912 978 2
786 881 3
432 477 2
877 1009 6
1019 1090 5
728 821 5
489 580 0
593 668 0
790 909 4
642 675 4
969 1089 3
995 1058 3
710 810 2
711 784 1
584 620 4
838 884 4
1021 1130 5
925 1008 3
650 730 2
795 839 6
706 742 0
987 1104 2
724 807 4
512 581 3
495 528 5
552 653 5
787 905 0
869 989 0
756 885 3
689 743 0
499 542 3
550 684 3
983 1089 6
888 961 1
651 720 4
662 766 2
695 758 0
898 1002 1
894 985 4
782 856 3
707 782 0
621 718 4
856 984 3
639 703 0
964 1032 6
725 797 4
785 883 3
971 1041 6
721 810 5
868 1006 6
477 527 2
946 1023 0
812 900 6
842 906 5
634 717 6
730 804 1
951 1065 2
876 924 4
540 589 6
767 862 2
761 817 2
713 796 2
830 871 0
840 907 6
1085 1168 2
1075 1151 4
924 1004 0
709 752 1
818 913 2
586 669 3
834 907 6
805 908 4
761 838 0
471 540 4
669 731 3
755 791 0
1112 1182 2
839 920 5
787 905 6
670 768 3
800 903 0
635 736 2
615 695 6
810 936 4
726 800 4
1066 1115 2
753 867 5
772 832 0
790 861 3
914 1006 2
802 845 4
1031 1138 1
1151 1189 3
930 997 3
886 956 5
1131 1175 3
838 906 5
973 1077 3
737 791 2
767 858 5
742 789 1
623 663 4
624 751 2
888 988 0
788 874 0
996 1107 4
729 774 0
431 556 3
600 666 3
940 1046 5
865 976 5
495 568 3
681 810 5
869 973 3
700 766 4
686 812 0
833 897 1
667 737 3
728 804 1
663 751 5
926 982 2
621 665 3
862 911 2
795 887 5
972 1060 0
872 977 5
778 858 1
862 976 5
829 913 4
716 810 4
973 1053 5
412 477 1
579 674 3
1086 1115 5
825 914 6
762 830 5
813 849 4
989 1101 1
1018 1078 4
733 873 5
742 832 3
796 913 1
705 756 1
840 892 1
894 932 1
1050 1114 6
1050 1100 5
857 912 5
947 1018 5
847 909 4
832 903 2
761 833 5
1136 1181 5
1117 1187 6
941 1059 1
938 1057 4
767 870 6
743 861 0
910 946 3
724 811 4
754 844 5
845 914 3
840 910 0
566 657 4
822 909 6
1007 1087 2
1021 1090 1
685 762 2
647 724 3
687 784 5
830 952 4
767 846 0
1027 1152 1
800 885 2
792 894 2
867 946 4
949 1002 3
652 724 1
919 992 1
1007 1093 6
862 921 5
715 769 3
1083 1189 4
778 910 3
899 993 2
977 1065 5
888 927 4
902 966 6
536 588 6
976 1044 3
946 1080 4
881 951 3
613 720 6
1041 1080 3
553 637 6
590 643 6
756 827 2
722 808 0
884 961 4
842 922 4
972 1042 5
1016 1084 5
1098 1179 0
845 913 5
967 1036 0
634 671 6
989 1065 4
742 881 0
800 869 0
843 933 0
708 819 3
948 1026 0
909 1025 0
1121 1184 0
810 900 1
811 889 1
845 952 6
648 721 6
784 867 1
1014 1069 1
599 710 0
925 1004 0
660 740 4
1017 1072 3
1044 1091 3
979 1061 1
791 875 1
977 1044 1
888 923 1
785 891 5
930 1020 1
962 1010 0
924 1012 4
1025 1078 0
1116 1187 2
1001 1111 6
861 900 4
811 878 6
752 792 2
911 1051 2
909 1005 0
946 1009 4
783 854 4
715 829 6
1027 1155 0
1019 1087 5
891 973 3
763 826 2
916 991 6
943 1007 6
1062 1121 1
853 982 1
1110 1172 6
1106 1177 1
695 776 6
793 837 3
1041 1133 0
875 999 0
829 910 6
893 1004 5
720 795 0
968 1069 4
1007 1072 6
576 664 0
923 992 1
1088 1185 4
1000 1133 1
1069 1159 3
1077 1158 0
987 1080 5
797 871 0
1040 1099 6
827 881 2
678 809 4
543 631 6
943 1040 5
1049 1079 0
886 947 1
769 850 1
773 863 1
1093 1189 6
1004 1062 1
1006 1068 0
1032 1129 1
833 907 1
998 1041 5
1150 1186 6
874 942 0
870 940 6
933 1050 5
880 996 0
557 625 0
848 911 0
694 788 3
1097 1184 3
833 965 4
701 795 6
858 924 1
1087 1185 4
725 830 6
851 912 4
749 824 2
875 934 0
652 719 6
968 1080 3
985 1080 1
897 1015 3
1038 1156 2
841 907 5
852 957 4
1000 1100 6
933 1062 4
934 1035 1
950 1087 1
907 940 0
1043 1177 0
945 1028 0
697 777 1
789 914 3
1064 1150 2
941 1014 6
1072 1189 4
759 879 3
811 891 3
801 888 6
1138 1189 1
965 1081 4
776 843 6
1004 1087 5
1119 1175 4
974 1062 3
531 668 1
695 758 2
1006 1082 0
852 912 3
909 997 1
1006 1075 1
1146 1183 4
718 792 0
1060 1130 2
830 912 6
961 1080 5
796 913 4
1072 1167 4
822 891 2
766 832 4
1062 1189 3
795 903 2
995 1082 2
1003 1071 3
1022 1128 4
987 1066 6
905 997 5
1013 1086 0
776 835 2
1136 1186 0
898 969 2
839 914 0
1108 1185 3
1059 1103 5
1039 1089 6
1001 1100 5
1029 1166 0
1026 1152 5
565 649 3
1020 1072 4
1132 1189 4
762 817 4
714 822 1
726 863 6
972 1066 3
712 810 3
1092 1171 1
1013 1070 3
1100 1181 5
981 1060 4
689 745 6
910 994 5
1019 1071 1
775 900 2
932 1015 2
1082 1170 0
1014 1089 6
843 915 6
1093 1165 3
799 906 0
814 873 2
995 1050 1
1007 1082 5
1142 1189 2
1108 1180 6
827 881 4
836 911 4
1082 1181 0
823 868 6
904 1012 4
Shifts = 4
0 0 0 0 0 0
405 0 0 510 0 0
630 0 0 460 0 0
720 0 0 470 0 0
Employees = 40
445: 0 2 3 4 5 6 7 9 10 17 18 19 20 23 24 25 26 27 28 30 31 33 35 38 41 45 47 48 49 53 55 56 57 59 60 61 62 63 66 67 70 71 72 73 74 75 76 78 79 81 83 85 86 87 89 91 92 93 94 96 97 98 99 100 101 102 103 104 105 112 115 116 119 120 122 125 126 127 128 131 133 136 137 138 139 141 142 143 145 146 148 151 153 156 157 158 160 161 163 164 165 166 168 172 174 177 179 180 181 183 184 185 186 189 190 191 194 195 196 198 200 201 204 206 207 209 211 212 214 215 216 220 223 224 225 227 228 230 231 232 233 234 235 236 238 240 241 243 244 246 248 249 250 251 252 253 257 259 261 262 264 265 266 267 271 272 278 279 280 283 285 286 287 288 290 292 294 295 297 298 299 300 301 302 304 305 307 308 309 310 311 312 313 315 316 317 319 322 325 326 327 328 330 331 332 334 335 336 337 338 340 341 342 344 345 348 349 350 352 353 355 357 358 359 361 363 364 365 367 368 370 371 373 375 378 380 383 385 386 387 388 390 391 393 397 400 401 403 404 406 408 409 411 417 418 420 422 423 424 425 427 430 432 433 434 435 436 437 439 441 442 443 444 445 446 447 448 449 450 451 452 453 454 455 457 458 459 461 462 464 467 468 469 470 471 472 476 477 478 479 480 481 482 485 486 487 488 490 491 494 495 497 498 499 501 503 504 506 507 509 511 513 514 516 518 524 525 527 529 530 531 534 535 536 538 539 542 544 547 554 556 557 559 560 561 562 563 564 567 568 569 571 572 573 576 577 578 579 582 584 587 589 593 596 598 599 600 601 604 605 607 608 609 614 615 620 621 622 624 625 626 628 631 634 635 636 638 639 641 643 644 645 646 648 650 651 652 654 656 657 659 660 661 665 666 668 671 672 673 676 677 681 682 683 685 687 688 689 691 692 693 696 697 699 700 701 702 703 706 709 710 712 716 719 720 721 723 724 726 728 729 730 732 734 736 
439: 0 2 4 5 7 8 9 10 11 12 15 16 18 19 21 22 25 26 30 32 33 34 35 36 40 42 49 51 52 56 57 58 59 60 62 63 65 66 67 68 69 72 73 74 76 81 82 83 84 86 88 89 91 93 94 97 98 100 101 103 104 105 106 109 111 112 113 114 118 120 121 123 127 128 129 130 131 133 135 138 139 140 141 143 145 147 148 149 150 154 156 157 159 160 164 165 166 167 168 169 172 174 176 177 179 181 183 184 185 186 188 189 195 196 197 198 199 200 201 202 204 207 208 209 213 214 218 219 220 221 223 225 226 227 232 233 234 235 236 238 239 240 243 244 245 246 248 249 250 252 253 254 255 256 259 260 261 263 265 266 267 268 269 271 277 279 280 282 284 285 288 290 292 294 295 297 299 300 302 303 304 308 309 310 311 314 318 319 321 323 324 325 326 328 329 330 331 335 336 337 339 340 341 342 343 344 347 348 353 355 356 357 359 360 363 366 368 369 374 377 378 379 380 382 383 384 385 389 390 391 392 393 394 395 397 399 400 401 402 403 404 405 406 407 408 409 410 411 412 414 417 419 420 421 422 423 426 427 428 430 436 439 440 442 443 444 445 450 451 452 454 456 457 458 462 463 464 465 466 468 470 471 472 473 474 475 476 478 483 486 487 488 489 492 494 496 498 500 502 503 504 506 507 510 511 512 513 515 518 519 520 521 523 527 528 529 530 536 537 538 539 540 541 543 545 548 550 551 552 553 554 556 558 561 562 565 568 570 571 573 574 575 576 577 579 580 581 582 584 586 587 588 589 590 591 592 593 594 595 596 597 599 600 601 604 605 606 607 609 612 613 614 617 618 619 621 622 623 626 627 629 630 631 632 636 642 643 646 647 652 653 655 657 658 659 660 662 663 665 666 667 668 671 672 673 674 675 676 678 680 683 684 686 687 690 691 693 694 695 697 699 703 705 706 712 713 714 717 718 720 721 722 723 724 730 731 732 733 734 
421: 2 3 4 5 11 12 14 16 19 21 23 27 28 29 32 33 35 36 37 38 39 40 42 43 44 46 50 53 54 55 56 58 59 60 61 62 65 66 67 68 69 70 71 74 76 77 78 80 81 82 85 86 87 88 90 91 93 94 95 96 98 100 102 103 104 105 106 107 108 109 112 114 115 116 120 123 128 129 130 131 133 135 136 137 140 141 144 145 146 147 149 151 152 155 156 158 160 161 164 165 169 170 171 172 173 175 179 180 183 184 186 188 189 190 192 194 196 197 198 199 200 201 205 209 211 212 213 215 216 217 219 220 221 224 227 228 231 232 234 235 237 238 240 244 245 246 247 249 251 252 253 254 255 258 261 262 264 265 266 268 269 270 272 274 275 277 278 279 280 285 286 288 290 292 298 299 300 303 304 307 309 312 314 316 317 318 320 321 322 323 324 328 329 331 335 337 339 340 341 343 345 347 348 352 354 357 359 360 361 363 366 371 372 373 374 378 380 382 385 386 387 389 390 391 394 395 396 398 400 402 403 405 406 407 411 412 416 418 419 420 421 422 423 424 427 428 430 434 435 436 437 439 441 442 444 448 449 451 453 455 456 459 460 461 462 464 465 466 467 468 469 475 476 478 479 480 481 482 483 484 485 487 488 490 491 494 496 499 501 503 507 508 509 510 511 516 519 522 523 524 525 526 527 528 529 530 533 534 538 543 545 547 548 549 551 552 554 555 556 558 559 560 563 564 565 566 567 568 569 571 572 574 577 580 581 582 585 587 588 589 590 593 594 597 598 601 603 604 605 607 609 610 612 614 615 618 619 620 623 624 626 631 632 633 634 635 636 638 639 641 643 645 647 648 649 650 652 653 658 659 660 662 663 664 665 667 669 670 674 675 677 678 679 682 685 686 687 689 690 691 692 693 694 696 697 698 700 702 704 707 708 712 715 716 717 718 719 725 731 732 736 
423: 0 2 3 4 9 10 11 12 13 15 16 17 18 19 20 21 22 23 25 26 29 31 33 34 36 39 40 41 42 49 50 53 54 55 59 60 61 62 64 65 67 69 74 75 77 79 83 84 86 87 88 89 90 92 93 97 99 100 101 102 103 106 108 110 111 117 119 120 121 123 124 126 127 128 129 131 132 133 134 136 137 140 141 143 146 150 152 156 157 159 163 164 166 167 169 172 173 174 175 176 178 179 180 183 184 185 186 190 192 193 194 197 198 203 204 205 206 207 208 209 210 214 215 216 223 224 225 227 228 229 230 231 232 234 236 237 238 239 242 243 244 245 246 249 251 253 257 260 261 262 263 267 272 274 275 276 277 278 280 282 283 286 287 288 290 291 292 293 294 295 297 298 299 301 304 305 306 307 308 309 311 312 313 314 316 318 319 320 321 323 326 328 329 332 335 337 338 339 340 344 345 346 351 352 353 357 359 362 363 364 365 366 367 370 371 372 373 376 377 378 379 381 384 387 388 392 393 394 397 399 401 403 405 407 408 409 411 413 415 417 418 419 420 422 423 425 426 427 428 430 431 433 435 438 443 444 445 447 448 449 452 454 455 459 460 464 465 466 469 470 471 472 473 474 477 478 479 480 481 483 484 488 489 491 493 494 495 503 504 505 507 509 510 511 513 515 516 518 520 521 523 524 525 532 533 535 536 537 545 547 548 551 552 554 557 558 559 560 561 564 565 568 570 571 572 573 576 580 582 586 587 588 589 590 591 592 593 596 597 598 599 601 603 604 605 606 608 613 614 615 616 617 618 620 621 623 625 628 629 631 632 634 636 637 638 640 641 643 644 645 648 649 651 652 653 654 655 657 660 661 663 664 666 667 668 671 672 675 677 678 680 682 683 685 686 687 693 694 695 698 699 700 703 705 706 707 708 709 710 711 712 715 719 722 723 724 726 727 729 731 732 733 734 
443: 0 2 3 6 10 12 16 17 18 19 22 25 26 28 29 30 31 33 34 36 37 38 39 40 41 42 43 46 47 48 51 52 54 55 56 58 60 63 65 67 70 74 75 80 81 83 84 85 88 91 95 97 98 99 101 102 103 104 105 106 109 111 113 114 115 116 117 118 120 121 122 127 129 130 131 132 135 137 138 139 140 141 142 143 144 145 149 150 151 152 153 154 155 160 162 165 168 169 171 172 176 178 180 181 182 184 186 189 191 192 193 194 198 200 202 203 204 206 208 209 211 212 213 214 215 216 218 220 222 225 227 229 230 231 232 236 243 245 246 247 248 249 250 252 253 257 258 259 260 261 264 265 269 270 271 273 274 276 280 282 285 286 288 289 290 292 294 295 296 297 299 300 301 302 305 310 311 312 313 314 315 316 319 321 322 324 325 326 327 329 330 333 334 337 338 340 341 342 343 344 347 348 349 351 352 354 356 358 359 360 362 363 364 367 368 369 371 373 376 379 380 381 382 385 386 388 395 396 398 399 400 401 402 403 406 407 408 411 412 413 414 415 416 417 418 419 421 423 424 425 428 429 431 433 434 435 436 437 438 440 442 444 446 447 448 451 456 457 458 460 462 464 466 467 468 469 471 472 473 476 477 478 479 481 483 484 486 487 488 491 493 494 495 496 498 499 500 501 504 505 506 507 508 512 517 518 519 520 523 525 526 527 530 531 532 534 535 538 539 543 544 545 546 547 548 550 551 552 555 557 558 560 562 563 564 565 566 573 574 575 578 579 583 584 585 586 587 588 589 590 591 592 593 595 598 599 600 602 603 607 611 612 614 615 617 618 619 620 622 623 624 625 627 629 631 632 635 636 637 638 641 643 644 645 647 650 651 654 655 657 659 665 667 668 669 670 671 673 674 675 676 677 679 680 681 682 685 686 688 689 691 694 695 700 701 702 703 706 707 708 712 713 714 715 716 718 719 720 721 722 723 724 725 727 728 729 730 731 732 733 734 735 736 
445: 0 1 2 7 9 11 14 16 17 19 22 24 25 26 27 29 30 31 34 35 36 37 38 40 41 42 43 45 47 48 50 51 52 53 54 55 56 57 59 60 63 67 68 70 71 72 73 75 78 79 83 85 87 89 90 91 93 94 95 96 98 99 100 103 104 105 107 108 109 110 112 116 118 120 124 125 127 129 131 132 134 135 136 138 139 141 145 147 149 151 152 153 155 159 160 163 165 166 168 170 171 172 173 174 176 177 178 179 180 182 184 188 191 192 194 197 198 199 200 201 202 203 205 206 207 208 210 212 213 214 216 217 219 220 223 224 225 229 230 231 232 233 236 237 238 241 242 243 244 245 247 248 249 251 253 254 258 260 262 263 264 265 266 268 269 270 272 274 275 276 278 279 280 282 283 284 286 287 292 293 295 296 297 298 299 300 301 303 304 305 306 307 308 309 310 311 315 316 319 320 321 323 325 326 327 328 329 330 331 332 333 335 337 340 341 342 344 345 347 348 351 352 353 354 355 359 362 363 365 368 369 370 371 374 376 377 378 382 383 384 386 388 389 392 393 395 396 400 401 402 403 404 405 407 412 414 415 416 418 419 420 422 426 427 428 429 431 433 437 438 440 442 445 448 449 450 451 454 455 458 462 464 466 468 469 470 474 476 477 478 481 482 486 487 488 489 491 492 493 494 497 499 501 502 503 504 505 507 509 512 515 516 517 519 522 523 525 527 528 530 532 533 535 536 538 539 540 544 547 548 549 551 552 555 557 559 560 561 563 564 568 569 570 571 572 576 579 580 581 584 586 588 589 590 591 593 594 595 596 597 598 599 600 601 602 606 607 609 611 612 614 615 616 617 618 620 621 622 629 632 633 636 637 642 644 645 646 649 650 652 655 656 657 658 660 661 663 664 665 666 668 669 670 671 674 680 681 683 684 685 687 688 689 690 694 695 696 697 698 699 701 702 703 707 708 710 711 712 713 714 715 716 717 718 719 722 723 724 725 726 729 730 731 733 735 
422: 1 4 7 9 10 12 14 16 18 21 22 23 26 28 30 31 32 33 34 35 38 39 45 47 48 49 50 51 53 55 56 57 58 63 64 68 69 73 75 76 77 79 80 81 82 83 85 86 92 96 97 98 99 101 102 103 106 107 108 110 111 112 113 114 115 116 117 119 120 121 122 123 124 126 129 130 132 134 135 137 139 140 142 143 144 146 147 148 150 151 152 153 154 157 158 159 160 162 163 164 165 166 169 170 173 175 178 179 180 182 184 185 187 188 189 190 191 192 193 194 195 197 198 200 202 203 208 209 210 211 212 213 215 216 218 224 229 233 234 240 241 242 243 244 245 247 249 251 255 256 258 260 261 263 264 265 268 270 272 273 274 278 279 280 281 284 288 289 290 291 292 293 294 296 298 299 300 304 305 308 310 311 312 317 318 320 324 327 328 332 333 334 335 336 337 338 340 342 347 348 350 357 358 359 361 362 366 367 371 373 374 375 376 378 379 381 383 384 385 386 387 388 390 394 396 397 398 400 401 404 406 407 408 409 410 413 414 416 417 421 422 423 424 426 427 430 431 434 435 436 437 438 439 442 443 445 446 449 450 451 455 456 458 459 461 463 464 467 470 474 476 477 478 479 481 482 483 484 485 489 491 493 494 495 496 498 499 500 502 503 504 505 507 510 511 513 515 518 519 521 522 523 525 527 528 529 532 533 534 535 536 537 540 542 544 549 550 553 554 556 557 559 560 565 566 567 569 571 572 573 575 577 578 579 580 581 588 590 592 595 596 597 598 601 605 606 607 608 609 610 611 613 614 615 616 617 618 619 620 622 623 624 626 631 632 634 636 638 639 642 643 647 649 650 651 654 655 659 660 661 663 664 665 666 667 670 677 680 681 682 685 686 687 688 691 692 693 694 695 696 699 702 705 707 708 710 711 712 713 715 717 718 719 720 722 723 725 726 728 730 733 734 
442: 2 4 6 7 9 10 12 13 16 17 18 20 21 22 23 24 25 26 27 29 30 32 34 35 36 37 38 39 41 44 45 46 47 48 50 52 54 57 58 59 61 62 64 65 66 67 70 71 72 73 74 75 77 78 80 82 84 86 88 89 91 92 93 95 96 97 98 99 101 102 103 105 106 107 109 110 111 112 113 114 116 117 118 120 121 122 124 127 128 132 133 134 136 137 141 142 143 144 145 146 147 152 155 156 160 163 164 166 168 171 172 173 174 179 180 181 183 184 185 187 189 190 191 192 193 196 197 198 199 202 205 209 210 211 213 216 217 218 219 220 223 226 227 230 232 233 234 239 240 241 243 245 246 248 249 250 251 252 253 255 256 258 259 260 261 263 264 269 270 272 273 274 275 276 277 279 280 281 282 283 285 288 293 294 295 298 299 302 304 305 306 309 310 311 316 317 318 321 323 324 325 326 327 330 331 332 334 335 337 339 340 344 345 346 347 350 352 353 354 357 358 359 360 363 364 366 368 370 371 372 375 376 378 384 385 386 392 393 394 395 397 401 403 405 406 408 411 412 413 414 415 416 419 420 422 423 425 426 427 428 430 435 436 437 438 439 440 442 443 447 449 450 455 456 457 459 462 464 465 466 467 469 470 471 473 474 475 477 479 483 484 486 489 490 491 492 494 495 496 497 498 499 500 501 503 504 506 507 508 510 511 512 514 517 519 520 521 522 525 526 527 528 530 531 536 537 538 539 541 542 544 545 546 548 549 550 551 552 553 554 557 559 560 562 563 564 565 566 567 568 569 571 573 576 577 579 580 581 582 585 586 591 593 594 595 599 600 604 606 607 612 613 614 616 617 618 619 620 623 624 625 627 628 629 632 633 634 637 640 641 643 644 645 646 647 649 652 653 654 655 658 659 660 661 662 667 671 674 676 677 678 680 681 683 684 686 689 691 696 697 698 699 700 701 702 703 704 705 707 708 709 715 716 717 718 719 720 724 728 729 730 734 
429: 1 6 9 10 12 13 15 17 21 22 24 26 27 29 31 33 34 36 38 41 42 43 44 45 46 48 49 51 53 54 55 56 57 58 60 61 62 63 65 66 67 68 69 70 71 72 73 74 75 76 78 79 80 81 83 89 91 92 94 95 97 98 99 100 101 102 106 108 109 111 113 117 120 121 125 127 129 130 131 133 137 138 139 140 141 144 146 148 150 151 153 158 159 160 163 165 166 167 171 172 173 174 176 177 182 183 184 190 193 195 196 197 198 199 201 202 203 204 205 206 211 213 215 217 218 219 220 221 224 225 226 229 230 231 232 234 237 238 239 240 241 242 244 248 252 255 260 262 263 264 265 266 267 269 272 273 274 275 276 278 279 280 283 284 288 291 292 295 296 297 298 301 302 303 304 307 308 310 311 315 318 322 323 324 326 328 331 332 333 334 335 336 337 338 340 341 343 346 347 348 349 350 351 360 362 363 364 365 366 367 368 369 370 371 372 374 375 377 378 380 387 389 390 391 392 393 394 395 396 399 400 401 403 404 407 408 409 410 411 412 413 414 415 417 418 419 422 424 426 428 429 431 433 434 435 436 441 442 444 445 446 449 450 452 453 454 455 460 461 462 464 466 467 471 474 476 479 480 481 483 484 485 486 489 491 493 494 495 496 498 500 501 502 506 508 509 511 516 517 519 520 521 522 523 526 527 530 534 535 540 541 542 546 548 549 550 551 553 554 557 558 561 562 563 564 565 566 567 568 569 571 572 573 574 575 578 579 580 586 588 590 592 593 596 597 598 600 602 603 604 605 606 607 608 610 613 615 616 619 620 621 625 626 628 629 634 637 638 640 642 643 645 646 649 652 655 656 657 659 663 664 665 668 669 670 671 672 675 676 677 678 679 681 684 685 686 687 688 690 691 693 694 696 698 700 702 703 704 705 706 707 708 709 714 715 716 717 719 720 722 723 724 727 728 729 730 731 732 736 
446: 1 2 3 4 6 8 9 11 13 14 15 16 17 18 19 21 26 27 28 29 30 31 34 35 37 38 39 41 42 43 44 45 47 48 49 50 51 52 53 54 55 59 61 62 63 64 66 68 73 75 76 78 82 84 85 86 88 89 90 91 92 93 94 95 96 97 98 100 101 102 103 105 107 111 113 114 115 117 119 123 124 125 126 127 128 131 134 135 139 141 143 144 145 150 152 154 158 160 161 164 166 167 169 170 171 173 174 175 181 182 183 186 188 189 190 191 196 198 199 202 203 204 206 208 209 210 212 213 214 215 216 217 218 219 220 221 222 223 224 225 226 231 233 234 235 236 238 239 240 241 242 244 245 247 248 250 251 253 254 255 257 258 259 261 262 264 268 269 270 273 274 277 279 280 281 282 284 285 286 287 289 290 291 294 295 296 298 300 302 303 304 305 306 307 308 309 310 311 313 314 315 316 324 326 327 328 330 331 333 341 343 344 345 347 348 351 352 355 356 357 359 360 363 367 373 374 375 377 378 379 380 382 383 384 386 388 391 392 395 396 397 399 400 401 402 404 405 410 411 414 415 416 417 418 419 420 422 424 425 426 427 429 431 432 433 435 436 437 438 439 441 442 443 447 448 449 450 451 454 455 457 458 460 464 465 466 468 470 473 474 475 476 478 479 480 483 486 487 489 491 492 493 494 495 496 497 498 501 502 505 506 507 508 510 515 516 517 518 519 522 527 528 529 530 531 532 533 534 535 539 540 542 544 545 546 547 551 552 553 555 558 561 562 565 566 567 568 569 570 571 572 573 575 578 581 583 584 585 586 590 591 592 593 600 601 602 603 604 607 608 611 612 613 614 615 617 619 621 622 625 626 629 630 631 632 633 636 638 639 641 642 643 644 648 649 650 652 655 656 658 659 660 661 662 663 666 673 675 676 677 680 681 683 684 686 687 688 689 690 691 692 693 696 698 700 704 705 706 708 711 714 715 716 719 720 721 722 724 726 727 728 730 731 733 734 735 
436: 2 5 6 7 8 10 11 12 15 16 21 22 23 24 26 27 28 30 31 33 34 36 39 41 43 44 45 48 49 50 52 53 54 55 57 58 59 61 62 63 64 67 68 70 73 74 75 76 77 78 80 81 82 83 85 88 91 93 94 96 97 98 101 102 103 104 105 106 107 108 110 111 114 116 119 120 121 122 123 124 125 126 128 133 134 138 139 140 142 145 147 149 150 151 155 157 158 160 161 162 163 164 165 168 169 170 172 173 174 176 178 180 181 182 184 185 186 187 188 189 190 192 193 195 196 197 198 199 200 201 202 204 206 208 209 214 215 216 218 219 221 222 223 224 226 227 228 229 230 232 233 234 235 236 238 243 245 248 250 251 252 253 255 257 261 262 263 265 267 269 273 274 275 280 281 284 285 286 287 288 289 292 294 297 299 300 302 306 307 310 312 313 314 315 316 318 319 323 324 325 330 332 333 335 336 337 338 341 342 344 346 347 348 349 350 353 354 355 356 358 359 360 361 362 363 364 365 368 369 371 372 374 375 377 378 379 382 383 385 388 389 391 392 393 395 396 397 399 400 401 403 404 411 412 413 414 416 420 421 422 426 427 430 431 433 434 436 437 438 439 442 443 446 447 449 451 452 455 456 457 460 462 466 467 471 473 474 476 477 478 479 481 483 484 485 489 490 492 495 498 499 500 501 502 503 504 507 508 510 513 516 518 521 522 523 524 526 527 529 530 531 533 537 541 543 544 546 548 549 551 554 555 557 558 559 560 561 562 567 570 571 574 575 576 578 580 581 582 583 585 586 588 589 590 591 592 594 595 596 598 599 601 602 603 604 605 607 610 612 613 615 616 621 622 623 626 627 628 629 630 632 633 634 635 636 640 643 644 645 646 648 650 651 652 654 656 659 662 663 664 666 669 670 673 677 679 681 685 686 688 690 691 693 694 695 698 700 701 703 706 707 709 710 711 713 715 719 720 722 725 728 729 730 731 733 735 
438: 0 5 6 7 8 9 10 12 13 14 15 18 19 20 21 22 23 24 26 27 28 29 30 31 33 34 35 38 44 45 46 47 48 49 50 51 55 56 57 58 59 60 64 65 66 67 68 69 70 71 72 73 74 76 77 80 81 82 83 85 87 89 90 91 93 95 96 99 101 104 105 106 108 110 113 115 116 117 120 121 124 126 127 138 139 142 143 144 148 149 150 151 152 154 155 156 157 159 160 161 162 164 165 166 168 170 173 174 175 180 181 182 183 186 187 188 190 191 194 196 198 199 200 202 203 205 206 207 208 214 215 217 218 221 223 225 229 232 238 240 243 247 248 251 252 254 256 258 260 262 263 266 268 269 270 271 273 275 276 279 290 291 292 293 297 299 300 301 302 303 305 309 310 311 313 314 315 317 318 319 320 322 323 325 326 328 329 330 331 332 333 334 335 338 339 340 341 342 343 344 346 348 349 350 351 352 354 355 356 357 359 360 361 362 364 366 369 370 373 375 376 378 379 381 382 384 386 388 389 391 393 395 396 397 400 401 403 404 406 407 408 409 410 411 413 414 415 416 417 418 420 421 424 426 427 428 429 430 431 432 435 436 437 438 439 440 441 442 444 446 447 449 450 452 454 455 456 457 458 459 461 462 463 465 466 468 469 473 474 475 477 482 484 485 486 487 488 490 491 493 497 498 500 502 503 504 505 506 507 509 511 512 513 516 519 520 521 522 524 525 526 527 528 529 530 531 533 534 535 536 539 540 542 544 546 547 549 551 554 555 558 559 562 563 564 565 566 568 570 571 572 575 577 583 586 587 588 591 592 596 598 601 602 605 606 607 608 610 611 612 613 614 615 620 621 622 623 625 627 628 630 631 632 633 634 635 637 643 644 646 647 648 649 650 654 656 658 661 662 663 668 671 673 674 676 679 682 686 687 689 691 693 695 696 697 700 702 704 705 708 709 710 711 712 713 715 717 719 720 723 724 726 727 729 732 733 734 736 
444: 0 1 3 9 11 13 14 16 17 19 20 22 23 26 27 29 31 32 34 35 36 39 41 43 46 47 48 49 52 54 55 56 57 58 59 60 61 63 64 65 66 73 74 76 79 81 82 86 87 88 89 90 91 93 94 97 98 99 100 102 104 105 109 110 112 115 116 117 119 121 123 124 125 126 129 130 131 132 133 134 135 136 137 138 139 141 142 143 144 145 152 153 155 156 159 161 162 163 164 166 167 168 169 170 172 174 176 177 178 179 180 181 182 183 185 187 188 189 191 192 193 198 199 200 202 204 205 206 207 208 210 211 212 213 215 216 217 218 220 221 223 226 227 229 231 233 234 235 237 240 242 244 246 247 249 250 251 254 255 257 258 262 264 265 267 268 269 270 271 273 274 276 277 279 284 286 288 289 290 291 296 297 298 299 301 303 307 308 309 310 311 312 314 315 317 319 323 324 327 329 331 334 335 336 338 343 344 347 348 349 350 351 352 355 356 357 358 360 361 362 363 364 365 366 368 370 372 375 376 379 380 382 384 385 386 387 389 390 391 392 393 396 398 399 400 401 402 403 405 407 409 410 412 414 415 416 418 419 422 423 424 425 426 427 429 430 433 436 438 440 441 443 445 446 447 449 451 453 454 455 459 460 464 467 468 469 470 474 475 476 477 480 481 483 485 487 489 490 491 494 499 501 504 505 506 507 508 511 512 515 516 519 520 521 522 523 524 527 528 529 531 532 535 536 537 538 541 542 543 544 545 549 550 551 552 553 554 555 556 558 559 560 563 564 566 570 573 575 576 577 578 579 580 582 586 587 589 591 592 593 594 597 599 601 602 604 605 606 608 609 610 611 612 614 616 619 620 622 626 627 628 629 634 635 636 638 639 640 641 643 644 646 647 650 653 654 655 659 660 661 666 668 669 670 671 672 673 677 679 680 681 682 684 685 686 688 691 693 698 699 700 702 703 704 706 708 709 710 711 714 717 718 719 720 722 723 724 726 727 730 731 733 735 736 
453: 1 2 3 4 5 6 7 8 9 10 11 13 15 16 19 21 22 24 25 29 31 32 33 34 35 37 38 39 41 42 44 45 47 49 50 51 53 55 57 58 60 61 62 66 68 69 71 73 74 75 76 78 79 80 82 83 84 85 86 87 89 91 92 94 96 98 99 101 102 103 104 106 109 110 112 115 116 118 119 121 122 123 125 126 127 131 135 138 141 142 143 144 145 147 148 153 154 158 161 162 163 164 165 167 169 170 172 176 177 178 179 180 182 183 185 186 188 189 190 192 194 195 196 197 198 199 202 203 206 207 208 209 210 211 214 215 217 218 219 220 225 226 227 229 230 233 234 235 236 238 239 241 243 244 245 247 248 251 253 254 256 258 262 263 264 265 267 268 270 271 272 274 275 277 278 280 281 282 283 284 286 287 288 290 291 294 297 298 299 300 301 302 303 310 311 313 314 317 318 319 320 322 325 327 328 331 335 336 337 340 344 345 346 347 348 349 351 352 354 356 357 358 363 365 366 369 370 373 374 376 379 380 381 383 384 385 388 390 391 394 395 396 397 398 400 401 402 403 404 405 406 407 408 409 410 412 413 414 415 417 418 419 420 422 423 425 426 427 428 429 431 432 433 434 435 437 440 441 442 444 447 448 449 450 451 454 455 458 460 461 462 463 464 466 467 469 470 474 475 476 477 478 479 486 489 490 491 493 497 498 499 501 502 504 505 506 507 508 510 511 512 513 515 516 517 521 522 525 526 528 534 535 538 540 546 550 551 552 554 556 557 560 562 565 566 567 568 569 571 572 573 575 576 577 579 580 582 583 584 585 588 590 591 592 593 594 596 597 598 599 600 602 604 605 606 608 609 610 611 612 614 615 616 618 620 621 624 625 628 629 631 632 633 635 637 638 639 641 642 644 648 652 653 654 656 657 658 659 660 664 665 666 667 668 672 673 679 681 682 683 684 685 686 688 689 691 694 695 696 698 700 702 705 706 707 708 710 711 712 714 716 717 718 720 721 722 726 727 729 731 734 735 736 
457: 1 3 4 6 7 8 9 10 13 14 16 18 19 24 25 26 27 28 29 30 31 32 38 39 41 42 43 44 47 48 51 52 53 54 55 56 57 59 62 64 65 67 68 69 72 73 74 76 77 79 80 83 84 85 86 89 90 92 93 94 97 98 99 100 101 104 105 110 111 112 113 114 117 120 121 125 129 131 132 135 136 138 139 141 142 143 144 145 147 148 149 152 153 155 157 158 160 161 163 165 167 168 169 170 171 173 175 176 177 178 179 180 181 182 183 184 186 187 188 189 191 194 195 197 199 200 201 202 203 204 205 207 209 211 212 214 215 216 217 218 221 222 224 225 226 228 230 231 235 237 238 239 240 241 243 246 247 248 249 250 252 254 256 258 260 264 266 268 270 271 272 273 274 275 279 280 281 284 286 287 291 293 294 295 296 297 299 300 305 306 308 311 313 314 315 316 317 318 319 320 321 324 325 326 328 332 333 336 337 340 343 346 347 349 352 353 355 356 357 359 361 364 365 368 369 370 371 372 373 376 379 380 381 382 383 384 386 389 393 394 395 397 401 404 406 407 408 410 412 413 415 416 417 418 419 420 421 424 425 426 427 428 429 431 436 440 441 442 443 445 446 447 449 450 451 452 454 457 458 459 460 461 463 464 465 466 467 468 469 470 472 475 479 481 482 485 486 488 489 490 491 492 493 494 495 496 498 499 500 501 502 503 504 505 506 508 509 511 512 513 514 515 516 517 518 519 520 521 522 523 525 526 528 531 532 533 534 535 537 538 541 542 544 545 546 547 550 551 552 553 557 558 561 562 563 564 570 573 576 577 580 581 582 584 585 588 589 591 593 594 596 598 599 600 601 602 604 606 607 608 609 610 611 612 613 618 619 620 623 624 627 629 630 631 632 633 634 636 641 642 643 644 646 647 648 649 650 651 653 654 655 656 657 658 660 664 665 666 669 670 671 672 675 676 677 681 682 687 688 690 691 692 693 694 695 696 697 699 700 701 705 706 708 710 713 716 717 719 720 723 724 725 726 727 728 729 730 
446: 1 3 4 6 7 8 9 11 17 18 19 21 23 24 27 28 29 30 31 32 33 34 35 36 38 39 40 41 42 43 44 45 47 48 49 50 51 52 53 56 57 58 61 62 63 64 68 69 70 71 72 74 75 76 78 81 86 89 90 91 92 93 94 95 98 101 104 105 106 107 108 110 111 113 114 119 120 121 123 124 125 126 128 129 130 132 134 135 136 138 139 140 141 143 146 147 149 151 152 153 155 157 163 165 169 171 173 174 180 181 182 184 185 186 187 188 189 192 197 199 200 201 203 206 207 210 211 214 215 217 219 220 221 223 226 231 236 237 238 239 241 242 244 246 249 250 252 253 257 258 259 262 263 268 269 270 273 275 276 277 279 280 281 282 283 285 286 288 289 290 291 292 293 294 299 300 302 306 307 309 310 312 314 315 316 318 320 321 323 324 325 326 327 331 332 333 336 338 339 341 342 343 345 348 349 350 353 354 355 356 357 358 359 361 362 363 366 368 369 371 372 375 377 378 379 380 381 382 383 384 385 386 388 391 392 393 394 396 397 398 399 400 401 403 404 405 407 408 409 410 413 414 418 419 420 422 423 425 426 427 428 429 431 432 433 436 437 439 440 441 443 444 445 448 450 452 458 461 463 465 466 467 468 469 471 473 474 475 476 477 478 481 483 487 488 489 491 492 493 494 496 498 499 500 501 502 505 508 509 512 513 514 517 518 519 522 523 524 525 526 527 529 530 532 533 535 536 538 539 540 541 545 549 550 551 552 553 555 556 557 558 559 561 562 564 565 566 567 570 571 573 575 577 578 580 582 587 588 591 592 593 594 596 597 600 601 602 603 604 605 606 607 609 611 613 616 618 621 622 623 624 625 630 631 633 634 636 637 638 639 640 641 642 644 645 646 649 650 651 652 653 655 658 659 662 663 666 668 671 672 674 675 677 678 679 684 685 686 689 692 693 695 696 697 698 699 700 701 703 705 707 710 711 716 717 719 720 721 722 724 725 727 728 730 735 736 
466: 1 2 4 5 6 7 10 11 13 14 16 20 22 23 24 26 27 29 31 32 34 37 39 42 43 44 45 46 48 52 53 55 57 58 59 61 62 64 66 67 68 69 70 71 73 75 77 78 79 80 81 82 83 84 85 88 89 90 91 93 95 96 98 99 101 103 105 107 108 109 110 112 115 117 118 122 123 125 126 128 129 130 131 132 133 136 138 139 141 142 145 149 150 151 152 153 155 156 157 160 162 163 164 165 168 169 170 172 173 177 178 179 180 181 182 183 185 186 187 189 190 191 192 193 194 197 198 199 200 201 202 205 207 210 211 212 213 214 215 217 218 220 221 223 225 226 227 228 229 231 232 233 234 235 236 237 238 240 242 244 245 247 249 250 251 252 255 256 257 258 259 260 261 264 265 266 268 269 270 271 275 276 277 278 280 282 284 285 289 291 293 295 296 297 299 300 301 302 303 305 306 307 311 312 313 314 315 316 318 319 320 321 323 324 325 326 327 328 331 332 335 336 337 338 339 341 342 343 344 345 346 347 349 351 352 353 354 355 356 359 360 362 365 367 368 369 370 373 374 375 377 380 382 383 384 386 388 389 390 396 397 400 402 403 404 406 410 412 413 415 416 417 418 420 421 424 427 429 430 432 434 435 436 437 442 444 447 451 453 455 457 461 462 463 464 466 467 469 473 474 477 479 481 484 485 486 487 489 490 491 492 493 495 496 498 499 500 503 505 506 507 510 511 512 514 515 517 519 524 530 531 532 533 537 538 540 543 544 545 546 548 552 553 555 556 558 559 560 563 564 565 567 568 569 571 573 575 578 579 581 582 584 588 589 590 591 592 593 594 595 597 598 599 600 602 603 604 605 608 609 611 612 613 615 616 619 620 622 624 625 626 627 631 632 633 634 635 636 637 638 640 643 644 645 646 647 650 651 653 655 656 658 659 662 663 666 668 670 671 672 673 674 676 677 678 679 680 682 683 684 685 686 690 691 692 693 695 697 698 699 703 704 705 706 707 709 710 711 712 713 714 716 717 719 721 722 723 725 726 729 730 731 732 733 734 735 
472: 1 2 3 5 6 7 8 9 10 11 12 13 15 16 17 18 19 20 21 22 24 26 28 30 33 34 36 37 38 39 43 44 45 47 49 50 51 52 53 54 57 58 60 61 62 65 66 68 69 70 72 73 74 75 76 77 78 79 80 82 83 85 86 87 89 90 93 94 97 98 100 101 103 106 107 108 109 110 112 117 119 121 122 124 127 128 129 130 131 132 133 134 136 137 139 141 142 144 145 146 148 149 151 152 153 154 155 157 158 159 161 163 164 167 169 172 174 175 176 179 180 181 182 183 185 187 188 190 191 193 194 195 196 201 203 204 205 207 208 209 210 211 212 213 215 216 217 218 222 224 225 226 227 228 230 231 232 233 235 236 237 238 241 242 243 244 246 248 249 250 251 254 255 256 257 258 260 261 263 265 267 271 272 273 274 276 277 278 279 280 281 282 285 286 290 291 293 294 295 297 298 299 300 302 303 305 308 309 310 313 314 315 316 318 319 321 322 323 324 325 326 327 329 330 331 334 336 337 338 341 343 345 346 347 348 349 350 352 353 354 357 358 362 363 366 368 370 374 375 376 380 383 388 390 391 392 394 396 397 398 399 400 402 403 404 405 408 409 414 417 418 419 423 424 425 426 427 430 432 433 434 437 438 442 444 446 448 449 450 453 455 457 458 459 461 462 463 464 465 466 467 468 472 473 475 477 479 480 481 482 484 485 487 489 491 493 495 496 499 501 502 505 506 507 508 511 512 513 514 515 516 517 518 519 522 523 524 525 528 529 530 533 534 535 536 539 543 544 545 547 549 551 552 555 556 560 561 565 566 567 569 571 572 573 575 576 577 581 582 583 584 585 587 588 589 590 591 592 598 599 600 601 602 603 608 609 610 612 613 615 616 617 618 619 621 622 624 625 627 629 631 632 633 635 636 638 639 641 642 644 646 647 649 650 651 657 658 659 660 661 662 663 664 665 666 667 669 670 671 672 673 675 676 677 681 682 683 685 686 687 688 690 691 693 695 696 697 698 699 702 705 707 708 709 710 712 716 717 718 719 720 721 722 725 726 728 729 730 732 734 735 736 
424: 0 1 2 5 6 7 8 9 10 12 13 15 16 18 19 21 22 25 27 29 30 31 32 35 36 37 40 44 45 47 53 54 59 61 62 65 67 73 74 78 80 83 87 90 91 92 93 94 95 97 98 100 101 104 106 110 113 115 117 119 122 123 125 126 129 130 131 132 134 135 136 138 140 144 145 146 148 149 151 154 155 156 158 161 162 163 165 169 173 174 175 176 177 178 179 181 182 184 187 189 192 193 194 195 196 198 199 203 206 207 209 210 211 212 213 214 215 216 219 221 222 223 224 225 226 227 231 234 236 240 245 247 248 250 251 252 253 254 255 256 258 259 260 261 263 264 267 269 270 271 272 278 279 282 283 284 287 288 289 290 292 295 297 299 302 303 304 309 315 316 318 319 322 324 325 327 329 333 334 336 341 348 349 350 351 352 353 354 355 358 359 362 364 366 367 368 370 371 372 373 374 375 376 377 378 379 380 381 384 385 387 389 393 395 396 397 398 400 401 402 403 405 406 407 408 409 410 411 412 413 414 415 418 419 420 421 422 426 427 428 429 431 433 436 438 439 441 443 444 445 447 449 450 451 452 454 457 460 463 464 465 467 468 471 472 473 475 478 479 480 483 484 485 486 488 489 491 493 494 496 498 499 500 502 503 505 506 508 509 516 517 518 519 520 521 522 525 526 527 529 533 535 538 542 543 545 546 547 548 549 553 556 557 558 559 560 561 563 564 565 566 567 568 569 572 573 577 578 581 582 585 586 587 589 590 592 593 595 596 598 599 600 603 604 605 606 607 609 613 614 615 616 617 622 625 627 629 631 633 634 635 636 639 640 642 643 645 649 652 654 655 656 657 659 660 661 662 665 666 668 670 673 674 675 677 679 680 681 682 684 685 686 688 689 690 691 692 693 698 699 700 701 702 704 705 706 707 710 712 714 715 716 718 719 722 723 724 727 728 731 732 733 735 736 
441: 0 1 2 4 5 6 8 10 11 12 14 15 16 18 19 20 22 23 24 25 26 28 29 30 31 32 33 34 35 40 41 42 43 44 45 46 48 50 51 52 53 54 55 56 57 58 60 61 63 66 67 68 71 72 73 74 76 77 78 81 82 83 84 88 89 90 91 92 93 94 98 101 102 103 104 107 108 109 110 111 113 114 117 118 119 120 121 122 123 124 125 127 129 130 133 134 135 136 138 140 142 143 145 146 147 148 149 150 152 154 155 158 159 161 162 164 166 169 170 171 173 174 175 177 178 180 181 184 187 190 191 195 196 197 198 199 200 201 202 203 204 205 206 208 209 210 211 212 215 218 219 221 227 228 229 230 233 234 235 236 237 238 239 240 242 244 245 247 248 250 251 252 253 254 257 259 261 263 264 266 269 271 272 274 277 278 279 280 283 284 287 288 289 292 294 298 299 300 301 302 304 305 306 307 308 309 310 311 312 317 318 319 322 324 325 326 327 329 330 332 334 336 338 340 344 346 347 349 350 353 354 356 357 360 362 365 366 367 368 369 370 372 375 380 381 382 389 391 392 393 394 395 396 398 400 401 404 408 411 412 414 423 424 426 429 431 433 434 435 437 439 440 441 443 444 446 447 448 449 451 452 453 455 457 458 460 461 462 466 467 468 469 472 473 474 477 478 479 481 482 485 487 490 491 492 494 495 496 498 499 500 505 506 510 511 512 513 514 516 517 518 519 521 525 526 529 531 532 533 534 535 537 538 539 540 541 544 545 549 551 553 554 555 556 559 561 563 565 567 568 570 571 572 573 575 578 582 585 586 590 592 595 596 598 600 601 602 603 605 606 607 609 613 615 618 619 626 627 628 630 633 634 635 636 637 639 641 642 643 647 648 652 654 656 660 665 666 668 669 671 672 673 675 676 678 679 680 681 684 686 687 688 689 690 691 694 698 702 703 704 705 707 708 709 710 714 715 717 718 719 723 724 726 729 730 731 732 733 734 735 736 
440: 0 1 2 6 7 12 13 14 18 21 23 26 27 28 30 32 33 38 40 41 43 46 47 48 49 51 52 54 55 56 57 58 59 61 62 64 65 66 67 69 72 74 75 76 77 78 79 80 81 82 83 85 87 90 91 92 93 95 96 98 99 100 101 102 103 104 105 107 109 111 112 115 116 117 118 119 123 124 125 127 128 131 133 134 136 138 140 141 143 144 146 147 148 150 152 155 158 159 161 163 164 165 166 167 169 171 172 173 174 175 176 177 178 179 181 184 187 188 190 191 192 193 194 196 197 200 201 203 204 206 207 210 211 212 215 218 219 220 222 223 227 228 230 231 232 234 235 236 237 239 240 243 245 246 248 249 250 254 255 256 257 259 260 263 264 266 267 268 269 270 271 272 274 275 279 280 283 284 285 287 288 290 291 292 294 295 296 297 298 299 300 302 306 309 310 311 312 313 314 315 317 319 320 322 326 329 330 333 336 337 338 340 343 344 345 347 349 350 351 352 354 360 362 363 364 365 366 367 368 369 373 374 376 384 385 386 388 390 391 392 394 396 397 398 399 400 403 404 409 414 415 416 419 421 422 425 429 432 433 434 435 437 438 439 442 443 444 445 446 447 448 450 452 453 454 455 459 460 461 463 464 467 470 471 472 473 475 477 478 479 482 485 486 487 489 490 491 492 493 496 499 502 505 507 508 509 515 517 520 521 522 523 526 527 528 529 530 531 532 533 534 535 537 539 541 542 544 545 547 549 550 551 552 554 556 557 558 559 560 565 566 567 568 570 572 574 575 576 578 580 581 582 584 585 586 587 590 591 592 594 595 596 597 598 600 601 602 603 604 605 606 613 615 619 620 626 627 628 631 633 638 639 640 642 644 645 646 647 652 653 654 655 657 658 660 661 663 667 670 671 672 673 675 676 678 680 681 683 684 685 686 688 689 694 696 699 700 701 702 704 707 708 709 710 713 714 715 717 719 721 722 724 726 729 730 731 732 733 734 735 
447: 0 1 3 8 11 12 13 15 16 17 18 20 24 25 26 27 28 29 30 31 33 35 39 41 44 45 46 48 49 50 53 54 55 58 61 62 63 64 65 66 67 68 70 71 72 73 76 78 79 80 81 82 84 85 86 89 90 91 92 95 96 99 102 104 110 112 114 115 116 117 118 119 122 123 126 127 128 130 132 135 137 139 142 145 146 147 148 150 152 155 156 158 159 160 162 164 165 167 170 171 172 173 175 177 178 180 184 187 188 190 191 193 195 196 198 200 201 202 203 204 205 207 208 209 210 211 212 214 215 216 217 218 219 220 222 224 225 227 230 231 235 236 237 240 241 242 243 254 255 256 261 262 263 264 265 266 267 268 269 270 274 275 277 278 281 282 284 285 288 293 294 295 296 298 299 302 304 305 307 308 312 313 314 315 316 318 319 320 321 322 323 326 328 329 332 333 334 338 339 341 342 343 344 345 346 351 353 354 355 356 357 358 360 361 362 363 365 366 367 368 370 372 373 374 376 377 380 381 382 383 385 386 389 390 391 392 393 398 399 400 401 403 404 405 406 409 412 413 415 420 421 422 423 424 425 429 430 432 433 434 435 436 438 439 440 441 442 444 446 447 448 452 453 455 456 457 458 459 460 462 463 465 466 467 469 471 472 473 475 478 479 480 486 487 489 492 495 496 498 499 500 501 502 504 505 507 509 510 514 516 517 518 521 522 523 524 525 529 530 532 534 535 536 539 540 541 543 544 546 547 550 551 553 554 555 558 559 560 562 564 566 567 568 569 574 576 577 578 579 580 581 582 584 585 586 587 588 590 591 593 596 600 604 605 606 607 608 609 610 612 613 616 617 618 619 620 622 624 625 627 628 629 631 633 634 635 636 637 641 644 647 648 650 651 652 653 655 656 657 658 659 661 662 663 664 665 667 668 670 672 676 677 678 679 680 683 685 689 690 691 692 694 696 697 698 699 700 701 703 704 705 706 711 712 713 714 719 720 723 724 725 726 727 729 733 735 736 
437: 1 3 4 5 8 9 11 13 14 16 19 20 24 25 28 29 31 33 34 35 36 37 38 40 41 44 45 46 47 48 50 51 54 56 57 58 64 66 68 69 70 71 73 74 76 77 78 80 81 82 83 85 87 89 90 93 94 95 96 97 98 99 103 104 105 106 107 108 109 110 111 112 114 115 116 121 123 124 126 127 128 129 130 133 134 135 136 139 141 143 145 146 147 150 151 154 157 159 161 162 163 164 166 169 170 171 172 174 177 180 181 182 185 186 188 190 191 195 196 197 198 199 200 201 202 204 205 206 207 209 210 211 214 216 220 221 223 225 226 228 229 230 235 236 237 239 241 242 246 248 249 250 252 253 255 256 257 259 262 264 266 267 269 271 273 274 277 278 281 282 284 286 287 288 290 291 292 293 294 295 296 297 299 302 303 306 307 309 310 311 312 313 315 316 321 322 324 326 327 328 329 332 333 335 338 339 343 346 347 350 352 353 355 360 361 362 364 365 367 368 369 370 373 374 376 377 378 383 384 385 386 388 390 392 393 395 396 398 399 400 402 405 406 408 409 410 416 418 419 420 421 422 424 425 427 428 430 432 437 438 439 440 442 444 446 447 448 450 452 454 459 463 464 467 472 475 476 477 479 481 482 484 485 487 492 493 494 495 501 502 503 505 508 511 513 515 518 519 521 522 523 524 525 528 529 530 531 532 535 536 539 540 546 548 550 553 554 555 558 559 561 562 564 568 570 571 572 574 582 583 584 585 587 588 591 593 594 595 596 597 598 601 602 604 606 609 611 612 613 614 615 616 617 618 619 622 624 626 627 629 630 632 633 635 636 637 638 639 640 641 642 645 648 649 650 651 652 653 654 656 658 659 660 661 663 665 667 668 669 670 672 674 676 677 678 680 681 682 683 684 685 688 689 690 691 692 694 695 697 698 699 701 703 704 705 706 707 710 711 712 715 717 718 719 720 721 722 723 724 727 728 730 731 732 734 735 736 
423: 0 1 2 5 8 9 10 13 17 18 19 20 21 24 25 27 28 30 32 34 38 39 40 41 42 43 46 50 53 55 56 57 61 63 64 66 67 68 69 70 71 72 74 75 77 79 80 84 85 87 88 89 90 91 93 94 95 96 97 98 99 100 102 105 106 109 110 112 115 116 119 121 122 125 127 131 134 136 137 138 141 143 144 145 147 148 149 152 153 154 155 156 157 158 160 161 162 167 169 170 171 172 174 178 179 180 183 184 187 188 189 192 193 194 196 198 199 200 201 202 204 207 208 209 211 212 213 214 216 217 218 221 222 224 225 228 229 230 235 237 238 239 240 245 248 251 252 257 259 260 263 265 266 267 268 269 270 271 273 274 278 279 281 283 284 286 291 293 296 297 298 299 301 305 306 308 309 310 312 313 314 315 316 318 319 321 323 327 328 329 331 332 333 334 335 336 338 339 341 344 347 350 351 352 354 355 357 360 361 368 370 371 372 375 376 380 382 383 387 389 391 395 398 400 401 403 406 407 409 410 411 412 413 414 415 416 417 418 419 420 421 422 424 425 426 427 429 430 431 433 434 435 436 437 439 440 442 444 446 447 449 450 451 453 454 457 459 463 468 469 470 471 473 474 475 476 477 481 483 484 486 487 489 491 492 494 496 497 499 501 502 504 506 507 508 509 510 511 513 514 515 516 517 518 522 524 525 527 529 530 534 536 537 539 540 542 543 544 545 547 549 550 551 552 553 554 555 556 557 558 563 565 567 569 570 573 577 579 580 581 582 584 585 586 588 589 590 592 593 595 597 598 599 600 605 606 608 609 611 613 614 617 619 620 622 625 628 631 634 635 636 637 643 644 645 647 649 652 653 657 662 663 665 669 670 671 672 675 676 679 680 683 684 685 690 691 694 695 696 697 698 699 700 701 704 705 707 708 709 715 717 719 720 722 723 724 725 727 728 731 732 733 735 
432: 0 3 4 5 6 7 8 9 10 11 12 16 18 20 21 23 25 27 29 30 31 32 33 34 35 37 38 39 40 41 43 44 46 47 49 50 51 52 53 54 56 58 61 62 63 64 65 67 69 70 72 73 75 78 79 81 82 83 84 85 87 88 90 92 94 95 96 98 99 101 104 111 112 115 116 119 120 121 122 125 126 127 130 131 132 136 137 138 139 140 141 142 144 147 148 151 153 154 155 157 158 159 161 162 164 165 167 168 169 174 175 177 178 179 180 182 184 185 186 187 189 191 192 193 194 195 198 199 204 207 208 209 210 211 216 218 220 222 224 225 226 227 228 230 231 233 234 235 236 238 239 240 242 243 245 247 252 254 255 256 258 259 260 261 262 263 264 265 266 268 272 273 274 276 279 280 282 285 286 287 289 291 292 293 294 298 300 301 302 304 305 307 310 312 314 315 316 318 319 320 321 322 323 324 326 327 329 330 331 332 333 334 335 336 337 340 341 343 344 345 348 349 351 354 355 357 360 362 363 365 367 368 369 370 372 375 378 379 380 384 386 387 389 390 391 392 393 394 397 403 404 405 407 408 409 413 414 415 419 420 422 423 424 425 427 429 430 435 436 438 441 442 444 445 448 452 453 454 457 458 459 460 463 464 466 475 476 478 480 481 483 485 486 487 489 490 491 493 495 496 497 502 504 507 511 513 517 520 522 524 525 526 527 529 530 531 535 538 539 540 542 545 547 548 549 550 551 552 553 554 555 558 559 560 561 563 564 565 566 571 572 573 576 577 579 581 582 583 587 588 591 593 594 601 603 605 607 609 611 614 616 618 619 620 621 622 624 625 628 630 631 632 633 635 636 637 638 639 641 642 643 645 646 648 650 651 652 653 654 655 656 657 659 663 664 665 666 672 674 675 678 679 680 684 687 691 694 696 697 698 700 701 703 704 705 706 707 709 710 713 714 716 718 719 720 723 724 725 727 728 732 736 
443: 0 2 3 4 8 9 11 12 13 14 15 17 19 21 22 24 26 27 33 34 38 39 40 42 43 47 48 51 52 53 54 55 56 59 60 62 63 65 66 68 69 70 72 73 74 76 78 80 81 82 83 85 86 87 88 89 91 93 94 95 96 98 99 100 101 102 103 105 107 109 111 112 113 114 118 119 120 122 123 124 125 126 129 130 131 134 135 136 137 140 142 143 144 146 147 148 149 150 152 153 155 157 158 161 163 164 170 172 174 176 177 178 179 181 186 187 188 190 193 194 197 198 201 203 204 205 206 208 212 215 217 218 220 221 222 223 224 226 227 228 229 230 231 232 233 236 237 238 240 243 249 250 252 255 256 259 260 264 265 266 267 269 271 273 274 275 276 278 279 280 281 282 285 286 287 288 292 293 295 297 298 300 303 305 307 310 311 312 313 316 319 320 322 325 326 327 329 330 331 332 333 336 337 338 339 341 342 343 345 346 347 349 354 355 356 358 360 361 366 367 369 370 371 373 375 376 377 378 379 380 381 383 384 387 390 392 395 396 397 398 399 400 401 403 405 407 408 409 412 417 418 420 421 422 424 425 427 428 429 430 432 435 436 437 438 439 440 441 442 443 444 445 446 449 453 455 457 458 459 461 463 465 466 467 469 470 471 472 474 476 478 479 481 482 483 485 487 492 494 495 497 499 502 503 504 505 506 507 510 511 513 515 516 517 519 520 521 523 525 526 527 528 530 536 538 539 541 543 546 548 549 550 551 552 555 556 558 560 563 565 566 567 569 571 572 574 576 577 579 580 582 583 584 585 587 588 590 592 593 594 595 596 598 600 601 603 605 609 610 612 614 615 616 619 620 621 622 627 628 629 630 631 632 634 635 636 637 638 639 641 644 645 646 649 651 653 654 656 658 659 660 664 665 666 667 668 670 672 673 675 677 679 680 682 683 685 688 689 692 693 694 695 697 698 700 703 704 705 707 708 709 710 712 715 717 718 719 720 722 730 731 732 734 
442: 0 6 8 9 10 11 12 13 14 16 17 19 21 22 23 25 26 27 28 29 30 31 34 37 38 39 40 41 43 44 46 48 51 56 58 59 60 61 62 63 66 67 68 69 71 72 74 75 76 77 78 79 82 83 84 85 86 89 91 93 95 96 97 101 102 105 106 109 110 112 115 116 118 119 121 123 124 125 126 127 128 129 130 133 134 135 136 140 141 144 149 150 152 154 155 156 157 158 159 161 162 168 172 173 174 176 177 178 180 181 182 184 186 188 189 191 192 195 196 197 199 200 201 205 206 207 208 209 210 211 212 213 215 216 220 221 222 224 226 227 228 229 230 232 233 235 239 240 242 244 246 249 250 251 252 253 254 256 257 258 262 264 265 266 269 271 274 276 280 282 283 284 285 289 290 291 292 293 295 296 298 299 301 302 303 304 306 307 308 309 310 311 314 315 316 317 319 325 326 328 329 330 331 332 333 337 338 340 342 344 345 347 348 349 353 354 356 360 361 362 363 366 367 370 372 373 375 376 377 378 379 380 381 384 385 387 388 390 391 392 396 397 401 402 403 404 405 406 407 408 409 410 411 412 413 414 416 420 422 423 424 425 427 428 430 431 432 433 434 435 443 446 447 452 454 457 458 460 461 462 463 466 469 470 471 472 474 475 476 477 478 479 480 483 484 487 489 490 491 492 493 494 496 498 499 500 502 503 508 509 510 512 513 514 515 516 517 518 520 522 523 525 527 528 531 533 535 536 537 539 540 541 542 544 545 546 547 549 550 551 553 554 556 557 558 559 565 566 567 568 571 573 574 575 578 579 580 581 588 589 591 592 594 595 597 602 604 605 608 610 612 613 614 615 616 620 621 623 624 626 627 628 630 634 635 636 637 639 641 644 646 648 649 651 653 656 658 661 662 664 665 666 667 669 671 673 675 676 677 678 679 681 682 684 685 686 691 692 693 696 703 705 707 708 709 710 713 716 718 720 721 722 723 725 727 728 729 730 731 732 733 735 
444: 0 1 2 3 4 6 7 8 9 11 12 15 18 19 20 21 22 23 26 27 28 29 30 31 32 33 35 37 38 40 41 42 44 46 48 49 51 53 56 57 59 60 61 64 65 66 67 70 72 73 75 76 77 78 79 80 81 82 83 85 90 91 92 94 95 96 97 98 99 100 101 102 103 104 105 108 111 112 113 114 120 122 123 124 125 126 127 128 129 132 133 134 136 137 138 139 140 141 142 147 149 150 151 152 156 157 160 162 164 167 168 170 171 172 174 175 177 178 179 181 182 186 188 190 191 192 194 198 201 203 205 206 207 212 213 214 215 216 219 220 222 223 225 226 228 231 233 236 239 240 241 242 243 244 245 247 249 251 252 253 254 256 257 259 260 261 262 263 265 266 267 268 273 274 275 278 279 280 281 283 286 287 292 293 294 295 296 298 299 301 307 309 313 314 315 316 320 321 323 324 327 328 329 332 334 336 337 338 340 342 345 346 347 348 349 350 352 354 355 357 358 359 361 362 363 365 369 370 371 373 374 376 377 380 382 385 386 387 388 390 392 395 396 401 402 404 405 406 407 411 416 418 420 421 422 424 425 426 429 430 434 435 436 437 438 439 440 441 442 443 444 446 447 449 451 452 455 457 458 459 463 464 465 467 469 472 477 478 480 481 482 485 487 490 491 493 494 496 497 499 500 501 502 503 505 506 507 510 511 513 515 516 517 518 521 522 523 525 527 528 534 535 537 538 539 540 541 543 544 547 549 551 552 553 555 556 561 563 564 566 567 568 569 571 572 573 574 576 578 579 581 583 584 585 586 587 588 590 593 594 595 597 598 599 600 601 602 603 604 605 609 611 613 614 615 616 617 619 620 622 624 625 626 629 631 633 636 637 639 641 642 643 644 646 649 652 655 656 657 658 661 662 665 669 670 673 674 675 677 678 679 680 681 682 684 686 688 689 690 692 697 698 700 702 703 704 706 710 711 712 713 715 716 717 720 722 723 724 726 728 730 732 734 735 
463: 0 3 4 6 9 12 14 17 19 20 21 23 25 26 27 28 29 30 31 32 34 36 38 40 41 43 44 45 46 49 50 51 52 54 58 59 66 67 68 69 70 71 72 73 74 75 80 82 83 87 88 89 90 91 92 94 95 97 98 100 101 104 105 107 108 110 111 113 114 115 117 118 119 120 122 123 124 125 126 127 129 130 131 132 133 134 139 142 143 146 147 150 153 154 155 157 158 161 162 164 166 167 170 171 172 174 175 176 177 179 180 182 184 185 188 189 192 193 195 196 197 199 200 201 202 203 205 206 207 208 209 210 211 212 213 215 217 218 219 223 229 230 231 233 234 239 243 244 246 250 251 253 254 255 256 259 261 263 265 268 269 270 271 272 277 278 281 283 284 286 288 289 292 295 297 299 300 301 302 303 304 306 307 308 309 313 314 315 316 317 318 319 320 321 324 325 326 327 330 331 333 334 335 336 338 339 340 341 343 346 349 350 351 352 354 356 358 359 360 362 363 365 366 367 369 370 371 372 373 375 376 377 379 381 382 383 384 386 388 389 390 391 392 393 394 395 398 399 401 402 403 404 406 407 409 412 413 416 417 418 419 420 423 425 427 429 430 431 432 433 434 435 436 439 440 442 443 444 448 449 450 451 452 454 455 456 457 458 459 460 463 464 466 467 468 470 471 473 474 476 477 480 484 485 488 489 490 494 495 496 497 498 500 502 503 504 506 508 509 510 512 513 516 517 518 519 520 521 523 524 525 526 527 528 531 532 537 538 540 542 545 546 547 548 553 554 555 556 559 560 563 564 567 568 569 571 572 573 574 577 578 580 586 587 588 589 590 593 594 595 596 597 599 600 602 603 605 609 610 613 615 616 617 618 619 621 623 625 626 627 629 630 631 635 636 637 640 641 642 643 644 645 647 648 649 651 652 654 656 657 658 659 660 662 663 664 666 667 668 669 670 671 673 674 677 678 679 680 681 682 683 688 690 691 692 693 694 695 696 697 702 703 704 706 707 708 710 712 714 715 716 717 718 719 720 722 723 725 728 730 733 734 736 
432: 0 1 4 5 8 9 12 13 16 18 19 20 23 25 26 30 34 36 37 38 40 44 45 46 48 49 51 52 53 54 56 59 60 61 62 63 67 68 70 71 72 73 75 78 79 82 84 86 87 88 89 91 93 94 95 96 97 98 100 101 102 107 108 109 110 112 113 114 116 119 120 124 126 127 128 129 132 136 137 139 140 141 145 146 149 150 151 152 153 154 155 156 157 158 159 161 162 163 165 167 168 169 170 171 175 176 179 180 182 184 186 188 189 191 193 195 197 199 200 201 202 203 204 208 210 211 212 213 214 215 217 218 224 225 226 228 229 232 233 234 236 237 238 240 241 242 243 244 245 246 247 250 251 252 254 256 257 258 259 262 264 266 267 268 269 270 271 276 279 282 283 286 288 289 290 293 294 296 298 299 301 302 304 305 306 308 309 310 311 313 314 315 316 320 321 323 325 326 327 328 329 330 331 332 334 335 336 340 341 342 343 344 345 346 347 348 349 353 355 356 359 361 362 365 366 368 369 370 372 374 376 377 378 379 381 386 387 389 390 392 395 396 397 400 401 403 406 407 408 409 413 414 415 416 417 418 419 421 422 423 424 425 427 432 434 436 437 439 440 443 445 446 448 449 450 452 453 455 457 458 459 461 462 463 465 470 471 472 481 482 483 484 485 488 490 491 492 495 497 498 499 504 505 511 514 516 518 519 521 522 523 524 525 527 528 530 531 534 537 540 542 543 546 548 549 550 551 554 555 556 558 562 563 564 566 567 570 574 576 579 580 582 583 584 585 586 588 589 590 594 596 597 599 601 604 605 608 609 611 612 615 616 617 620 628 629 631 632 633 634 635 637 638 640 643 644 645 647 648 651 652 654 657 658 659 660 661 663 664 665 669 670 672 674 675 676 677 678 679 681 682 684 688 689 690 691 692 693 697 700 701 702 703 706 707 708 710 714 717 718 719 721 722 723 724 726 728 729 731 733 735 736 
466: 1 3 4 5 7 9 10 11 12 13 14 15 16 17 18 21 22 24 25 26 29 30 32 35 37 39 40 41 43 44 45 46 51 52 53 54 55 56 57 58 60 61 62 63 65 66 67 68 69 70 71 72 73 74 75 78 79 80 81 82 83 84 85 87 88 89 90 91 92 93 94 95 98 99 100 101 102 103 104 106 107 108 110 113 117 118 119 123 127 130 131 132 133 134 139 141 142 145 148 149 151 153 154 156 159 160 161 164 165 167 169 170 171 172 173 174 175 176 177 178 179 180 183 189 190 192 193 194 196 198 200 206 207 208 209 210 212 214 215 216 217 220 221 222 223 224 225 226 227 229 230 231 232 234 236 241 244 245 246 247 248 249 250 251 253 254 257 258 261 262 263 264 265 267 268 269 270 272 273 275 277 278 279 281 282 284 285 287 288 290 293 294 295 297 298 299 301 302 303 304 307 308 312 314 316 317 318 321 324 325 328 330 331 332 334 335 339 340 341 342 343 345 346 347 348 350 351 352 353 355 356 357 358 359 360 362 363 364 365 367 370 371 372 373 375 376 377 378 380 382 384 386 387 388 389 390 391 394 395 396 398 399 401 403 404 405 406 407 408 410 411 412 413 415 417 421 422 423 424 425 427 428 430 432 434 435 437 438 439 440 442 443 445 447 448 450 451 453 454 455 456 457 458 459 460 462 464 466 467 469 470 472 478 480 481 482 484 485 486 488 489 491 494 496 497 498 500 501 504 506 509 511 513 515 516 517 519 520 521 522 526 528 530 531 532 533 536 537 538 539 540 543 546 549 550 552 553 554 555 557 561 562 563 564 565 568 569 570 571 572 574 575 576 577 578 580 582 585 587 588 589 590 591 592 593 594 596 597 601 602 606 607 608 610 612 613 615 616 617 618 619 621 622 623 624 628 629 639 640 641 642 643 644 648 649 651 652 653 654 656 657 658 660 661 662 664 665 666 667 669 670 671 673 674 675 679 680 681 682 683 686 691 694 695 697 698 700 703 705 707 708 709 710 712 713 714 717 718 720 721 725 727 730 732 734 736 
444: 0 1 3 4 6 7 8 10 11 12 13 14 15 17 19 21 22 23 24 26 29 30 34 36 41 42 45 46 47 49 50 51 54 55 56 57 58 59 60 61 62 63 64 68 69 70 71 72 76 77 78 79 82 84 85 87 89 90 91 95 96 98 101 102 104 106 107 108 110 111 112 114 115 116 118 119 123 124 125 126 128 129 130 131 132 133 137 138 139 145 146 148 152 153 154 155 156 159 161 162 163 165 166 171 172 174 179 181 182 183 184 185 187 190 192 194 198 199 201 204 208 210 211 212 213 214 216 217 218 219 224 225 226 230 231 232 233 235 237 238 244 245 246 247 250 254 255 256 258 259 260 262 263 266 268 269 271 272 273 276 277 278 280 281 282 283 286 289 290 292 293 294 295 296 297 298 305 306 308 309 310 312 313 316 318 319 320 321 322 323 324 325 326 328 330 331 332 333 334 338 340 342 343 347 351 352 353 354 356 357 359 361 363 364 367 368 370 371 372 375 376 377 378 379 382 383 384 386 387 388 390 392 393 394 395 397 398 399 400 401 404 405 406 410 412 413 414 416 417 418 423 424 426 427 428 429 430 433 436 437 438 439 440 442 446 447 449 455 456 457 458 459 460 461 465 466 467 468 469 471 472 473 474 475 482 483 484 485 486 488 489 490 493 494 495 496 497 498 501 503 504 505 506 507 509 511 513 514 515 516 518 520 523 524 525 526 527 528 529 533 535 536 537 538 539 541 542 545 547 548 550 552 553 556 557 558 559 560 563 565 567 568 569 570 572 574 575 577 580 582 583 585 587 588 589 591 592 594 595 596 597 599 600 601 602 603 604 605 606 610 611 612 615 616 620 621 622 623 624 625 627 628 629 630 634 635 636 637 639 640 643 645 646 650 652 653 656 657 662 663 666 668 669 670 671 672 676 677 679 681 682 684 685 686 687 689 690 691 695 696 697 699 700 702 704 706 710 711 712 713 715 716 718 719 720 722 725 726 729 732 733 734 735 736 
456: 0 1 2 4 5 8 9 10 11 12 13 14 16 17 18 19 20 21 23 25 26 27 28 30 34 35 36 38 39 41 43 46 47 50 51 53 54 55 59 60 61 63 66 67 68 70 71 75 76 77 78 79 80 81 82 85 86 87 89 90 91 92 94 95 97 100 103 104 105 107 108 109 110 111 112 116 118 119 120 121 122 123 124 125 127 128 132 134 135 137 138 139 142 144 145 146 148 149 150 151 152 154 156 159 161 164 166 168 170 171 172 173 174 176 177 178 179 180 181 182 183 185 186 187 190 191 193 197 198 203 205 206 207 210 211 212 213 215 216 217 218 220 221 222 225 228 230 232 233 235 236 237 238 239 241 242 243 244 245 246 248 250 251 252 253 254 256 259 260 262 264 268 270 273 276 277 278 279 280 281 282 284 286 287 288 290 292 294 295 297 299 300 302 304 307 308 309 310 311 312 313 314 315 316 317 319 321 322 324 325 327 330 332 333 334 335 336 337 338 339 340 341 342 346 347 348 351 353 355 357 358 359 360 361 363 365 367 369 370 373 375 380 381 382 383 384 385 386 387 389 393 394 395 400 401 402 403 405 406 407 410 412 413 414 415 417 419 420 421 422 424 426 427 428 429 431 432 433 434 435 436 440 441 442 446 447 449 451 452 453 454 455 457 458 460 461 462 465 467 468 469 470 472 473 475 476 478 479 480 482 483 485 487 490 492 494 497 498 500 501 503 504 507 509 510 511 512 514 515 517 518 519 520 521 522 523 525 528 529 530 531 532 546 550 553 554 555 557 559 560 561 563 565 571 572 573 575 576 578 581 582 584 586 587 589 591 592 593 595 597 598 599 600 603 605 606 607 608 609 610 611 612 615 616 618 619 621 622 626 631 632 633 634 635 636 641 642 643 644 645 646 648 650 651 652 653 654 655 656 657 658 659 660 662 663 664 667 672 673 674 675 677 678 679 680 681 683 685 686 687 688 689 690 691 692 695 696 701 704 706 708 710 713 714 715 716 718 719 720 726 727 729 732 734 735 736 
430: 2 6 7 8 10 11 13 14 19 21 22 23 24 25 27 28 30 36 37 39 40 42 45 46 47 49 51 53 54 58 60 62 63 64 65 66 69 72 73 76 77 82 83 84 87 89 90 96 98 102 103 104 106 107 108 110 112 114 115 117 118 119 120 121 125 126 127 130 132 133 135 138 139 140 142 144 145 147 148 150 154 155 156 157 158 159 160 161 162 164 165 168 169 170 172 173 174 175 176 177 178 180 182 185 186 191 193 194 195 196 199 200 201 202 206 208 209 210 211 215 216 217 219 223 224 225 226 227 228 229 231 232 233 234 236 239 240 241 242 245 247 248 249 250 251 254 255 257 259 260 261 263 264 266 268 269 270 273 274 276 277 278 279 281 282 284 285 287 288 289 291 297 298 301 303 304 306 307 309 312 313 314 316 317 318 319 320 323 326 330 331 335 336 337 338 343 346 348 351 353 354 356 357 360 362 363 364 365 366 367 368 370 371 372 373 375 376 378 380 381 382 383 385 386 388 389 393 394 395 396 397 398 399 401 403 405 406 408 409 413 414 415 416 419 420 421 422 424 429 430 431 432 433 434 435 436 437 438 440 441 442 443 444 445 446 448 449 450 451 453 455 458 459 460 463 464 465 466 467 468 471 472 473 474 475 476 478 483 484 485 486 487 488 491 492 494 495 502 503 504 509 510 511 512 514 515 516 517 520 521 522 523 528 531 532 535 537 538 540 542 543 544 545 546 548 549 550 552 553 556 557 559 561 562 563 564 565 566 567 569 571 572 574 575 577 579 580 581 582 586 587 589 591 594 596 600 601 603 604 606 609 611 612 618 619 621 623 624 627 628 629 630 631 632 635 639 641 642 644 645 647 651 652 653 654 656 657 658 659 660 661 668 669 674 676 678 680 684 685 690 691 692 695 696 697 698 699 700 702 703 704 705 711 712 713 714 715 716 717 719 721 722 723 725 727 728 732 733 734 736 
449: 1 2 3 6 7 12 13 14 15 16 17 18 19 20 22 24 25 26 32 33 34 39 40 43 44 45 47 49 52 53 54 55 57 61 62 65 66 68 70 71 74 75 77 78 79 81 82 83 84 86 87 88 89 90 93 94 95 99 100 102 105 106 107 110 111 112 116 117 118 120 122 123 124 125 126 128 129 132 136 138 139 140 141 143 144 145 149 155 156 157 158 160 161 164 165 166 168 170 171 173 174 176 178 180 181 183 184 186 187 188 189 190 191 192 194 195 196 197 200 203 204 206 209 213 215 216 217 218 219 220 221 224 226 229 230 231 233 234 236 238 240 241 244 245 246 248 249 250 251 253 255 258 259 262 263 266 267 269 270 272 273 274 275 276 278 279 280 281 282 283 284 285 287 288 289 291 292 293 294 296 297 298 299 300 303 304 305 307 310 311 312 313 314 316 318 319 322 323 324 328 329 330 331 332 333 334 335 337 339 340 341 342 343 344 345 346 350 351 354 355 357 358 359 361 362 363 368 370 372 373 378 380 381 383 384 385 386 388 391 393 394 398 400 402 403 404 405 408 409 411 412 413 415 416 418 419 420 421 422 423 424 425 426 427 430 431 433 436 437 438 440 441 443 444 446 447 448 450 451 453 455 457 459 460 462 463 464 466 467 470 471 472 473 475 476 477 478 479 480 483 487 488 490 491 492 493 495 497 498 499 500 501 503 504 505 508 510 511 513 514 516 517 520 521 523 524 526 528 530 531 532 533 535 536 538 539 540 541 542 544 548 549 552 554 555 556 558 560 561 562 564 565 566 569 572 577 578 579 580 584 585 587 588 589 590 592 594 596 598 600 602 604 605 607 608 609 610 611 617 620 621 624 625 627 628 629 630 633 634 635 637 638 639 640 644 645 646 647 649 655 656 657 659 661 662 665 666 668 672 673 674 675 677 678 679 680 682 684 686 688 692 693 694 696 699 700 703 704 705 708 709 710 711 712 713 714 715 717 722 725 726 727 729 730 731 732 733 734 736 
434: 0 1 2 3 4 6 7 8 10 11 15 16 17 18 19 22 23 25 28 29 33 34 37 38 43 45 49 50 51 53 54 55 59 60 62 64 65 66 67 69 71 72 73 74 75 76 77 78 80 82 83 84 86 87 88 90 94 95 96 97 98 99 100 102 104 106 109 110 111 112 114 115 116 117 118 120 122 123 124 125 127 129 130 131 134 142 143 146 148 149 150 151 152 154 155 156 159 161 162 167 169 171 172 175 176 177 178 179 181 182 183 184 185 186 187 188 189 191 193 196 197 198 203 205 206 209 211 213 215 217 219 221 222 226 227 228 229 230 231 233 234 235 238 239 240 241 242 243 244 245 246 247 248 249 250 252 253 254 255 256 257 258 259 260 261 262 263 264 267 270 271 273 274 275 277 278 279 281 282 283 285 286 287 288 289 290 291 292 294 295 296 297 300 302 303 304 305 306 308 309 310 311 312 313 314 317 318 319 322 323 326 327 329 330 332 333 334 335 340 342 343 344 345 346 348 349 350 351 352 355 357 358 361 363 364 366 372 374 377 380 381 383 384 385 386 387 389 391 393 394 396 398 399 400 401 402 408 410 413 415 417 418 419 420 423 427 429 430 433 435 436 437 438 439 440 441 442 444 445 447 448 449 450 452 453 456 457 458 460 461 463 466 468 469 470 472 473 475 477 481 482 483 487 488 489 491 498 499 503 504 505 506 509 510 513 514 515 518 520 523 527 528 529 532 535 536 538 540 541 543 545 551 552 553 556 557 559 561 565 567 570 573 576 578 579 580 583 585 586 587 588 589 590 592 593 594 595 596 599 600 601 605 606 607 608 609 610 611 613 616 617 618 620 621 622 626 627 629 631 633 635 636 637 638 641 642 644 645 647 649 650 651 653 654 655 656 657 658 659 660 662 665 669 671 673 674 675 680 681 685 686 688 690 691 693 694 696 699 704 705 709 710 711 712 713 715 716 717 720 723 724 729 734 736 
435: 0 1 2 5 7 10 12 14 15 17 18 22 23 24 26 29 30 31 34 35 40 41 43 45 46 47 48 53 55 56 58 59 60 62 63 64 67 70 71 75 77 78 79 81 83 84 85 86 87 88 89 91 92 94 98 99 100 101 103 105 106 108 109 113 114 115 118 119 120 121 124 125 126 127 128 129 130 131 132 137 138 139 141 142 143 144 145 147 148 149 150 151 154 155 158 159 160 161 162 164 165 166 169 171 172 173 174 175 177 180 181 182 183 184 185 186 187 191 192 193 195 196 197 199 201 203 204 206 207 208 210 211 215 216 217 219 220 222 223 224 226 229 230 233 234 237 238 239 240 244 245 248 250 251 252 255 256 257 259 260 261 263 264 266 267 268 269 270 271 272 273 274 277 278 279 280 281 282 286 289 290 291 295 297 298 299 300 302 305 306 307 309 310 311 315 317 318 321 322 324 325 326 327 328 330 334 335 336 337 338 339 341 344 346 351 352 353 355 356 359 360 362 365 368 369 374 375 376 377 378 379 385 390 394 396 397 398 400 401 402 407 413 415 416 417 419 422 423 425 427 429 431 433 434 435 437 438 441 442 445 447 448 451 452 453 454 455 456 457 460 461 464 465 466 467 469 472 473 476 477 479 480 481 483 485 486 489 490 491 492 494 495 497 499 500 502 503 504 505 508 509 510 511 514 516 517 518 519 521 523 525 528 529 530 531 532 533 534 535 536 540 541 543 544 546 547 548 549 551 554 560 562 563 564 565 566 567 569 571 579 580 581 584 585 586 588 589 590 592 597 598 599 600 601 602 603 604 605 607 609 610 616 619 620 621 623 624 625 628 631 632 633 636 637 640 642 644 645 647 648 651 652 653 654 655 656 657 658 659 661 664 666 667 669 671 672 673 674 675 676 677 680 681 682 683 684 685 688 690 691 692 693 694 697 698 699 703 704 706 707 709 711 712 714 715 719 720 721 723 724 726 729 731 732 733 
437: 0 1 4 6 7 9 12 13 15 16 17 18 19 20 21 22 23 27 28 29 30 31 34 36 37 39 41 42 43 45 46 47 48 49 50 51 52 53 54 55 56 57 58 59 62 63 64 65 66 68 69 72 75 76 78 79 82 86 87 88 89 90 91 93 94 95 96 97 98 99 100 101 102 104 107 108 111 112 113 114 116 118 119 120 121 123 124 125 127 129 133 135 136 137 138 139 142 147 150 151 152 153 156 157 158 163 164 166 168 172 173 178 179 181 186 187 188 190 191 192 194 195 197 198 202 203 204 205 206 207 208 209 213 214 216 217 218 223 225 227 228 230 231 232 234 235 236 237 241 243 245 246 247 248 249 250 251 252 255 256 257 258 259 261 262 264 265 267 268 271 276 278 279 282 284 285 287 290 292 293 294 296 297 298 301 302 303 305 309 310 312 314 315 316 320 321 325 327 329 331 335 337 340 343 345 347 348 349 350 351 354 357 358 359 360 361 362 363 364 365 367 370 371 374 375 377 378 379 380 382 384 386 387 388 393 394 404 405 406 407 409 411 414 415 416 417 419 421 422 423 425 426 428 429 430 432 433 435 436 437 438 439 441 442 443 444 445 446 447 448 449 450 451 452 453 454 456 457 458 459 460 461 462 463 465 466 467 469 470 471 472 473 476 477 478 479 483 486 487 489 491 492 494 495 496 497 500 501 503 504 505 509 510 511 513 514 515 518 520 521 525 526 527 528 529 531 532 535 538 539 541 543 544 545 547 548 550 551 552 553 554 558 562 564 566 568 571 572 575 576 577 578 580 581 583 584 585 586 589 590 593 594 598 602 603 604 607 608 611 614 615 616 618 619 620 621 622 623 629 630 631 632 634 636 640 641 642 645 649 650 653 656 659 660 661 662 663 664 666 667 669 670 671 673 674 676 677 678 679 681 682 683 684 689 690 692 693 695 696 698 703 706 707 710 713 714 715 716 717 720 722 725 728 731 732 733 735 
449: 1 2 4 6 7 9 11 12 14 15 16 18 20 21 22 24 25 26 27 29 30 33 34 35 36 38 44 45 46 47 49 51 52 55 56 57 58 59 60 63 65 66 67 68 69 70 72 73 74 75 77 78 79 80 81 82 83 84 85 87 88 89 90 91 92 93 94 95 96 97 98 99 100 102 103 104 106 107 108 109 111 112 113 115 117 118 119 120 125 129 130 134 135 139 140 141 142 143 145 146 147 148 151 152 153 156 157 158 159 160 162 164 165 167 168 170 172 174 175 177 179 180 184 187 188 189 190 191 192 197 198 199 200 201 202 204 205 206 207 208 210 211 214 217 218 220 221 223 225 226 227 228 230 231 232 233 234 235 237 238 241 242 243 244 246 247 249 250 252 255 257 258 260 261 263 264 266 267 268 272 273 274 275 276 277 280 281 282 284 285 286 288 289 291 292 295 296 297 299 301 302 303 306 308 311 313 314 315 316 319 320 321 322 323 324 325 328 329 330 331 333 334 337 342 344 346 349 350 351 352 355 357 358 359 360 361 362 363 364 365 367 368 369 370 371 372 373 374 380 381 382 384 387 388 389 390 392 393 394 395 397 399 401 404 405 406 408 409 410 413 415 417 418 422 425 428 429 430 431 433 434 435 436 437 438 444 445 447 448 449 450 451 454 455 457 461 462 463 464 466 467 468 472 473 474 475 477 479 480 481 483 484 486 487 489 492 493 495 499 502 503 504 505 506 511 514 515 517 519 521 522 523 525 526 527 528 530 534 535 536 538 540 542 543 545 548 549 553 556 558 559 561 565 567 569 570 571 575 576 578 579 580 581 582 584 585 588 589 590 592 593 594 598 601 602 605 608 610 611 613 615 618 620 621 622 623 624 625 626 629 630 634 636 637 639 641 642 643 646 649 651 652 653 654 655 656 657 658 659 663 664 666 668 669 670 671 674 675 676 677 678 679 681 684 686 687 688 691 694 695 699 701 704 706 707 708 710 711 713 715 718 720 722 723 724 730 731 734 735 
453: 0 1 3 4 6 7 9 10 12 13 14 15 20 21 23 28 29 30 31 32 34 35 36 37 40 42 45 46 48 49 50 51 53 55 56 57 58 60 61 62 64 65 66 67 68 70 72 74 76 77 79 81 82 83 86 88 89 90 91 92 93 94 95 96 97 98 101 102 103 104 106 107 108 110 113 114 115 116 117 120 121 122 124 126 128 129 130 132 134 135 137 139 141 142 143 144 146 147 149 151 154 155 159 160 163 167 169 170 171 172 173 175 176 177 178 179 180 181 183 185 186 187 188 191 195 196 197 198 200 201 202 205 208 209 210 211 214 216 217 218 219 220 223 225 227 229 230 232 233 234 235 236 238 239 240 241 243 245 248 251 254 256 258 259 261 264 266 269 271 272 274 275 276 278 281 283 284 286 288 290 292 295 297 298 300 301 302 303 304 306 307 310 311 312 313 316 317 318 319 324 325 330 333 334 336 338 340 341 345 346 349 352 354 355 356 357 358 361 363 364 365 366 374 375 377 379 380 381 382 384 385 387 388 390 391 392 393 394 398 399 402 404 405 407 408 409 410 411 414 416 417 418 419 420 422 423 425 426 428 431 432 433 434 436 438 439 440 441 443 444 445 446 449 450 451 452 453 455 461 462 464 466 468 469 470 471 472 473 474 475 477 479 480 481 483 484 487 488 489 490 491 492 495 496 497 498 500 501 502 503 505 506 507 509 510 512 515 516 517 518 519 522 523 525 526 530 535 536 539 540 544 545 546 548 549 551 552 554 555 556 557 559 563 564 565 566 567 568 569 572 573 578 579 580 582 583 584 585 586 589 591 592 593 594 596 597 599 600 601 602 603 604 606 607 610 611 612 613 615 616 617 619 620 621 623 624 625 629 630 631 632 633 634 635 636 637 638 641 642 644 645 648 649 652 654 655 656 658 659 662 666 667 668 670 671 674 676 679 681 682 683 685 686 687 691 693 695 696 700 702 703 706 707 708 709 710 712 713 714 715 716 719 721 723 724 726 728 729 731 733 734 735 736 
Days = 7
Shift constraints
2 6
2 5
1 6
0 7
1 6
3 4
true
true
Forbidden sequences = 2
3 1 
2 3 

