# Randomly generated data for the integrated task scheduling and personnel rostering problem, skilling=0,600 and tightness=0,599 seed=60480
Tasks = 704
799 854 4
791 877 6
901 1034 6
712 763 4
387 475 6
376 483 2
804 850 4
784 826 1
384 510 2
783 851 0
375 429 6
788 895 5
718 783 3
789 920 6
400 521 5
381 457 6
377 425 5
730 836 1
663 757 1
820 923 5
377 428 6
815 921 4
661 744 0
804 919 2
791 889 3
519 631 5
385 470 4
389 438 0
689 764 1
395 495 0
744 824 6
671 722 0
854 901 1
400 502 0
664 789 5
387 437 2
391 483 0
782 908 5
387 448 6
676 726 0
800 912 5
670 794 2
795 910 2
782 882 1
661 712 0
787 887 0
1056 1142 6
802 874 0
390 464 4
845 936 1
737 810 0
963 1059 4
889 1014 0
797 919 6
1153 1228 4
446 526 3
784 903 6
662 772 3
903 970 6
382 458 5
442 486 4
858 948 4
664 724 2
393 460 4
788 842 4
375 440 2
461 522 6
388 430 5
795 873 2
718 809 0
672 777 4
915 1051 5
486 563 2
430 509 6
786 846 4
661 753 3
674 801 1
831 934 3
436 486 6
705 778 4
678 803 2
814 850 0
584 703 2
446 519 0
708 734 5
793 868 3
857 949 1
811 908 0
523 594 4
427 528 5
918 964 5
394 500 3
856 917 6
663 743 6
389 452 6
682 785 1
858 952 0
664 740 5
898 953 0
884 979 6
376 418 3
690 780 1
820 874 4
567 659 2
733 776 4
460 524 5
376 436 2
849 916 1
396 458 4
527 622 5
461 562 2
773 868 3
675 766 2
855 920 4
664 710 2
690 787 3
461 516 6
626 675 5
410 456 1
448 500 6
705 784 6
888 1021 3
664 766 6
477 574 4
1063 1180 3
893 995 3
971 1070 0
804 890 1
793 894 3
409 535 0
1090 1160 4
771 823 2
780 894 0
910 979 0
491 627 0
925 1018 6
666 713 5
430 466 5
1019 1069 6
703 748 1
984 1042 6
661 788 0
882 973 0
744 811 6
772 869 1
822 899 4
851 933 4
661 795 0
746 840 0
786 925 5
726 866 6
584 681 4
395 521 4
559 626 5
528 620 0
454 558 2
512 610 2
622 741 0
665 760 2
662 758 1
960 1072 2
675 778 4
787 850 4
809 865 3
426 514 0
467 547 1
376 454 1
809 902 0
670 745 2
745 838 0
664 739 6
814 911 6
471 536 1
740 808 6
522 625 6
902 959 3
795 886 1
591 664 6
391 516 1
906 1007 6
989 1036 0
795 935 0
389 470 5
477 586 4
729 794 5
396 460 0
504 582 5
983 1050 5
957 1078 4
513 599 5
803 904 4
986 1070 6
786 882 3
378 468 0
822 852 2
753 831 1
779 823 1
840 898 0
404 497 0
760 846 5
784 895 0
576 678 2
377 430 5
956 1067 4
402 438 2
470 548 6
468 538 0
844 941 2
615 669 4
419 492 3
836 895 1
828 887 5
516 560 4
809 889 3
539 627 1
467 552 3
627 700 2
788 821 3
864 937 2
497 582 5
608 719 5
1014 1090 1
589 712 5
762 835 4
489 592 2
862 948 4
765 838 1
661 751 3
525 602 5
683 760 6
478 553 6
844 971 1
936 978 1
933 1010 5
663 724 3
495 579 3
943 1046 1
456 568 2
902 1003 4
991 1050 5
877 979 3
556 647 3
825 906 0
895 1003 1
783 841 3
677 713 5
763 866 3
885 973 1
810 884 4
870 927 3
467 565 5
382 470 1
946 993 4
1138 1219 2
1060 1154 6
862 912 6
728 767 0
976 1086 1
1086 1154 1
1160 1238 4
530 639 4
874 992 2
1009 1119 3
375 476 2
390 423 5
389 482 2
434 496 5
464 507 4
437 550 5
834 893 4
505 577 0
1040 1129 3
591 663 0
1010 1121 5
885 953 4
620 698 1
519 595 6
471 617 2
686 760 2
434 518 2
985 1074 0
775 871 0
1139 1206 0
1009 1077 3
750 838 2
1148 1216 4
641 693 1
685 807 1
964 1038 2
825 918 6
874 995 0
855 913 5
854 940 0
714 775 5
948 1033 5
404 468 3
900 991 1
539 651 0
558 639 5
836 954 3
827 921 4
725 821 1
952 1073 4
789 852 3
668 772 5
857 933 1
922 1033 2
899 1004 2
542 612 6
625 695 0
676 783 6
710 748 0
842 935 2
620 682 2
569 668 4
1066 1103 4
947 1058 0
944 998 4
579 690 2
441 534 3
633 699 0
1060 1146 0
1032 1129 4
803 920 3
708 751 1
757 837 4
790 884 0
1020 1103 3
825 931 1
513 603 4
582 662 0
961 1024 2
908 1024 3
710 797 2
599 670 6
763 804 2
700 801 5
632 706 6
926 1044 4
935 1036 2
761 851 1
834 916 1
903 940 0
976 1082 1
669 755 2
810 888 2
700 759 2
974 1063 6
1008 1100 0
891 978 3
1028 1106 3
376 401 3
958 1012 5
866 1009 3
665 737 1
792 907 5
841 918 1
1073 1176 0
526 575 6
397 509 2
1015 1116 2
1017 1050 3
539 596 4
933 1047 4
1064 1146 6
669 768 4
951 991 1
943 1008 1
559 615 6
525 650 1
898 941 0
927 1013 0
767 839 2
797 880 5
724 828 3
567 611 3
766 834 5
515 613 3
817 926 0
872 965 6
924 1028 1
826 896 1
1081 1152 3
512 582 2
1071 1139 1
926 1009 0
923 1019 1
623 678 3
705 785 3
942 1073 0
778 839 5
936 977 0
919 986 6
415 477 6
1070 1171 4
950 1010 4
449 530 0
695 844 1
469 520 6
478 608 6
1076 1159 0
1130 1230 3
1130 1212 1
1143 1205 1
697 781 1
960 1010 4
699 811 0
869 953 4
1041 1144 5
997 1057 3
1043 1136 2
731 843 5
1039 1079 0
978 1049 3
705 834 3
928 998 3
1125 1212 0
1107 1157 0
1154 1238 1
740 810 1
782 918 6
901 989 1
675 744 6
662 721 2
1021 1094 1
503 572 3
1014 1133 0
937 1018 1
485 565 2
989 1041 1
921 1014 6
1059 1123 3
431 507 3
687 751 5
829 901 5
586 671 2
1079 1158 4
1014 1084 4
886 994 5
660 799 5
591 683 0
999 1068 6
773 862 3
685 772 0
1076 1139 3
1015 1080 6
470 564 6
995 1083 3
817 889 4
817 854 1
547 673 0
678 758 2
966 1077 3
542 585 6
1122 1211 3
964 1051 4
675 757 6
1088 1144 6
1193 1232 4
883 970 3
951 1046 6
846 974 6
715 842 0
436 463 2
1129 1233 5
583 717 3
640 703 3
605 683 5
661 743 0
840 948 6
887 963 5
1001 1055 0
551 609 6
570 649 2
1032 1072 1
607 696 6
949 1049 2
595 706 2
602 667 3
993 1109 4
826 881 1
910 948 5
615 691 6
970 1048 1
769 842 6
578 613 5
1052 1130 3
584 649 3
1056 1099 5
670 730 5
1052 1139 1
1145 1194 6
1073 1159 6
587 666 1
895 971 3
1056 1114 4
1134 1199 4
859 930 1
757 826 4
875 959 4
842 956 3
1048 1114 4
897 984 2
856 947 3
624 765 6
1089 1136 3
587 648 2
675 729 0
1001 1057 5
1008 1140 3
682 784 2
1060 1157 4
529 620 5
973 1111 3
865 936 4
1074 1159 0
1027 1097 0
695 741 2
904 987 4
433 484 2
568 646 5
623 718 5
786 844 0
990 1087 4
500 575 0
1105 1239 5
455 543 2
963 1030 5
618 731 6
1143 1222 3
832 920 1
1087 1197 3
697 813 1
878 1018 1
708 817 6
1151 1232 6
914 998 5
1117 1202 4
768 836 2
986 1100 5
932 1068 1
1002 1069 3
768 834 0
1054 1128 5
597 693 6
701 833 2
991 1092 1
1155 1235 0
1012 1110 0
674 767 3
732 877 4
1149 1239 6
1011 1080 2
702 775 6
1024 1125 2
1091 1156 4
501 567 4
649 720 5
380 513 0
662 748 2
590 666 6
1071 1138 1
1133 1185 1
1130 1191 4
541 635 2
863 972 3
1143 1221 2
948 1057 3
1165 1239 1
856 959 1
1058 1098 3
603 659 5
1112 1158 1
1150 1195 0
615 717 4
1029 1137 0
775 839 5
996 1068 2
958 1028 3
1044 1110 4
849 936 5
1103 1177 3
766 839 6
1192 1239 4
1035 1130 1
659 769 5
1155 1222 3
654 726 1
975 1042 6
628 679 4
885 999 1
773 844 2
527 602 0
756 840 4
1040 1130 5
893 993 4
618 695 2
1179 1233 3
772 837 5
1173 1221 4
1150 1236 5
495 597 2
730 842 0
1068 1121 2
544 613 2
727 824 1
1050 1164 2
1193 1236 0
1155 1228 1
742 810 5
764 821 0
1002 1075 2
665 737 3
1102 1219 4
944 1028 0
707 797 0
1037 1154 2
688 734 0
1055 1145 2
922 1038 1
813 910 5
1145 1215 6
661 776 0
745 840 4
1050 1149 3
969 1087 4
647 725 5
1025 1118 4
1029 1110 0
646 716 2
743 842 2
1127 1195 0
961 1038 1
734 815 3
1096 1154 1
991 1057 0
780 817 6
976 1027 3
1060 1148 5
558 653 6
746 830 3
1037 1108 5
751 839 0
1083 1159 2
1083 1152 0
689 771 3
911 1023 0
959 1061 1
734 835 6
889 959 1
1072 1150 6
1035 1112 1
1040 1145 1
770 844 3
613 719 4
1009 1153 4
759 830 2
1034 1141 1
738 786 2
718 773 1
749 842 2
1109 1167 2
1117 1201 4
611 669 4
734 816 6
1060 1147 1
1168 1235 1
1002 1082 5
770 812 5
726 838 2
698 832 5
1081 1150 6
1149 1234 0
1111 1199 0
524 619 3
1032 1082 4
717 821 4
1175 1237 2
1032 1091 4
1149 1226 3
883 951 6
726 825 5
783 834 2
765 834 6
1035 1143 5
700 835 6
719 843 3
1032 1155 3
1123 1159 2
720 841 4
1174 1237 0
1129 1239 3
1077 1159 1
680 821 6
1153 1234 6
638 766 3
923 1044 2
1095 1157 3
767 832 5
765 844 2
1031 1154 1
701 795 5
1205 1232 0
974 1076 6
Shifts = 4
0 0 0 0 0 0
375 0 0 470 0 0
660 0 0 500 0 0
780 0 0 460 0 0
Employees = 40
410: 0 1 2 3 4 5 7 8 9 11 12 13 14 17 18 19 20 21 22 24 26 27 28 29 31 35 37 38 40 43 45 46 48 50 54 56 57 59 60 62 63 64 68 69 70 71 72 73 75 78 79 81 83 85 86 87 90 91 92 93 95 98 99 103 104 105 108 109 111 112 113 114 116 117 118 119 122 123 126 127 129 130 132 133 135 137 140 143 144 146 147 148 149 152 153 154 155 156 157 158 159 162 163 165 167 168 171 172 173 177 179 182 184 187 189 191 194 197 200 207 208 209 211 212 215 216 224 229 230 231 232 234 235 237 239 241 242 244 245 246 247 248 249 250 251 252 254 255 256 260 262 263 264 265 268 269 271 272 273 275 276 279 282 283 285 288 289 291 292 293 294 295 297 298 301 303 304 307 308 309 311 312 316 317 320 322 324 325 328 329 331 334 335 337 339 340 342 345 347 348 349 350 352 353 357 358 360 361 362 369 370 371 372 374 376 377 378 379 382 383 384 385 387 389 390 391 392 400 401 402 404 405 407 409 410 411 412 413 417 418 420 422 423 425 427 428 429 430 431 432 434 435 437 438 440 442 444 445 447 448 450 454 455 457 459 460 462 463 466 469 473 475 476 479 480 481 482 484 485 490 491 492 493 494 495 496 498 500 501 503 504 505 507 508 511 513 517 520 523 524 529 530 533 534 536 537 538 539 540 543 546 547 548 551 552 553 555 556 558 560 562 564 565 566 567 569 570 571 572 574 575 576 577 578 581 582 583 584 585 586 587 588 592 593 594 595 597 599 604 607 608 610 611 613 618 619 621 622 623 624 625 626 627 628 630 631 632 636 637 638 640 642 643 644 646 648 650 651 652 653 657 658 659 660 661 662 664 666 667 668 674 677 678 680 681 682 683 685 687 689 691 692 695 696 698 699 700 701 702 703 
398: 0 1 2 3 6 7 8 9 10 11 12 13 14 19 20 21 22 23 27 29 30 33 35 37 38 40 44 45 49 50 52 57 61 62 64 68 69 70 73 74 79 81 87 88 89 90 91 92 94 95 96 97 100 101 102 103 104 105 108 109 110 113 115 117 120 121 124 125 126 129 130 132 133 138 139 141 143 144 146 147 148 149 153 155 156 157 159 161 165 169 170 172 173 175 177 179 182 185 188 192 193 194 198 200 202 203 209 210 211 212 213 214 217 218 219 220 221 224 227 228 229 230 231 232 234 237 239 240 243 244 246 247 249 252 253 255 256 257 258 264 269 271 272 274 276 279 280 281 282 283 284 286 288 289 291 292 295 298 299 301 302 305 307 309 310 312 314 315 316 317 320 321 322 324 325 327 330 331 332 335 337 339 340 341 342 346 348 351 353 356 357 358 359 361 362 363 366 367 368 370 371 372 375 377 378 380 381 382 383 388 391 394 398 399 400 402 403 404 405 407 409 410 411 412 414 415 416 417 418 420 421 422 423 425 426 430 431 432 437 441 443 445 448 450 451 452 453 454 457 459 460 461 464 466 467 470 471 473 474 475 478 482 483 485 486 487 488 489 490 492 496 497 499 500 501 502 503 504 505 506 507 508 509 510 513 516 517 518 521 523 524 525 527 528 530 532 535 536 537 538 541 542 543 544 547 549 551 553 555 557 558 560 561 563 565 566 569 571 574 576 577 579 581 583 588 589 590 591 592 593 594 595 596 597 599 601 603 604 606 607 609 610 611 612 616 617 618 619 620 622 624 626 628 630 631 632 633 635 637 639 640 641 642 645 647 648 649 651 653 656 658 659 661 662 663 665 667 668 669 670 671 673 675 679 681 682 683 684 685 690 691 692 693 696 698 699 700 701 
422: 0 2 3 7 10 11 12 14 15 16 19 20 22 23 24 25 26 27 28 29 31 32 34 35 39 40 41 43 45 47 48 51 52 54 55 59 60 63 64 68 70 71 72 74 76 77 80 81 84 85 86 88 91 92 95 99 101 103 104 105 106 107 109 110 112 114 116 118 119 121 122 123 125 126 127 128 129 130 131 132 138 139 141 142 143 144 146 148 151 152 153 154 156 160 161 162 163 164 165 166 168 170 172 173 174 175 176 178 179 180 181 185 186 187 188 192 194 196 197 198 200 201 202 205 206 207 208 209 211 213 219 223 225 226 227 228 230 233 234 239 241 242 243 244 246 247 248 249 251 253 254 255 257 258 259 261 262 263 264 265 266 267 268 271 272 273 274 275 276 278 280 284 286 287 288 290 292 293 294 297 299 300 302 304 305 310 311 312 314 317 318 319 320 322 324 325 326 327 328 330 333 336 337 338 339 340 342 343 346 347 348 349 351 352 355 357 358 360 361 362 363 365 366 367 368 369 372 373 374 375 376 377 379 384 388 389 390 391 392 393 394 395 396 397 399 400 403 405 406 408 409 410 411 414 415 416 425 426 428 431 433 434 435 436 441 443 447 449 451 452 456 458 460 461 462 463 464 465 466 469 471 472 474 475 477 478 480 481 483 484 487 488 489 490 491 492 495 498 502 503 505 506 507 508 509 510 511 512 514 515 516 517 518 519 521 524 527 529 530 532 533 534 536 537 539 540 541 542 544 546 547 548 550 551 555 556 557 560 562 563 564 567 570 571 574 575 576 578 580 581 582 583 584 585 586 587 588 591 594 597 598 601 604 608 609 610 611 613 614 615 621 622 625 628 629 631 632 634 635 637 639 640 641 642 644 648 654 655 656 657 658 659 660 662 663 665 666 667 668 669 670 671 672 673 675 676 678 680 681 684 685 687 688 689 690 691 693 695 696 697 701 702 
436: 0 1 2 3 4 5 8 9 10 11 12 14 15 16 19 23 24 25 26 27 29 30 31 32 33 34 35 36 40 41 42 44 45 46 50 52 53 56 57 58 61 68 70 72 73 74 75 78 79 80 81 82 83 84 86 87 89 90 91 92 93 96 97 98 99 100 102 105 108 111 113 114 115 116 117 119 120 122 124 125 126 128 132 134 135 138 141 142 144 146 148 149 150 154 155 156 157 158 160 162 168 170 173 174 175 176 177 179 180 181 184 186 187 188 189 190 191 192 193 194 195 196 198 199 201 202 203 204 205 206 207 209 211 213 214 216 217 218 220 221 222 224 225 226 227 228 230 233 234 235 236 237 238 239 241 243 244 245 246 247 248 249 250 251 252 254 255 256 257 259 261 263 264 265 266 268 271 272 274 275 278 279 281 284 286 288 289 291 292 293 294 300 301 302 304 308 309 310 311 313 314 316 317 318 320 321 322 325 328 329 331 340 342 343 347 348 350 354 357 358 359 361 362 363 365 366 369 370 372 373 376 377 379 383 384 385 386 387 390 391 392 393 394 395 397 398 399 400 401 403 404 407 408 410 411 413 414 415 416 417 418 420 421 423 424 425 426 427 428 429 430 431 433 434 435 438 439 440 441 442 444 445 446 451 454 456 461 462 463 464 465 466 467 469 470 473 474 475 476 477 478 479 480 483 485 486 487 489 491 494 495 496 498 501 502 503 504 506 507 508 512 513 515 516 518 519 520 521 522 523 524 525 526 527 528 530 535 538 540 542 543 545 546 547 549 550 552 554 555 556 557 562 563 564 565 566 567 568 574 575 576 580 583 584 585 586 587 591 597 598 599 600 601 602 603 604 605 607 608 610 611 612 613 614 616 618 620 623 624 625 629 630 631 635 637 638 639 643 644 645 646 647 650 651 652 653 654 655 656 658 659 660 661 665 666 667 668 670 671 672 674 680 681 684 686 687 688 692 694 695 697 698 699 700 702 703 
430: 0 1 3 4 5 7 9 11 13 14 18 19 22 23 24 25 26 30 31 32 35 36 40 43 48 50 52 53 54 56 57 62 64 65 68 69 70 72 74 75 76 77 79 80 81 84 85 87 88 89 90 93 94 97 98 100 104 105 106 107 108 109 110 111 112 113 115 116 117 119 120 121 122 124 125 126 129 130 134 141 144 145 146 148 149 152 154 156 158 159 160 161 162 164 166 167 170 171 172 173 176 178 179 181 182 184 186 187 188 190 193 194 195 196 197 198 200 201 203 205 206 207 208 210 212 213 214 215 216 218 219 220 225 226 227 229 230 231 233 234 235 236 237 238 239 240 241 242 243 244 246 248 249 250 253 254 255 256 257 258 260 261 262 263 267 271 272 274 276 277 279 280 281 284 285 288 293 294 296 297 298 300 301 304 305 308 309 311 312 313 316 317 318 319 321 322 323 324 325 326 330 331 332 333 334 335 336 337 338 339 341 342 343 346 347 348 349 350 351 352 353 355 356 359 360 361 363 364 369 370 371 372 375 376 377 379 380 381 382 383 384 385 386 389 392 397 399 400 402 405 406 408 409 412 414 417 419 421 424 426 427 428 430 432 434 435 436 438 439 440 443 444 445 446 447 449 451 453 454 456 458 459 460 461 462 463 467 468 473 474 476 477 478 479 480 481 482 483 489 490 492 493 496 497 498 499 505 507 511 512 513 514 515 518 525 527 529 530 531 533 534 535 537 538 542 543 544 545 550 551 552 553 554 555 556 559 561 562 563 565 568 570 571 575 576 577 578 580 582 583 584 586 587 588 589 590 593 594 596 597 600 601 602 603 604 606 608 609 610 611 612 613 614 616 618 620 622 623 625 626 627 629 632 635 636 637 639 640 642 644 647 648 649 650 651 654 656 657 658 661 662 663 664 665 666 667 669 670 671 672 673 674 675 676 680 681 682 683 684 685 686 688 692 693 694 696 698 700 701 703 
430: 0 1 2 3 4 7 8 15 16 19 20 21 22 24 25 26 27 29 30 33 35 36 40 42 43 44 46 48 49 51 52 55 57 58 59 60 61 62 66 67 68 69 71 72 73 75 79 81 82 83 85 89 94 96 97 98 101 102 103 104 105 107 109 110 111 114 115 116 117 118 119 121 124 130 131 132 133 134 135 136 137 138 139 140 141 143 144 147 148 149 150 153 155 156 157 158 159 160 163 164 165 167 168 170 172 173 174 177 178 180 182 184 185 186 187 188 189 191 193 195 196 198 199 202 206 208 209 210 214 215 216 217 219 222 223 224 226 227 228 231 235 237 239 241 243 244 245 246 247 249 250 251 252 254 256 257 259 261 262 265 266 267 269 273 275 276 277 278 279 280 282 283 285 286 287 289 290 294 299 301 307 309 310 313 314 315 316 317 319 320 322 324 326 327 328 329 331 332 333 335 338 339 340 341 343 347 348 349 351 354 355 357 360 361 362 364 365 367 368 369 370 372 374 375 377 378 379 380 381 382 384 385 386 387 389 391 392 393 395 396 397 398 400 401 403 404 407 408 410 416 417 418 419 421 422 423 424 425 427 429 430 435 436 441 442 443 444 445 448 449 450 451 452 453 455 456 459 460 464 465 466 467 470 471 473 474 475 477 480 481 482 484 485 486 490 491 492 493 495 497 498 501 503 504 505 506 507 509 510 511 514 520 524 525 526 527 528 529 530 533 534 535 536 537 539 540 542 543 544 545 547 548 549 550 551 552 553 555 557 559 560 561 562 563 564 567 568 569 571 572 573 576 577 578 582 583 584 585 586 588 589 590 593 594 595 598 599 601 602 604 605 606 608 609 610 612 613 615 616 617 618 619 621 623 625 627 628 629 630 632 634 637 638 640 643 644 646 649 650 651 654 655 657 658 660 664 665 666 667 668 669 670 671 672 673 675 677 678 679 686 689 690 692 693 694 698 699 700 701 702 
418: 0 1 2 3 4 8 9 11 17 19 20 22 23 24 28 29 31 32 34 35 36 38 39 40 41 42 44 46 48 50 51 52 53 54 58 59 60 61 62 63 65 67 68 69 70 74 76 77 78 79 80 82 84 85 87 89 92 93 97 98 99 101 102 106 107 108 110 111 112 113 114 115 116 117 122 123 124 126 128 130 131 132 134 135 136 137 138 140 141 142 147 148 150 152 153 154 155 156 160 161 163 164 167 169 170 171 174 175 177 179 181 182 183 186 187 188 189 190 192 193 194 195 196 198 208 209 210 211 212 214 215 216 217 219 220 223 225 226 227 228 229 230 232 233 235 237 239 240 241 242 243 244 245 250 251 254 256 257 258 259 260 261 262 263 264 267 270 271 273 274 275 276 277 279 283 286 287 288 293 294 296 297 298 299 300 303 304 307 308 309 310 311 312 313 314 319 320 321 322 326 329 333 334 338 339 341 342 343 344 347 348 349 350 351 353 354 355 358 359 361 362 369 370 371 372 374 376 377 378 379 380 383 385 386 387 388 390 391 393 394 397 403 404 406 407 413 417 418 420 421 422 423 425 428 429 430 431 432 434 436 440 441 442 444 447 448 449 451 452 454 456 458 459 460 461 462 463 464 465 467 469 470 471 472 473 474 475 477 480 482 486 490 491 492 494 496 497 498 501 503 504 506 508 510 512 517 518 523 524 525 528 529 532 533 536 537 540 542 545 546 548 549 550 553 555 556 557 558 560 561 563 564 565 566 568 569 570 571 573 574 576 577 579 582 583 584 585 588 589 591 594 595 596 597 598 599 601 602 603 604 605 610 614 615 616 617 618 619 620 622 623 625 626 628 629 630 631 632 633 634 635 639 640 643 644 645 647 648 649 653 654 655 658 660 661 663 664 667 668 669 670 673 678 679 680 681 682 685 686 688 689 690 695 697 698 700 702 703 
423: 1 6 8 12 13 15 20 21 22 23 24 27 28 29 30 31 34 35 37 39 41 42 43 45 46 47 48 51 54 55 56 59 61 62 63 65 66 69 70 71 73 74 75 76 77 79 80 81 82 86 87 88 91 92 93 94 98 99 100 101 102 105 106 109 111 113 115 116 118 120 121 122 127 129 131 132 133 134 136 137 138 142 144 145 146 147 148 149 150 151 152 153 159 162 163 164 167 168 169 170 171 173 174 176 177 181 182 183 184 186 187 188 189 191 192 193 194 195 197 199 203 207 209 210 213 215 216 217 218 219 220 221 223 229 233 235 237 240 241 242 243 249 251 252 253 254 255 256 257 260 262 263 266 267 268 269 271 272 273 275 276 277 279 280 281 282 283 284 285 286 291 293 294 298 299 300 301 302 303 304 305 307 309 310 311 314 316 317 319 320 321 322 323 325 328 329 331 334 337 339 340 341 342 343 345 346 348 349 350 351 352 353 354 355 357 359 360 361 362 363 365 366 368 370 371 372 374 375 376 377 379 380 381 382 383 384 385 386 389 390 394 395 397 398 399 401 407 409 410 411 412 414 417 421 422 423 425 426 429 430 435 436 437 439 440 443 444 445 446 447 449 450 451 452 454 455 456 459 460 462 463 466 469 470 471 473 474 475 476 480 481 482 484 486 487 491 492 493 494 496 498 499 501 502 503 504 506 509 510 513 517 518 519 522 524 525 527 529 530 532 533 534 535 536 538 539 540 541 544 545 546 547 548 550 552 553 556 557 558 559 560 561 563 564 572 573 574 575 578 579 580 581 582 584 585 586 587 588 589 590 591 592 593 594 596 598 599 603 604 606 608 609 613 614 616 617 619 622 625 627 628 630 631 632 633 634 635 637 638 641 643 645 646 649 650 651 652 654 655 656 658 659 661 662 665 668 669 670 672 673 678 682 685 690 692 693 694 695 697 700 701 702 703 
432: 0 2 3 4 6 8 10 11 12 14 15 16 17 18 20 27 28 29 32 34 37 38 40 41 42 43 45 47 48 49 50 52 54 57 58 59 62 63 64 66 68 69 70 71 73 74 75 77 79 81 82 83 84 85 86 87 91 92 95 96 98 100 102 103 104 105 106 107 109 110 111 112 114 115 116 118 121 122 123 126 127 129 130 131 136 137 138 139 141 142 143 145 146 147 148 149 151 152 153 154 155 156 158 159 162 163 164 167 169 170 171 172 173 174 175 177 178 180 181 183 190 191 192 193 194 195 196 197 198 199 201 209 210 213 214 217 218 219 220 221 222 223 227 228 230 231 232 235 236 237 239 240 241 242 245 246 248 251 252 253 254 255 257 258 259 260 261 263 265 266 267 268 270 274 276 278 279 280 281 282 283 284 285 287 289 290 292 293 294 295 296 297 298 302 303 304 306 307 309 312 313 316 319 320 323 327 330 331 333 334 335 336 337 339 340 342 345 352 353 354 355 356 357 358 359 361 364 365 368 369 372 375 376 377 382 383 384 385 386 387 388 391 392 395 397 398 401 410 411 412 413 414 415 416 417 420 421 422 424 425 426 427 428 429 430 431 432 433 434 435 437 438 439 442 443 444 446 452 455 456 458 462 463 466 467 468 469 471 472 474 475 477 479 483 484 487 488 489 490 494 497 498 499 501 502 503 505 508 509 511 514 516 521 523 524 525 527 528 529 530 532 534 536 537 538 540 541 542 543 544 545 547 548 550 552 554 556 557 558 559 560 561 562 563 564 566 567 568 570 571 572 573 574 575 579 581 583 584 587 588 589 591 592 594 596 597 598 600 601 603 604 607 608 609 610 611 612 614 616 617 620 622 624 627 628 630 631 632 635 637 638 639 640 645 647 649 650 652 655 657 658 659 660 662 663 664 666 667 668 669 670 671 676 677 679 680 681 684 685 686 688 689 690 691 693 695 697 699 700 701 702 703 
420: 0 6 8 9 10 11 13 16 17 18 20 23 26 27 28 29 30 31 33 39 43 45 46 48 49 50 51 52 53 55 56 57 58 59 60 63 65 68 70 71 72 74 75 77 78 80 82 84 85 86 87 88 89 90 92 93 95 96 97 98 99 101 102 104 105 107 109 111 113 114 117 118 120 121 123 124 126 131 133 134 135 136 137 142 144 145 146 148 149 151 152 154 156 159 160 162 165 166 167 168 169 171 172 174 175 179 180 181 183 184 185 186 187 189 194 196 198 199 201 202 203 204 205 206 208 209 210 211 215 216 219 220 221 222 223 224 225 226 227 228 229 233 235 236 237 238 239 240 241 242 243 244 245 247 248 249 252 256 257 259 263 264 270 271 272 274 275 276 280 285 286 289 291 293 294 297 298 300 301 302 303 306 308 309 313 315 317 322 323 324 326 328 331 332 333 334 335 339 341 343 344 347 349 350 352 353 354 355 356 358 359 360 362 363 364 365 367 368 369 371 373 374 375 376 377 378 379 380 382 384 385 386 388 390 392 393 394 397 398 399 401 402 403 404 405 409 411 413 414 417 422 424 426 428 430 431 432 433 436 438 439 440 442 443 444 445 448 450 451 452 453 454 457 462 463 465 466 469 470 473 474 475 477 478 479 480 481 483 484 485 486 487 488 489 490 491 493 497 498 501 504 505 507 508 509 513 514 516 517 518 522 523 524 525 527 528 529 530 531 532 534 535 538 539 540 543 544 546 547 548 549 550 551 553 554 556 557 559 560 561 562 563 564 565 566 570 572 573 574 576 577 578 581 586 588 590 591 592 593 596 603 606 607 609 610 612 613 614 615 616 618 619 620 622 623 624 625 626 627 628 629 630 632 633 634 635 636 637 640 643 646 649 650 651 653 657 658 660 661 662 663 665 666 668 671 672 674 675 679 681 686 687 688 689 690 691 696 697 700 701 
442: 0 1 3 4 5 7 9 11 16 18 19 21 22 25 26 27 29 30 31 33 35 36 37 38 40 43 44 46 47 49 50 52 53 54 55 56 57 58 60 61 63 64 65 67 68 69 70 72 73 74 79 80 81 83 84 86 87 89 91 92 94 95 96 97 98 99 101 102 106 110 113 114 115 116 118 120 121 122 123 125 126 129 132 133 135 137 138 139 140 141 142 143 144 145 148 149 150 151 153 154 156 157 159 161 163 164 165 166 170 171 172 174 175 176 177 178 184 186 189 190 191 192 193 195 198 199 200 201 202 203 204 205 206 207 208 209 210 211 215 218 219 221 222 223 224 225 226 229 230 231 232 233 236 237 238 239 242 243 244 246 247 248 249 252 253 254 257 258 260 261 265 266 267 270 271 272 273 274 275 278 280 282 283 284 286 287 291 292 293 294 295 298 300 301 302 303 304 306 307 309 310 311 312 314 315 316 318 319 321 322 323 324 325 326 329 330 333 334 335 336 337 338 341 344 345 348 349 350 351 355 356 358 362 365 366 367 368 369 370 371 372 373 375 376 377 379 380 381 385 386 387 388 390 391 393 395 396 400 403 404 405 406 409 410 411 412 413 414 416 417 419 420 421 423 425 431 433 434 435 436 439 440 441 442 444 451 452 458 461 462 463 464 465 466 467 469 470 472 473 476 479 480 481 482 483 488 489 490 493 495 496 497 498 499 500 501 502 503 505 506 507 509 510 512 513 514 515 516 517 518 519 522 523 524 527 528 529 531 532 534 535 536 537 538 539 540 543 545 547 549 550 551 552 555 559 562 563 564 566 568 569 571 572 574 576 577 578 579 580 582 585 587 589 590 593 594 595 596 597 598 599 603 604 608 610 611 613 614 620 622 623 624 625 627 628 629 630 637 640 642 644 645 646 647 648 649 651 652 653 654 656 657 658 659 660 661 663 664 665 666 667 668 669 671 672 673 675 678 680 681 683 686 689 690 691 693 695 696 697 698 699 700 
439: 0 1 2 3 4 5 6 7 8 9 10 13 14 15 16 18 19 20 22 24 25 27 28 29 30 31 32 33 34 36 38 39 40 45 46 47 48 49 53 56 61 63 64 66 68 69 72 73 74 75 76 77 78 79 80 82 83 86 89 90 91 92 94 96 97 98 100 101 102 105 106 107 110 111 112 113 114 115 116 119 123 124 125 127 129 130 131 134 136 138 139 140 143 144 145 146 147 149 150 152 153 154 156 157 158 159 161 162 163 164 165 167 168 171 172 174 175 176 177 179 180 184 186 188 190 191 192 193 195 196 197 199 200 201 203 205 206 207 208 210 212 213 214 216 218 219 220 221 222 223 224 225 228 231 233 234 236 237 238 240 241 242 244 246 247 248 251 252 254 256 257 258 259 262 266 267 268 270 271 272 273 275 277 278 282 283 284 287 288 291 292 294 295 296 297 298 300 304 305 307 308 309 311 314 315 316 317 318 319 321 323 324 325 327 329 332 333 335 337 338 339 340 341 342 343 344 345 349 351 352 353 354 355 356 357 360 361 362 364 366 370 371 372 373 374 376 377 378 379 380 381 383 385 388 390 393 394 395 398 399 400 401 402 403 404 405 406 410 413 415 416 418 420 421 422 423 425 428 429 431 432 434 436 441 442 443 445 446 447 448 449 450 452 455 458 461 462 466 469 470 471 472 473 478 479 481 482 483 485 486 490 493 496 497 500 501 503 505 506 508 509 510 512 514 515 516 518 519 521 522 527 531 532 534 535 536 537 538 539 541 542 543 548 550 553 555 557 558 560 563 565 566 568 569 572 573 574 575 578 582 583 586 588 590 591 593 594 595 596 597 598 600 601 602 603 605 608 611 613 615 618 620 623 624 625 626 627 630 631 632 633 634 635 637 639 641 644 647 648 649 650 652 653 654 657 658 659 660 661 662 664 666 667 669 670 671 672 673 674 675 676 677 678 681 683 685 686 687 689 691 692 693 696 697 698 699 700 702 703 
427: 1 3 7 8 11 13 15 16 17 19 20 21 22 23 24 25 26 28 30 31 33 34 36 38 39 41 42 43 45 46 47 48 49 50 51 52 53 54 56 57 59 60 63 66 67 70 71 72 73 75 81 82 83 85 86 88 89 90 91 92 94 95 96 97 101 102 104 105 111 112 114 116 118 119 120 121 123 124 125 126 127 128 130 131 133 137 138 140 141 146 147 150 151 152 153 155 158 159 161 162 163 164 169 171 172 173 174 176 177 180 181 182 184 188 190 192 193 195 198 199 200 201 202 203 204 205 206 209 210 213 214 215 217 218 219 220 222 226 227 228 229 230 232 233 235 237 239 241 242 243 244 245 247 250 252 253 254 256 257 258 259 260 264 266 267 268 272 275 276 278 280 281 282 284 289 290 291 293 295 297 299 300 301 303 304 306 307 310 311 313 314 315 316 317 319 320 321 322 323 324 325 326 329 330 331 332 337 339 340 343 344 346 347 348 349 351 352 355 356 357 360 361 362 363 365 368 370 371 374 375 377 379 380 381 382 385 386 387 388 391 392 393 394 395 396 397 398 400 402 410 412 413 416 417 418 419 420 421 422 424 425 426 427 428 430 432 433 435 436 438 439 440 441 442 444 446 447 449 451 453 454 455 456 458 459 460 463 464 465 466 469 470 475 477 478 479 480 481 482 483 485 486 487 488 490 492 493 494 497 500 502 505 506 509 510 511 513 515 516 517 518 521 522 524 529 530 532 534 535 537 538 539 542 543 544 546 548 550 551 552 553 554 555 557 558 560 563 568 569 570 572 574 577 578 581 583 585 588 589 590 592 593 594 601 602 605 606 608 609 611 613 614 615 616 617 619 620 621 623 626 627 628 629 632 633 634 635 637 639 642 643 644 645 646 649 650 651 652 654 658 660 661 663 664 669 670 671 672 673 674 679 681 683 685 686 687 688 689 690 692 693 695 697 699 700 701 703 
420: 0 1 5 6 7 8 10 11 12 13 17 19 24 25 26 28 29 30 32 33 34 36 37 38 39 40 41 43 44 45 48 49 51 53 54 55 57 58 60 62 65 68 73 74 75 76 77 78 85 87 91 92 93 94 95 98 99 101 103 105 108 109 110 111 112 116 118 119 120 121 123 125 127 128 131 132 133 134 136 137 138 139 140 141 143 145 146 148 149 150 151 152 154 156 158 159 160 165 166 167 168 169 170 171 173 174 176 181 182 184 185 186 189 190 192 193 194 197 199 200 201 202 203 204 205 208 212 214 215 216 218 219 220 221 222 223 225 229 231 232 233 234 235 237 238 239 240 241 242 244 248 249 252 253 254 255 256 257 258 260 261 265 267 268 269 271 273 275 276 277 278 279 280 281 282 284 285 287 288 289 290 291 292 294 296 297 298 299 300 304 305 306 307 308 309 311 314 315 316 318 319 320 322 327 328 330 333 334 336 337 338 340 341 343 344 346 347 353 355 356 359 360 363 364 365 367 368 369 371 372 374 376 380 381 383 384 385 386 387 388 390 391 393 395 397 399 400 404 405 407 408 409 410 412 414 416 417 419 425 426 427 428 429 430 431 432 433 434 436 438 439 442 447 448 449 450 451 452 453 455 456 457 458 463 465 467 469 471 473 474 475 477 479 482 483 484 485 486 489 491 492 493 495 496 497 499 500 501 502 503 504 507 511 512 515 516 517 518 521 522 523 524 529 531 535 536 537 540 545 547 548 549 553 558 559 560 562 563 564 565 566 569 571 572 574 576 578 579 581 583 585 587 589 593 595 596 598 600 602 603 606 608 609 611 612 613 614 617 619 620 621 622 623 624 625 627 628 631 632 633 638 640 642 643 646 647 649 651 653 654 655 656 657 658 662 663 665 666 669 670 671 672 673 674 676 678 680 682 685 689 690 691 693 694 695 696 697 698 699 702 
427: 3 7 8 9 10 14 15 18 20 22 24 28 30 31 32 33 35 36 41 42 43 44 46 47 48 49 51 52 54 55 57 60 63 64 66 68 69 70 71 72 74 76 77 78 79 80 81 82 83 84 85 86 89 91 93 94 95 96 99 101 102 104 105 106 108 110 112 113 115 116 118 119 121 122 125 126 127 131 133 134 135 136 137 139 140 141 142 143 144 148 150 151 152 153 154 155 157 158 160 162 163 164 166 167 168 169 171 173 174 175 177 178 181 183 184 185 186 187 188 189 193 194 196 199 200 204 205 206 209 210 211 213 215 217 218 219 220 221 222 223 228 229 230 231 232 234 235 236 237 238 239 240 242 244 245 250 252 253 256 257 258 259 260 261 263 265 266 267 270 271 273 274 276 277 279 280 281 282 283 287 288 290 291 292 293 294 295 296 298 299 300 301 303 304 307 309 310 311 313 314 315 319 322 323 327 328 330 331 332 333 334 335 339 340 342 343 344 346 347 348 349 353 354 357 358 362 363 364 366 367 370 371 372 373 375 376 377 378 379 380 381 384 385 387 389 390 393 394 395 396 401 405 407 408 410 411 412 413 414 415 416 417 419 421 423 424 425 429 430 434 441 442 443 444 445 446 448 450 452 455 456 458 460 461 462 463 464 465 466 467 469 471 472 473 475 476 477 480 484 485 486 487 489 490 491 492 493 494 495 496 497 498 500 504 506 509 511 512 513 514 515 516 519 523 524 525 527 529 530 532 533 534 535 537 538 539 541 544 546 548 551 552 553 554 555 557 558 559 560 561 564 565 566 567 568 570 571 572 573 575 577 581 582 583 585 586 587 590 591 594 597 598 603 604 605 610 613 614 615 617 620 621 624 626 627 628 629 631 632 633 636 637 639 642 643 645 646 647 652 654 656 657 658 664 665 670 671 672 673 674 676 678 680 681 682 687 688 691 692 694 695 696 697 698 699 700 701 
415: 1 2 4 6 7 8 9 12 13 15 16 17 20 23 24 25 26 27 28 29 30 33 34 38 39 40 41 43 44 45 46 48 49 51 52 53 54 55 57 58 59 65 66 67 68 69 70 71 72 75 78 81 84 86 90 91 95 98 99 103 104 105 108 109 110 111 112 113 114 115 121 122 123 124 127 128 130 131 136 137 138 139 143 144 145 147 151 152 153 156 158 159 160 163 164 167 169 172 174 175 176 178 180 182 185 186 188 189 190 192 193 194 195 197 198 203 204 206 210 211 212 214 217 218 219 221 222 223 224 226 227 228 229 230 231 233 236 237 238 239 240 241 243 244 249 250 251 252 254 255 257 259 260 263 265 266 268 270 271 272 273 275 276 279 281 283 284 286 287 288 289 292 296 298 300 301 302 303 305 306 307 310 314 316 318 320 322 324 325 328 330 331 332 333 334 335 336 337 341 342 343 344 346 347 349 350 354 356 361 362 364 365 367 368 370 371 374 377 378 381 383 384 388 390 392 394 396 397 398 399 400 401 402 405 409 410 411 412 413 414 415 416 417 421 422 423 424 425 426 427 429 430 431 432 433 437 438 439 440 442 443 445 446 447 448 449 451 452 454 455 456 459 460 461 462 463 464 465 466 470 473 474 475 477 481 482 483 485 486 488 492 493 494 495 497 498 499 502 508 509 510 511 514 515 518 523 524 525 526 527 530 531 532 537 539 541 543 544 546 547 550 551 552 555 556 557 558 560 561 562 563 564 565 568 569 570 571 572 573 575 577 578 580 581 582 583 587 591 592 594 595 596 597 598 599 600 602 603 604 605 606 607 608 610 614 616 617 618 619 621 624 629 630 632 634 635 636 637 638 639 643 645 646 647 648 651 653 654 655 659 660 663 665 666 668 671 672 673 676 677 678 679 681 682 687 689 690 691 692 693 694 698 699 700 703 
432: 1 2 3 5 6 7 8 9 11 12 13 16 17 18 19 21 23 24 26 27 28 29 30 31 32 33 34 37 39 40 41 42 43 44 45 46 50 53 55 56 58 59 62 64 65 67 68 69 72 73 75 76 78 80 81 86 87 89 90 91 93 94 95 96 101 102 104 109 110 112 114 115 116 117 120 121 122 128 129 130 132 134 135 139 141 142 144 145 146 147 150 151 152 153 154 155 157 159 164 165 166 168 169 170 171 172 174 176 177 178 181 182 185 188 189 191 192 194 195 196 197 198 200 201 202 203 204 206 207 208 209 211 212 214 215 216 219 220 222 223 225 229 231 232 233 234 236 237 241 242 246 247 250 256 258 260 261 266 267 268 269 270 271 272 273 275 276 277 278 282 283 286 288 290 291 293 294 296 297 298 300 301 303 304 305 306 308 310 311 312 315 316 318 320 322 323 324 328 329 330 331 332 337 338 341 342 346 347 349 351 352 353 357 358 359 361 362 363 364 365 366 367 369 375 376 377 378 379 380 382 383 384 385 386 387 388 394 395 396 397 398 399 400 402 404 405 406 407 408 411 412 414 416 417 420 421 422 423 424 425 427 428 429 430 431 435 438 439 440 443 444 445 447 448 449 451 452 453 454 455 457 460 461 462 463 464 466 467 468 469 470 472 474 475 476 477 478 481 485 489 490 494 496 497 498 501 505 506 508 509 511 515 520 523 524 525 526 530 531 533 534 537 540 541 542 544 545 547 548 549 550 551 553 555 556 557 558 560 561 562 564 565 566 568 569 570 571 572 573 574 576 578 580 581 583 584 585 586 588 590 592 595 598 599 600 602 603 604 605 607 608 612 613 614 615 616 617 618 619 620 621 622 623 624 626 627 628 629 630 633 634 636 638 641 642 643 644 646 651 655 657 658 659 660 661 665 666 667 669 670 673 674 675 676 677 678 680 681 682 683 684 689 690 691 692 693 694 695 697 699 701 702 
438: 0 2 5 7 12 14 15 16 17 18 20 22 23 24 25 26 28 30 32 33 36 38 40 41 42 43 44 45 46 47 49 50 53 54 55 56 58 59 60 61 62 63 66 67 68 69 70 71 72 73 76 77 78 79 80 82 83 87 88 91 92 94 96 97 98 99 100 102 106 107 108 109 112 113 114 115 116 118 119 122 125 126 128 129 131 132 133 139 140 141 142 143 144 145 146 150 151 152 153 154 155 156 158 159 160 161 163 165 168 169 170 173 174 175 176 179 180 181 183 184 185 187 189 190 191 192 193 194 198 199 201 202 205 208 210 212 213 214 215 218 219 220 221 222 223 226 228 229 231 232 233 234 235 236 238 239 241 243 246 249 250 253 254 256 258 259 262 265 266 267 271 272 274 277 279 282 284 285 286 287 290 292 293 294 295 296 299 302 303 304 305 307 308 310 311 312 314 315 317 318 319 320 321 322 323 324 328 329 331 332 333 335 336 337 338 339 341 342 345 348 350 351 352 353 354 355 356 358 360 365 368 369 370 371 372 373 374 376 377 378 380 383 384 385 387 391 393 395 397 398 401 402 403 404 405 407 408 411 412 415 419 421 422 423 424 425 426 428 429 430 433 434 435 437 438 439 440 441 443 444 445 447 450 453 454 455 456 458 459 461 463 464 465 466 467 468 471 479 480 483 484 486 487 488 490 491 493 495 497 500 501 504 505 506 507 508 509 512 514 515 516 518 519 521 522 523 524 525 526 528 530 532 534 535 537 539 540 544 545 546 548 549 551 552 553 554 556 557 558 561 562 564 565 566 567 568 569 570 573 574 575 578 579 581 582 583 584 585 586 588 589 590 591 597 599 601 606 608 609 611 613 614 615 616 617 618 620 621 623 624 626 628 629 630 631 633 634 637 638 639 640 642 643 645 646 647 649 650 651 655 656 657 658 661 662 663 666 667 669 670 674 676 678 679 681 684 686 687 689 690 694 695 696 697 699 700 701 703 
413: 2 5 6 12 13 15 17 19 20 22 23 26 28 30 31 33 34 35 36 39 43 45 46 50 51 52 54 56 57 58 59 63 64 66 68 70 71 73 74 76 77 78 79 82 83 84 85 86 88 89 90 92 93 94 95 96 97 100 101 102 104 105 110 111 112 114 115 119 120 122 124 125 128 129 131 132 133 135 138 139 140 141 142 145 146 149 152 153 157 158 159 161 162 164 165 168 170 173 175 178 179 180 181 182 184 186 190 193 195 196 197 198 199 200 201 202 204 205 206 208 209 212 214 218 219 221 222 225 226 229 230 231 232 233 234 235 236 237 241 244 245 246 248 249 250 251 254 256 258 260 262 264 265 266 267 268 269 270 271 273 275 276 277 278 279 281 284 287 288 289 293 294 295 297 299 301 302 303 304 306 307 308 309 311 312 313 314 317 318 319 320 322 323 325 326 327 329 330 332 333 334 335 338 339 340 342 343 344 345 346 348 350 353 354 357 358 359 360 363 365 368 372 373 375 380 383 385 387 388 389 390 391 393 394 395 398 399 401 402 403 406 410 412 413 416 417 418 421 423 424 425 426 427 428 429 432 435 437 438 439 440 441 442 443 444 445 446 447 448 449 451 453 456 461 464 465 470 472 473 474 475 476 477 479 485 487 488 489 491 492 493 494 495 497 498 499 501 502 503 505 506 508 509 511 513 516 518 519 520 521 522 525 526 528 529 530 531 534 537 540 541 543 544 545 546 547 548 549 550 551 553 557 559 560 561 562 564 566 567 568 570 572 575 576 577 578 580 581 583 584 585 586 587 588 589 592 594 597 599 602 605 606 611 612 614 618 619 620 621 624 625 626 628 629 630 635 637 641 642 646 647 648 650 652 653 654 655 656 657 659 660 661 662 663 664 665 669 672 674 677 678 680 682 683 685 686 689 691 692 693 694 696 697 
423: 0 2 3 6 7 8 13 14 15 17 20 22 23 25 26 27 29 32 33 35 40 41 42 43 45 48 51 53 55 57 58 59 61 66 67 70 73 75 76 77 78 79 81 82 84 86 87 88 91 93 95 96 97 99 101 102 103 104 105 106 110 113 115 116 118 121 122 123 124 125 127 129 130 131 132 133 135 138 139 141 142 146 147 148 149 150 151 154 158 159 160 161 162 163 164 165 166 173 175 177 178 179 180 182 183 184 186 187 188 189 190 191 192 194 196 197 200 201 202 203 204 206 209 210 211 212 213 214 219 220 222 225 226 227 228 230 231 233 234 235 236 237 238 239 241 242 244 246 247 248 249 251 254 256 258 259 260 261 262 263 264 266 267 268 269 270 271 272 273 274 278 280 283 285 286 287 289 290 291 294 295 297 300 301 303 304 310 312 317 318 319 321 322 323 324 327 328 330 331 332 333 338 340 341 342 344 346 347 348 349 350 354 356 357 359 360 362 363 365 367 368 369 371 373 374 375 376 377 378 379 380 384 385 386 387 389 391 392 394 397 398 399 400 401 403 404 406 407 408 415 416 417 418 419 420 422 423 424 425 426 430 432 434 436 438 439 440 441 443 448 449 450 451 454 456 457 458 460 461 463 464 465 466 467 473 474 475 476 477 479 480 482 484 488 489 490 492 493 494 495 498 500 501 503 504 505 507 508 509 512 514 517 519 521 522 523 524 525 526 527 530 532 534 535 536 537 538 539 540 542 543 546 547 548 550 552 556 557 558 559 561 564 566 567 568 570 572 573 574 575 576 580 581 582 583 585 586 588 589 591 592 593 594 597 598 601 602 603 604 605 607 608 611 613 614 615 616 618 620 621 623 624 625 626 628 630 632 634 638 639 642 643 644 645 646 648 649 650 652 653 654 658 660 663 666 667 672 673 674 675 680 681 689 690 691 693 694 696 697 698 700 701 702 
409: 1 3 4 7 10 11 12 14 15 17 20 21 22 24 25 26 28 31 33 34 35 36 37 38 39 40 41 42 43 44 45 48 49 50 51 54 58 59 61 63 64 66 67 70 72 75 77 78 79 81 83 85 86 89 90 91 93 95 96 99 100 102 103 106 108 111 113 119 120 126 127 128 129 130 131 132 134 135 139 140 141 142 145 149 152 153 154 155 156 157 159 160 163 164 166 169 171 172 174 175 176 179 180 181 182 183 184 185 186 187 189 190 191 193 197 198 200 203 204 207 208 211 214 215 217 219 221 222 224 225 226 231 237 238 239 240 241 242 243 247 250 251 255 257 258 260 262 266 268 270 272 274 275 276 280 281 283 284 288 290 292 295 296 297 300 302 303 305 306 307 309 310 311 314 316 317 319 322 323 324 325 326 327 328 329 330 333 336 339 340 341 343 344 349 350 351 352 354 355 356 357 359 360 361 362 363 364 365 366 367 368 370 374 378 379 381 382 385 388 389 391 393 394 396 401 403 404 406 407 408 409 410 412 413 415 417 420 421 422 423 424 425 426 427 428 429 430 431 433 434 435 439 441 442 443 447 448 452 453 455 456 459 460 461 462 463 464 465 466 468 469 470 471 472 475 476 478 481 483 491 494 495 496 497 498 499 501 502 504 505 507 511 512 513 514 515 516 517 518 519 520 521 526 527 528 529 532 535 540 542 543 546 548 549 551 553 558 559 561 564 565 567 568 573 574 575 580 582 583 584 586 587 588 589 590 591 593 594 595 597 598 602 603 604 605 609 610 611 612 615 616 618 620 622 623 625 626 627 628 629 631 633 634 636 637 638 640 641 643 645 647 648 649 650 652 653 654 655 656 659 660 661 662 664 665 666 667 668 669 670 673 674 676 678 680 682 684 685 686 687 688 689 692 694 695 699 700 701 703 
420: 0 1 2 3 5 6 7 8 9 10 13 14 16 17 18 19 21 22 23 24 26 27 28 29 32 33 34 38 41 42 43 44 45 47 48 50 52 53 55 56 57 60 61 62 65 66 67 68 70 71 72 76 78 79 80 81 82 83 85 86 87 88 89 92 94 96 99 100 101 102 103 107 109 110 112 117 118 119 120 122 125 127 129 130 132 133 134 136 138 139 145 146 149 150 151 152 153 155 157 158 159 166 167 168 169 171 172 173 178 179 180 182 184 185 186 187 188 189 190 191 192 197 198 199 201 202 203 205 206 209 210 211 213 214 215 217 219 221 222 224 226 227 228 230 234 235 236 238 241 242 243 245 248 249 250 252 253 254 258 259 261 262 263 264 265 269 270 272 274 275 276 277 280 281 287 288 290 293 295 296 297 299 301 302 303 307 308 313 317 320 321 322 323 324 326 328 330 332 334 338 339 343 345 348 349 351 352 353 354 355 356 357 360 361 362 364 366 368 369 372 374 375 377 379 380 382 383 384 386 387 388 390 391 392 393 395 396 397 400 401 403 407 409 411 412 413 414 415 416 417 418 419 424 425 426 429 430 432 433 437 438 439 441 442 443 444 451 453 455 457 458 459 460 463 465 466 467 468 469 470 471 473 478 479 481 482 483 485 486 487 490 493 495 496 498 499 500 502 506 508 509 510 511 512 513 514 517 520 521 522 523 524 525 527 529 531 532 534 536 537 538 539 540 541 542 543 547 549 552 553 554 555 556 558 559 562 564 565 566 567 568 569 570 571 572 573 574 575 577 578 581 584 586 588 591 592 593 595 596 597 598 599 601 602 603 604 605 606 607 611 613 614 615 617 619 622 623 624 628 629 630 631 633 634 635 637 639 640 641 642 643 644 645 648 652 654 655 656 659 662 663 664 665 666 667 669 673 674 676 679 680 682 683 684 687 688 690 692 694 700 
408: 1 2 4 6 7 8 12 14 17 18 19 20 21 22 23 24 25 26 27 28 31 32 33 35 36 41 45 46 49 52 53 62 63 64 67 68 71 73 74 75 76 77 79 80 81 83 86 87 89 90 91 92 93 97 98 99 100 101 103 104 105 106 107 108 109 110 112 113 114 116 118 120 121 122 127 128 131 132 135 136 138 139 141 142 144 147 148 149 153 159 161 162 165 167 168 170 171 172 173 174 177 178 180 181 185 186 187 188 190 195 196 197 198 199 200 201 202 205 206 208 210 211 213 214 215 216 217 218 220 221 224 226 228 230 231 232 233 234 237 238 240 242 245 246 247 249 251 253 256 257 258 259 261 271 272 274 275 276 279 281 282 283 284 287 289 292 294 296 297 298 299 300 301 302 306 308 310 315 316 318 319 321 326 328 329 331 332 333 334 335 338 339 340 342 343 345 346 348 349 353 355 356 357 358 359 360 361 362 363 364 365 366 368 369 371 373 374 375 376 379 380 382 383 384 385 387 389 390 392 393 394 395 396 397 398 400 401 405 406 407 408 409 410 411 413 414 415 416 417 419 420 421 422 425 430 431 433 435 436 438 440 443 444 445 446 447 448 449 450 451 452 453 454 456 457 458 459 464 467 470 472 473 474 476 479 484 485 487 490 491 492 493 494 495 497 500 501 503 506 507 508 509 510 511 513 514 516 518 519 522 524 532 534 535 536 537 540 542 543 544 545 548 550 551 552 554 555 557 558 559 560 562 565 567 572 573 575 576 577 578 579 580 584 585 590 591 593 595 596 597 598 599 600 601 602 603 605 607 608 611 612 613 614 617 619 620 623 625 629 630 631 632 633 634 638 640 641 643 644 647 648 652 653 656 658 661 664 665 668 670 671 672 673 676 677 678 679 681 684 689 691 694 696 697 698 700 701 702 
429: 0 4 5 7 8 10 12 13 15 16 17 19 21 22 23 24 27 30 31 32 33 34 35 38 40 41 45 46 48 49 50 51 53 54 55 56 58 59 60 61 63 64 65 66 71 73 74 75 78 81 82 83 85 86 88 89 91 92 93 95 96 97 98 99 100 102 103 104 105 106 107 108 109 110 111 112 113 114 115 116 117 119 120 122 123 124 125 130 132 134 135 136 137 138 139 140 141 142 144 147 148 149 150 151 154 155 157 160 162 163 168 172 173 174 175 178 182 183 185 188 189 190 192 193 195 197 199 201 202 203 204 206 207 208 209 211 213 214 215 216 218 219 220 225 227 229 231 232 234 238 239 240 243 244 246 250 251 252 255 259 261 263 266 268 270 271 273 277 278 280 281 282 283 284 285 286 288 289 291 292 293 294 295 296 297 298 299 300 301 302 303 305 306 309 310 312 315 316 317 319 321 323 324 327 328 330 331 335 337 338 339 340 341 342 343 344 349 353 356 357 358 359 360 361 363 364 365 366 367 369 370 373 374 375 377 378 382 383 384 386 388 389 393 394 395 400 401 402 403 405 406 408 409 411 412 413 414 418 419 420 421 422 423 424 426 427 429 433 435 436 437 439 440 441 442 444 446 447 451 452 453 455 456 457 459 461 462 465 466 467 468 469 470 472 473 476 477 480 482 483 484 485 488 489 490 491 493 495 496 497 498 500 501 502 504 505 506 507 509 514 515 517 518 520 521 522 523 524 526 527 529 531 533 535 538 540 541 542 543 546 548 549 552 554 560 562 563 564 565 566 567 568 569 572 574 577 578 580 584 586 588 590 593 594 595 597 598 600 602 603 605 606 609 612 615 616 617 618 620 622 623 624 625 630 633 635 637 638 639 641 643 645 647 648 649 650 651 652 653 655 657 658 659 664 665 666 667 668 669 670 675 677 681 683 684 685 686 687 688 689 690 691 694 695 696 697 698 699 701 
407: 3 4 7 10 14 16 18 21 22 23 26 28 29 30 31 32 33 34 35 37 38 40 42 43 44 45 47 49 52 53 54 57 59 60 61 62 64 65 67 68 69 71 72 74 76 77 79 80 81 83 86 90 92 94 95 96 97 98 99 100 102 104 107 108 110 112 114 115 116 118 120 122 123 124 125 126 129 130 131 132 135 136 140 142 143 144 145 147 148 150 151 154 155 156 160 161 162 164 165 170 171 172 173 176 177 179 181 182 183 184 185 186 187 188 189 190 191 192 193 195 196 197 199 201 202 205 206 210 211 212 214 215 216 217 219 221 222 223 226 228 230 231 235 238 240 242 243 246 247 248 249 250 253 254 256 258 259 261 262 263 264 265 266 267 268 269 270 271 273 277 278 280 281 282 286 288 289 291 292 294 299 300 301 302 303 305 306 309 310 312 315 319 320 322 323 325 326 328 330 332 333 334 335 336 338 341 343 345 346 347 349 350 351 355 357 358 360 362 363 364 366 369 371 373 375 376 381 382 384 386 387 390 391 393 395 396 397 398 400 403 405 406 408 409 410 411 413 414 415 417 418 419 422 424 425 426 428 429 431 432 435 437 438 439 440 442 443 444 446 448 449 451 453 454 455 456 458 459 461 462 463 464 467 468 476 479 480 481 483 488 489 491 492 495 496 497 498 499 501 503 506 511 514 515 519 522 523 524 526 527 529 530 531 532 533 535 536 537 538 540 542 543 546 547 548 549 551 552 554 557 560 561 564 565 568 569 571 572 574 575 578 579 580 582 588 589 593 596 597 598 599 601 602 603 605 607 609 610 611 612 613 614 617 618 619 623 625 626 627 629 630 633 640 642 645 647 648 649 651 653 654 655 656 657 658 659 662 664 665 666 669 670 675 677 679 680 681 683 685 686 687 690 691 695 696 700 701 
432: 0 1 3 4 5 7 8 10 11 12 15 16 17 20 21 23 24 28 29 31 32 34 36 38 39 42 43 44 45 46 47 49 50 54 55 56 57 62 64 68 69 70 71 73 74 75 76 77 78 79 80 81 82 84 85 86 88 89 90 91 92 94 95 97 98 99 100 101 102 103 105 106 107 109 112 113 115 116 119 120 123 126 127 131 133 134 135 136 138 140 141 142 143 144 146 147 148 149 150 151 152 153 155 158 161 163 165 166 172 175 176 177 182 183 184 185 186 190 191 194 196 197 198 200 202 203 205 206 207 208 210 211 212 215 216 217 218 219 221 222 225 227 229 230 231 234 239 241 242 244 245 246 247 248 249 251 252 253 254 258 259 260 262 263 264 265 266 270 272 273 276 277 279 280 282 285 287 288 289 290 291 292 293 294 295 296 300 303 304 305 307 309 310 311 312 313 314 315 317 318 320 322 324 326 329 331 333 334 335 336 337 338 339 340 341 342 344 345 346 348 349 350 352 353 354 357 358 360 363 365 368 370 371 373 374 375 376 377 378 379 380 381 382 383 384 385 386 389 391 393 394 396 397 399 400 401 402 405 406 407 409 412 414 415 418 420 423 427 428 429 431 433 434 435 436 437 438 442 444 447 448 451 452 453 454 456 457 459 460 461 465 466 467 468 470 473 474 480 481 482 484 491 494 497 499 500 501 502 503 504 505 506 508 510 512 516 519 521 522 523 524 527 528 531 532 534 535 536 537 539 541 543 544 549 550 551 552 554 556 557 560 562 565 566 568 570 572 575 577 578 580 581 583 584 585 587 588 589 590 592 593 594 595 597 599 600 603 604 605 607 608 610 611 612 615 617 618 620 621 623 625 626 627 629 631 632 634 637 639 640 641 644 645 646 647 649 651 652 653 654 655 656 657 658 661 662 664 667 669 670 677 678 679 680 681 682 683 684 685 686 687 688 689 690 692 693 694 695 696 697 698 699 
415: 0 2 3 4 5 6 7 8 10 11 12 13 14 15 16 17 19 21 22 23 24 25 26 27 28 29 30 31 33 34 35 36 38 39 40 41 42 46 47 49 50 52 58 60 61 64 65 66 67 69 71 73 74 75 77 79 80 81 82 85 88 89 91 92 96 98 99 100 104 105 108 109 111 112 113 114 115 116 117 118 119 125 130 131 132 133 134 135 137 139 141 142 143 144 145 146 147 152 153 154 157 159 160 161 162 168 169 170 171 173 175 176 177 179 180 181 184 186 191 194 197 200 201 202 205 206 209 210 212 213 216 218 219 220 225 228 230 231 233 234 238 240 242 243 245 247 250 253 255 256 257 258 259 261 263 265 266 268 271 276 277 278 279 280 282 284 285 286 287 288 289 291 293 294 295 296 298 301 302 303 304 306 307 308 309 312 313 314 315 318 320 322 323 325 331 333 335 337 339 340 344 345 346 347 348 349 351 352 354 355 357 358 361 363 369 370 371 372 373 374 376 377 378 380 383 384 386 387 389 390 391 393 395 399 401 402 403 405 406 407 408 410 413 417 418 419 421 424 425 426 427 429 430 431 435 436 437 438 439 440 441 443 444 445 446 447 452 454 455 456 458 459 461 462 464 467 468 470 472 473 474 475 476 477 479 483 484 488 489 490 491 492 493 494 497 500 502 504 505 507 511 512 514 515 517 518 519 520 521 523 527 528 530 534 535 537 538 540 541 542 545 549 550 551 553 554 556 558 560 561 562 564 565 568 569 570 572 574 575 576 581 583 584 585 586 587 588 589 590 591 592 593 594 595 597 598 600 602 603 604 606 607 608 610 611 612 614 616 617 618 622 623 624 626 632 634 635 639 641 644 647 648 649 652 655 656 657 658 661 662 663 670 671 672 673 674 675 676 677 679 680 681 682 685 686 687 689 690 691 693 695 699 700 701 703 
403: 0 2 3 5 6 8 10 11 13 15 16 18 19 20 21 22 23 25 28 29 30 34 37 38 39 41 47 48 49 52 53 55 56 57 58 59 61 62 65 68 69 70 75 76 80 82 84 86 87 88 89 90 92 93 94 95 96 97 98 99 104 107 109 110 111 113 115 116 117 118 119 121 122 124 125 126 127 130 132 134 136 137 138 139 140 141 142 150 153 158 159 161 162 164 167 169 170 171 172 173 174 176 177 178 184 185 187 188 189 190 191 193 195 198 199 201 202 206 207 208 209 210 212 213 214 216 218 220 221 222 224 227 228 229 230 232 233 234 235 237 239 241 242 244 246 248 249 250 251 252 254 256 257 258 259 262 263 265 270 273 274 275 278 281 285 286 288 290 292 294 295 297 298 301 303 305 306 307 311 312 313 314 315 316 317 320 322 325 327 328 330 331 340 341 343 344 345 346 350 351 353 358 360 361 362 364 365 366 367 371 372 377 378 380 383 385 387 388 389 390 391 392 393 394 397 398 399 405 407 408 409 410 412 413 416 417 420 422 423 424 425 426 428 429 431 432 434 437 438 439 440 441 442 444 445 446 447 448 449 450 451 452 457 459 461 463 464 465 466 467 468 469 471 472 474 475 479 482 483 484 486 488 489 490 491 492 495 496 498 502 503 504 505 510 511 512 513 514 516 517 518 519 521 525 527 529 530 536 540 542 543 548 550 552 553 554 555 557 561 562 567 568 569 570 572 575 576 578 579 580 581 582 583 588 589 591 593 596 598 599 603 605 606 607 609 611 612 613 614 618 619 622 623 624 629 631 638 639 641 642 645 646 647 648 649 650 651 652 654 655 656 657 658 659 660 661 662 664 666 667 669 670 672 673 674 675 676 677 678 679 680 686 687 688 689 691 692 694 697 699 701 702 703 
409: 0 1 3 6 8 9 11 12 14 15 16 18 19 20 21 22 23 24 25 28 29 30 32 33 34 36 40 41 42 45 46 47 51 52 54 55 56 59 60 61 62 63 64 65 67 68 69 70 71 72 76 77 78 79 80 83 84 85 86 87 88 89 91 92 94 95 101 103 104 106 107 110 113 115 116 119 121 123 124 125 126 127 129 130 131 132 134 136 137 138 141 147 149 150 152 153 155 160 161 163 164 165 166 167 168 169 170 171 173 175 177 178 179 180 182 183 186 187 189 190 194 195 197 198 200 204 206 209 210 211 212 213 214 217 219 220 221 226 227 230 233 234 235 237 239 240 242 243 244 245 246 247 250 253 254 258 261 262 264 267 268 269 271 272 274 275 279 280 281 284 286 287 289 290 293 294 295 296 297 299 301 304 305 306 311 312 315 316 319 321 323 330 333 335 336 338 339 341 345 347 348 349 350 352 353 355 356 357 358 360 362 364 367 368 369 370 372 374 375 376 379 380 381 382 383 386 388 389 390 392 393 396 399 401 403 406 407 408 410 411 413 414 415 417 419 422 424 425 428 429 431 432 433 434 435 436 437 438 440 441 442 443 444 445 446 451 453 456 458 461 462 466 467 468 469 470 471 472 473 474 475 477 479 480 482 484 486 487 488 489 491 492 494 496 499 501 504 505 506 507 508 510 512 515 519 521 524 525 529 530 532 533 536 538 539 540 544 545 549 550 551 554 555 559 562 565 567 569 571 575 576 578 582 583 584 585 586 587 588 589 590 591 592 593 594 595 597 598 601 602 603 605 606 607 608 609 610 612 616 620 622 625 626 627 628 631 632 633 634 635 638 640 641 643 645 647 649 652 653 654 656 658 659 660 661 662 665 667 668 669 670 672 676 677 680 681 682 685 687 688 692 693 694 696 698 699 700 701 702 
409: 1 4 5 6 7 9 10 11 12 13 14 16 17 19 23 24 26 29 30 33 34 35 37 38 39 40 42 44 46 47 48 49 51 54 56 59 60 63 64 65 66 67 70 71 73 75 76 79 81 84 85 88 89 94 95 96 98 101 102 103 105 106 107 108 110 111 112 113 119 120 122 123 124 125 126 127 128 133 134 135 136 137 138 140 141 143 146 147 148 153 154 158 160 161 162 163 165 166 169 171 173 174 176 177 178 179 182 185 188 190 191 195 196 197 198 199 200 201 202 203 204 209 211 214 218 219 220 221 222 223 225 226 227 229 230 232 236 238 240 241 242 245 247 250 252 259 260 261 264 267 270 272 273 276 278 280 282 284 285 286 287 288 289 291 292 293 294 295 300 304 305 306 307 308 310 311 313 315 316 317 319 320 323 325 326 328 329 331 332 333 334 336 338 339 340 343 344 345 346 347 350 351 353 354 355 356 358 359 360 363 364 365 367 369 370 372 374 376 378 379 380 381 382 383 386 391 392 393 395 396 397 398 399 400 401 402 408 411 412 413 415 417 418 419 420 421 425 426 427 428 429 430 432 436 439 440 441 442 444 446 448 449 450 451 453 454 455 457 458 459 460 461 462 463 464 465 466 467 468 469 470 471 474 475 478 479 480 485 486 487 491 492 496 499 503 504 505 507 508 509 510 511 514 516 517 518 520 522 523 524 526 527 533 535 537 538 539 540 542 544 547 550 551 552 559 560 562 563 565 570 572 573 574 576 577 578 581 584 586 587 589 590 591 592 596 597 598 599 600 601 602 604 606 607 608 609 613 614 615 618 619 620 625 627 629 635 637 640 642 643 644 645 647 648 649 650 651 652 653 656 659 660 661 666 667 669 670 671 674 675 677 678 679 680 684 685 686 687 688 689 690 691 692 693 694 695 698 700 703 
393: 1 6 7 8 9 10 11 12 13 14 16 21 23 25 26 27 29 30 31 32 34 39 40 44 47 48 49 50 53 54 55 58 59 60 61 62 65 66 67 69 70 73 74 77 79 81 82 83 84 85 86 87 88 90 91 92 93 94 96 98 103 104 105 107 108 109 114 116 118 120 122 124 126 129 131 133 134 135 137 138 139 140 142 143 144 146 147 149 150 153 155 156 157 159 161 164 166 167 173 176 177 178 179 183 184 185 186 187 188 193 194 195 197 199 200 201 203 205 206 207 208 209 210 211 212 213 216 217 218 228 229 230 231 232 233 234 235 239 241 244 245 246 247 249 251 252 253 255 256 259 260 262 263 264 265 266 267 269 270 274 275 276 277 278 281 282 283 284 285 289 290 292 295 300 303 304 305 306 308 312 313 315 317 318 319 320 322 324 326 328 329 330 331 333 334 335 337 339 340 342 343 344 346 347 348 350 353 355 356 357 359 360 361 362 364 367 369 373 374 375 376 379 380 381 382 383 385 388 390 391 392 394 395 396 398 401 402 405 408 409 411 418 419 420 421 422 425 426 429 431 439 440 441 444 447 448 451 454 455 457 458 459 462 464 466 468 470 472 473 474 476 477 478 480 481 485 486 487 488 491 492 493 501 503 504 505 506 515 517 518 520 524 525 526 530 532 533 535 536 538 540 541 543 544 547 548 549 554 555 557 560 561 562 563 564 565 571 572 573 576 577 579 580 581 583 584 585 586 591 594 596 598 599 600 603 604 606 609 610 611 613 614 615 616 617 618 619 621 623 626 627 628 630 631 632 638 641 642 643 644 648 649 650 651 653 654 655 658 662 666 669 670 672 674 675 676 678 680 681 682 683 684 685 686 687 688 689 691 694 695 696 697 701 
412: 1 2 3 5 7 8 9 10 14 15 16 18 22 23 25 26 27 28 30 31 32 34 35 36 38 39 40 41 44 45 46 48 49 51 52 53 54 55 58 61 63 65 67 68 71 72 77 78 79 80 84 86 88 89 90 91 92 95 96 97 99 102 103 104 105 106 107 108 109 110 111 112 114 118 119 121 122 124 125 126 129 130 131 132 133 134 135 137 139 140 141 143 147 148 149 151 152 153 154 155 156 158 159 162 164 167 168 170 172 173 174 175 176 178 179 180 181 182 183 184 186 188 190 192 195 197 198 199 200 201 203 206 208 209 210 211 212 213 214 217 219 220 221 222 223 224 225 226 227 228 229 230 231 232 233 234 236 237 238 240 241 242 245 248 250 251 253 254 255 256 257 261 265 267 268 271 272 274 275 280 284 285 288 289 291 294 295 296 297 302 304 305 310 312 313 315 316 320 321 322 326 327 330 331 332 335 336 339 340 342 344 345 348 350 351 352 357 359 360 361 362 364 365 366 367 369 370 372 373 375 376 377 378 384 385 388 390 393 396 398 399 402 405 407 408 411 413 415 417 419 421 422 425 426 427 431 432 433 434 435 437 438 439 441 443 445 446 447 448 453 455 457 458 459 461 465 467 468 470 472 477 478 479 480 484 487 488 489 491 493 498 500 501 503 504 505 509 510 512 513 515 516 518 520 521 524 526 527 529 530 531 534 535 536 537 541 542 543 545 548 549 551 552 556 557 559 560 561 562 564 565 566 568 569 571 572 573 574 575 576 577 579 582 583 585 586 587 588 589 590 591 593 594 596 597 601 602 603 607 610 611 612 613 615 620 621 622 623 625 626 629 630 631 633 634 638 639 642 645 646 647 650 651 652 653 654 656 657 658 661 662 663 664 665 666 668 670 676 677 678 679 680 681 683 684 686 687 692 693 694 701 702 
439: 3 4 7 8 9 10 11 12 13 15 16 18 20 21 26 29 30 31 32 34 35 36 37 41 42 43 44 46 48 49 50 52 55 56 57 58 59 60 61 63 64 67 69 71 72 73 75 78 80 82 83 84 86 88 89 90 91 92 94 96 97 99 100 102 103 104 105 108 109 110 113 117 120 121 122 123 124 126 127 129 130 131 133 134 135 136 137 138 141 142 145 146 148 151 152 153 154 155 157 160 162 163 164 166 168 169 170 171 173 174 175 177 178 180 181 183 184 186 187 189 191 195 197 198 199 200 201 202 204 205 206 210 211 212 213 214 217 218 219 223 224 226 228 229 231 232 233 235 236 237 238 241 243 244 247 248 250 251 255 256 258 259 260 261 262 263 265 266 267 268 270 271 272 274 275 277 278 280 281 282 284 285 286 287 289 290 292 293 295 296 299 300 301 303 304 307 308 309 311 312 317 318 319 320 321 322 324 326 327 329 330 332 334 335 337 338 339 340 344 347 350 352 355 357 358 359 360 361 362 364 366 368 370 371 372 373 376 377 380 383 385 386 389 391 393 395 396 397 398 399 400 401 402 404 405 407 409 410 411 413 415 417 419 420 421 422 425 431 434 435 438 439 440 441 444 445 446 447 450 451 452 454 456 457 458 459 460 462 465 466 467 469 472 473 474 476 478 481 482 483 484 486 487 490 491 492 495 497 498 499 500 501 503 505 508 509 510 513 514 515 518 519 520 521 523 524 527 528 529 530 531 532 534 535 536 539 542 544 545 546 547 549 550 551 553 554 555 558 560 562 563 564 565 566 567 570 571 572 573 575 577 578 579 580 581 583 584 585 587 590 592 593 597 598 599 600 601 603 605 607 608 609 610 612 613 616 617 618 619 620 622 623 625 626 627 628 630 631 632 633 636 637 638 639 640 642 644 646 648 649 651 652 653 654 656 658 660 662 664 668 671 674 678 681 682 683 686 687 688 689 690 691 694 696 697 698 699 700 703 
442: 0 3 5 7 9 11 12 15 16 17 19 20 24 25 26 27 28 29 30 31 33 34 37 38 39 40 41 42 45 46 49 51 53 54 55 57 58 59 61 62 64 67 69 73 74 75 76 77 78 80 81 82 83 84 85 86 87 91 92 94 95 96 97 99 100 101 103 105 106 108 109 111 113 114 115 116 117 118 120 121 122 125 127 128 130 131 132 133 135 137 138 139 140 141 142 144 145 146 148 149 152 153 154 155 156 158 159 160 161 162 163 164 166 167 169 173 175 176 177 179 182 184 185 187 189 191 192 195 199 200 201 203 204 207 209 210 211 214 215 216 221 222 225 226 229 232 235 236 237 238 241 243 244 245 247 250 251 252 253 254 255 257 258 259 260 261 263 264 265 266 268 269 270 271 273 274 275 276 277 278 279 283 284 285 286 287 289 291 292 293 294 297 298 299 301 302 303 306 307 308 309 310 311 312 313 314 317 320 321 324 325 326 328 330 332 334 335 337 338 341 343 345 346 347 350 353 354 355 356 357 359 360 361 362 363 364 367 369 371 372 373 374 376 378 379 381 383 384 385 386 388 391 393 394 395 396 401 403 404 405 406 407 408 409 412 413 414 416 418 421 422 424 425 426 427 428 429 432 433 434 435 437 438 439 440 443 444 445 446 447 449 450 451 452 453 454 456 459 461 463 464 466 467 468 469 476 477 478 479 482 483 484 487 488 490 491 492 493 494 495 497 501 502 504 505 506 508 509 510 511 512 515 517 518 519 520 521 524 525 526 528 530 531 533 535 536 537 539 541 543 544 545 546 548 549 550 551 552 554 556 557 558 559 560 562 563 565 568 570 572 573 574 575 577 581 583 586 592 595 597 598 599 601 602 603 604 605 609 610 613 616 617 618 620 622 624 626 629 632 633 635 636 637 638 639 643 644 645 646 647 648 651 653 654 655 657 658 659 662 664 666 667 669 670 671 672 673 674 675 677 683 684 685 687 690 692 695 696 697 698 702 703 
423: 0 1 5 7 8 11 13 14 15 17 19 20 21 22 23 24 25 27 28 29 31 32 33 36 42 43 44 46 47 49 51 52 55 56 58 59 60 61 63 65 68 69 71 73 75 77 79 80 81 82 84 85 86 87 88 89 91 93 94 95 96 97 100 101 102 104 105 113 114 118 120 121 122 124 125 127 128 129 130 131 133 134 135 136 137 139 142 143 145 146 148 150 151 152 153 154 157 158 159 162 163 164 165 166 167 168 170 171 172 173 174 177 178 179 180 181 183 184 185 186 187 188 190 194 196 198 199 201 203 204 208 209 212 215 218 219 221 223 224 227 228 230 233 238 239 240 241 242 243 250 254 255 256 258 259 260 261 262 268 271 272 273 274 276 278 280 282 284 286 288 289 291 292 293 295 296 298 299 300 304 305 307 308 311 312 313 314 316 321 322 324 325 328 329 330 331 332 333 334 335 336 337 338 339 341 342 343 344 345 346 347 351 352 353 354 355 358 360 361 362 366 367 368 369 370 371 372 374 377 379 380 382 388 390 391 393 394 397 398 399 400 401 402 403 406 409 410 412 413 414 416 417 418 419 420 421 422 424 425 427 430 433 434 436 437 439 442 443 445 446 447 448 449 450 451 453 455 456 458 459 460 461 463 464 466 467 468 469 470 471 472 473 475 477 478 481 482 486 488 489 490 493 494 495 496 497 502 507 511 515 516 517 519 520 522 523 524 525 526 528 529 532 533 534 537 539 540 541 542 544 546 549 550 551 552 553 554 556 557 559 560 562 563 564 566 569 571 572 573 574 575 576 577 581 583 585 588 589 591 592 593 594 595 596 597 601 602 603 605 607 610 611 612 613 614 617 618 619 620 622 623 624 626 627 628 630 632 634 635 639 640 641 642 643 647 650 652 653 654 656 657 658 661 662 663 666 669 671 673 675 677 679 681 683 684 688 692 693 695 698 699 700 702 
426: 1 4 5 7 8 10 12 15 17 19 21 23 24 25 26 27 28 29 30 32 36 37 38 40 41 42 48 49 50 52 54 55 57 58 59 61 62 63 64 66 67 70 73 74 76 77 79 80 81 83 84 85 86 88 89 93 97 98 99 104 109 113 119 121 123 124 126 127 128 133 134 135 136 138 139 141 145 146 148 149 150 151 152 153 154 155 157 159 160 161 162 163 165 166 167 168 169 173 174 175 176 177 178 179 180 186 187 188 189 190 191 192 196 197 198 200 202 203 211 212 213 215 216 217 218 221 222 224 227 232 233 234 236 237 238 239 241 244 245 246 247 248 249 250 251 254 257 259 260 261 263 264 266 267 268 269 271 272 273 276 277 278 279 280 281 282 283 284 285 287 288 289 290 291 292 294 296 298 299 300 301 302 303 304 305 306 309 311 313 314 315 317 318 319 321 322 323 325 326 328 329 331 333 334 336 337 338 341 343 344 345 346 348 350 351 352 353 354 355 357 360 363 364 365 368 370 372 376 377 379 380 382 383 386 387 388 389 390 392 393 395 396 397 398 400 401 405 406 409 410 411 412 413 415 416 417 422 423 425 427 429 431 432 433 436 437 439 441 442 443 445 446 447 448 450 452 455 459 460 462 463 464 465 471 472 475 476 478 479 480 481 482 483 484 486 488 492 494 495 498 499 500 501 504 506 510 512 513 517 521 522 525 526 528 530 531 533 535 537 538 539 540 541 545 546 547 548 549 551 555 559 562 564 565 566 567 568 570 571 573 575 577 578 579 582 583 584 585 586 587 588 589 590 592 593 595 596 599 600 601 602 603 605 607 608 609 610 613 614 616 617 620 621 625 627 628 631 632 633 636 637 638 640 641 642 643 644 645 648 650 651 652 654 655 656 658 659 661 663 664 665 666 668 670 671 674 675 676 677 678 679 682 683 686 687 688 689 691 694 695 696 697 698 699 700 701 
425: 0 4 5 8 10 11 12 13 14 17 20 23 24 25 27 28 29 32 35 36 39 41 42 43 44 47 48 49 50 51 52 53 54 56 57 59 60 62 66 67 68 70 71 75 77 78 79 80 81 84 85 88 92 93 94 95 96 97 100 101 104 105 106 107 110 111 113 114 115 117 119 122 123 124 125 126 127 128 129 130 131 133 134 135 140 142 144 145 151 153 156 157 158 159 160 163 164 165 168 170 172 174 175 178 182 185 186 187 188 189 190 191 192 193 195 196 198 200 202 203 204 207 209 210 211 212 213 214 215 217 219 221 222 223 224 227 229 230 233 235 236 240 241 242 243 244 247 248 252 253 257 258 260 263 265 266 267 269 270 272 275 276 281 282 283 286 288 290 291 294 295 297 298 299 300 302 304 305 306 307 309 310 312 313 314 315 317 319 320 322 325 326 327 330 333 336 337 339 340 342 343 346 349 350 355 356 357 358 359 360 362 363 367 368 369 371 372 373 374 376 377 379 380 383 384 385 387 388 389 391 392 394 395 396 397 398 401 403 405 406 409 410 411 413 414 415 416 418 419 422 425 426 427 428 430 432 434 435 436 437 443 447 448 450 451 452 453 455 456 457 458 460 461 463 465 466 469 473 474 476 479 481 482 483 484 487 488 490 491 493 495 496 497 498 499 500 501 503 504 508 511 512 514 515 516 517 518 519 520 521 522 523 524 525 527 528 529 530 531 536 538 539 540 541 542 547 551 552 555 556 557 561 564 565 566 568 571 572 574 576 577 578 581 583 584 585 586 587 588 589 590 591 592 593 594 595 596 597 598 602 603 604 605 606 608 611 612 613 614 615 618 619 621 622 624 626 627 628 629 630 631 636 637 639 640 641 642 644 649 650 651 652 653 654 655 656 659 660 662 664 666 669 673 674 675 676 677 678 680 682 683 686 687 688 689 690 691 693 695 696 697 699 700 701 703 
435: 0 1 3 4 8 9 13 14 15 16 17 20 21 23 25 26 27 28 30 32 35 37 38 39 41 42 43 46 47 48 49 51 52 53 54 55 57 59 60 61 63 65 66 67 68 70 71 72 75 76 79 82 83 84 85 86 87 88 90 91 92 94 95 101 102 104 106 108 109 111 112 113 114 116 117 118 120 122 123 124 129 130 131 132 133 135 136 137 139 140 141 142 143 144 146 150 152 153 154 155 156 160 164 165 166 170 172 175 176 177 179 181 184 185 186 188 190 191 192 193 194 195 197 200 203 205 206 208 210 211 214 217 219 220 221 222 223 224 225 226 227 228 230 233 234 235 236 240 241 242 243 244 247 248 249 250 251 252 253 254 255 257 260 261 262 264 265 266 268 272 277 278 279 282 283 285 286 288 290 291 294 295 297 299 302 303 304 305 306 307 308 309 310 311 312 313 314 315 317 319 320 321 322 323 324 325 327 331 332 333 334 337 339 340 342 343 344 345 346 348 349 351 352 353 356 357 360 361 362 363 366 367 369 370 372 373 377 379 380 382 383 384 385 386 387 388 390 391 393 395 396 397 401 402 404 406 407 408 412 413 415 416 417 418 419 420 421 423 424 425 426 429 431 436 437 438 439 441 444 446 447 451 455 459 463 464 465 470 471 472 473 474 475 479 481 482 483 486 487 488 490 491 492 493 494 495 496 497 499 501 504 505 508 509 511 515 516 517 518 519 521 522 524 527 528 529 531 532 533 535 538 541 542 545 546 547 548 549 554 555 556 557 558 559 561 562 563 564 565 567 568 570 571 572 574 575 576 577 580 581 582 584 585 586 590 591 594 595 596 599 600 603 604 605 606 609 611 612 613 614 615 616 618 619 620 621 622 623 624 625 627 629 631 632 635 636 638 639 640 642 644 645 646 648 651 652 658 661 663 665 666 667 668 670 671 672 675 677 678 682 683 685 688 689 691 693 694 695 697 698 699 700 701 702 703 
443: 1 4 6 7 8 10 11 12 13 14 15 17 19 20 21 22 23 25 28 29 30 31 32 33 35 36 37 38 41 42 45 46 47 50 52 54 57 58 61 63 64 65 66 68 70 71 72 74 75 77 79 82 83 84 87 88 89 90 91 92 93 95 96 97 98 99 100 102 104 105 110 112 113 114 115 116 117 118 119 120 121 122 123 124 125 129 131 133 134 135 136 140 142 143 145 147 148 149 150 151 152 154 155 157 160 165 166 167 168 169 171 172 174 175 176 177 181 182 183 184 187 188 189 190 191 192 194 196 200 201 202 203 204 206 207 209 210 212 213 214 215 217 218 219 220 221 222 223 224 226 227 228 229 230 231 232 233 234 235 236 238 240 241 242 243 245 247 248 249 250 251 253 254 256 259 261 262 264 265 268 269 273 274 276 278 280 282 283 285 286 289 291 292 294 295 298 304 306 307 308 309 311 314 316 317 318 319 320 321 322 323 327 330 332 333 334 336 339 340 341 342 343 344 345 346 352 353 355 356 357 359 360 362 363 364 365 366 372 373 376 377 379 380 381 382 384 385 386 389 390 392 393 394 395 396 397 398 399 400 401 402 403 407 408 409 410 412 413 414 415 417 420 423 428 429 430 431 432 434 435 438 441 442 443 445 446 447 448 451 453 456 457 458 459 460 463 464 465 466 467 468 472 473 474 475 480 481 482 483 484 485 487 488 489 490 491 492 493 496 497 499 500 501 502 503 506 508 514 515 517 518 519 520 523 525 527 528 530 532 534 536 537 539 540 542 543 544 545 546 548 550 551 552 554 556 560 561 565 566 570 572 575 576 578 579 580 581 585 587 588 589 593 594 595 597 600 606 607 608 609 612 613 614 615 616 619 620 621 623 625 628 629 630 633 634 635 636 637 642 643 644 646 647 648 649 650 651 652 653 655 656 658 660 661 662 663 664 665 666 667 670 671 672 674 675 677 681 683 684 685 686 687 688 690 691 692 693 694 695 696 698 699 703 
422: 0 1 2 6 7 8 9 10 11 12 13 14 15 16 18 19 21 22 23 25 26 28 29 30 31 33 36 37 40 42 43 44 45 46 48 51 54 56 57 58 60 61 62 64 66 67 68 69 70 71 72 73 74 76 77 80 86 90 93 94 95 98 102 105 106 107 108 110 111 112 114 115 117 119 120 122 123 124 125 126 127 128 129 131 132 133 134 135 137 138 141 144 158 163 164 165 170 171 173 175 176 177 178 179 181 182 183 185 186 188 191 192 194 197 199 202 203 206 207 208 210 212 214 215 216 217 218 219 221 222 227 229 230 232 234 236 237 241 244 247 252 255 256 257 258 259 260 261 267 270 271 272 274 275 277 278 281 282 284 286 287 288 289 291 292 293 295 296 298 299 300 302 304 305 306 307 309 310 311 312 313 315 316 317 319 321 323 325 326 327 328 329 334 335 338 339 340 341 342 344 346 347 348 350 354 357 358 359 360 361 362 363 364 365 367 372 373 375 376 377 378 380 381 383 384 386 387 388 389 390 392 393 395 397 398 399 401 402 403 404 406 407 408 409 410 411 413 414 415 416 418 419 422 423 424 425 427 428 429 430 431 432 433 435 438 440 442 443 445 446 449 450 452 454 455 459 461 462 465 467 469 471 472 473 474 475 476 479 480 482 484 485 486 487 489 497 498 501 504 505 506 507 510 511 512 514 515 516 517 520 521 522 523 524 525 526 527 528 529 530 534 535 538 541 542 544 546 548 549 551 553 555 557 558 559 562 563 568 569 570 571 572 576 577 579 580 581 583 584 586 587 588 590 591 592 593 595 597 599 600 601 603 607 608 611 612 613 614 615 616 617 618 619 621 626 627 628 629 631 632 633 635 637 642 643 644 645 646 649 650 651 652 653 654 657 658 659 661 663 665 666 667 668 669 670 674 676 681 682 683 685 690 691 692 693 694 696 697 698 699 701 702 
Days = 7
Shift constraints
2 6
2 5
1 6
0 7
1 6
3 4
true
true
Forbidden sequences = 2
3 1 
2 3 

