# Randomly generated data for the integrated task scheduling and personnel rostering problem, skilling=0,600 and tightness=0,599 seed=90720
Tasks = 686
361 424 0
373 462 3
367 458 5
802 916 4
899 959 4
361 424 0
616 675 0
805 850 1
782 827 5
615 720 1
800 924 3
361 444 1
836 866 0
579 654 2
366 412 2
808 941 5
866 924 0
389 498 5
363 450 6
632 666 6
547 615 5
435 549 0
795 937 1
360 462 0
639 743 5
694 822 5
634 695 2
796 878 3
802 914 2
878 955 3
829 945 6
798 838 0
360 393 4
871 941 4
623 759 1
845 896 1
362 434 5
821 922 2
615 729 4
435 494 5
363 468 2
798 856 6
701 786 5
361 430 3
957 1063 3
653 750 2
615 720 0
361 409 6
361 461 6
622 669 5
709 777 5
1063 1112 3
630 671 4
615 648 3
364 422 4
438 493 3
468 550 3
615 694 0
800 861 4
620 707 5
516 567 5
360 434 1
809 893 5
842 913 0
798 874 6
438 507 1
445 522 1
804 892 0
449 485 3
671 743 5
626 732 6
452 512 6
389 445 5
366 423 6
931 1018 0
430 560 6
795 839 2
809 873 4
851 899 5
362 466 5
729 807 4
659 802 5
795 919 3
447 559 4
864 939 6
493 534 2
522 577 1
840 941 2
619 720 2
634 688 0
713 797 2
804 879 6
795 912 3
894 958 2
607 650 2
495 610 5
654 732 5
805 893 6
807 861 4
944 1065 4
915 965 2
907 962 4
411 549 6
368 471 3
895 1025 6
371 429 6
423 559 4
617 733 1
826 966 2
565 650 6
799 875 6
562 687 2
642 742 2
374 490 0
684 778 0
764 877 1
520 577 6
733 842 1
986 1056 2
397 520 4
940 1029 6
662 735 5
771 860 5
720 772 0
878 934 6
627 724 1
803 842 6
674 778 2
1018 1129 0
388 520 3
722 787 1
542 581 3
635 707 4
1059 1143 2
746 786 5
522 602 4
559 682 4
615 656 2
623 720 0
815 870 2
457 549 5
718 758 0
747 831 3
449 535 1
556 663 6
648 749 3
594 658 3
606 646 5
367 429 6
853 977 6
861 990 4
617 695 3
808 909 2
417 498 3
616 698 0
393 506 1
627 713 4
788 903 1
690 749 4
1029 1103 6
909 1000 2
519 622 1
580 655 6
813 890 0
541 621 1
990 1036 4
619 728 1
818 903 6
696 738 3
655 763 2
625 724 2
628 673 2
512 557 3
466 558 5
384 459 1
550 666 0
695 768 0
738 811 1
801 867 5
1070 1187 2
550 650 6
810 871 4
775 853 2
749 815 3
919 977 3
806 864 2
402 489 4
768 836 0
973 1060 2
409 460 6
865 934 3
981 1044 6
1033 1098 2
360 402 0
807 917 3
640 693 5
858 931 2
708 772 0
829 893 2
930 1014 0
806 901 4
832 891 0
829 927 5
635 726 4
489 577 1
1020 1047 2
362 436 5
905 1014 6
681 730 6
733 839 2
811 921 5
805 918 0
611 659 5
673 767 0
362 453 0
431 497 6
360 492 3
700 779 2
559 640 3
396 495 3
937 1016 4
665 772 3
880 919 5
815 845 1
899 991 5
963 1024 2
431 472 0
508 559 1
802 876 2
463 570 0
710 766 5
976 1040 5
797 920 1
561 595 5
638 706 0
602 656 5
646 728 4
920 971 5
633 702 6
379 462 1
797 887 1
669 743 1
622 737 6
580 681 1
864 998 1
978 1067 3
822 926 4
430 491 0
989 1062 5
649 737 0
636 711 6
398 474 6
838 939 0
937 1039 1
368 453 6
761 864 6
570 630 0
920 1007 1
560 665 1
621 694 4
922 1037 4
922 1045 1
807 923 0
999 1095 6
730 819 1
811 881 0
824 945 3
1060 1150 5
946 1011 3
671 752 6
662 725 5
753 862 3
931 989 0
943 1042 2
641 758 3
763 802 5
1039 1098 2
498 559 6
658 762 2
900 979 2
912 981 3
1009 1101 1
509 582 0
731 764 6
1101 1239 5
629 728 4
860 926 2
845 928 1
474 532 0
946 1066 5
447 567 5
631 668 0
397 467 0
714 783 3
1000 1104 1
993 1073 5
989 1036 5
715 796 5
668 773 2
772 878 0
490 580 0
872 963 6
810 900 3
636 742 6
729 814 2
951 1027 2
883 965 0
726 820 0
658 758 6
1045 1121 5
918 1001 3
732 816 6
475 549 6
404 523 1
946 1027 3
787 841 2
530 582 6
978 1100 5
1128 1200 5
395 438 2
615 677 4
710 788 4
495 638 1
928 1006 0
496 570 0
1074 1205 5
495 628 3
364 461 1
915 961 3
887 1031 1
773 892 6
1073 1193 2
659 716 5
682 798 1
821 925 1
748 823 5
977 1021 0
535 651 2
462 595 1
1047 1147 2
839 893 3
801 870 1
872 998 5
528 612 1
867 965 2
799 879 5
721 780 5
1070 1147 0
639 716 1
890 957 1
437 512 5
487 546 6
470 549 0
482 580 6
1032 1152 3
1007 1062 4
455 525 2
804 923 5
802 854 0
402 495 0
1158 1236 5
971 1063 1
1067 1178 6
1039 1165 1
1008 1118 0
636 679 3
940 996 5
1153 1238 2
704 764 0
797 893 2
933 1001 5
588 714 6
710 821 4
936 1010 0
800 867 5
739 793 5
768 849 3
477 557 3
938 1029 1
662 768 4
741 864 4
699 842 0
628 762 0
572 671 0
812 918 4
671 780 0
717 849 1
667 782 1
536 566 3
798 849 1
733 777 5
935 1027 5
948 1080 4
1105 1169 6
1148 1261 2
734 827 4
783 833 2
449 582 2
704 822 1
628 735 3
831 922 4
981 1075 3
1049 1098 1
559 674 5
577 644 3
906 987 3
1201 1241 5
882 932 2
653 706 2
718 849 2
784 848 0
1036 1104 4
1118 1264 3
1068 1167 3
1169 1260 6
575 623 6
943 1030 1
986 1055 3
893 972 6
967 1054 6
370 420 6
580 700 2
764 810 0
767 837 0
828 871 0
599 650 1
660 708 6
551 647 0
870 913 5
934 967 3
845 920 5
997 1077 5
558 637 3
1017 1064 4
795 856 4
638 695 3
496 550 3
875 945 0
519 589 4
1062 1117 2
714 774 4
950 1070 4
501 599 1
676 819 1
1184 1250 0
825 923 4
954 988 0
915 1048 5
928 991 4
1069 1102 6
1104 1159 1
692 776 3
569 642 0
775 843 6
1124 1262 1
759 848 6
867 964 1
938 1070 0
1158 1235 4
1165 1265 1
1072 1164 4
1145 1213 4
780 841 3
750 895 2
600 698 0
921 1011 5
1028 1078 0
953 1042 2
880 973 4
809 888 4
568 666 3
1036 1084 0
656 727 6
876 1012 3
960 1086 1
1129 1196 2
745 852 6
926 1003 4
1060 1105 2
785 849 1
730 807 6
1034 1093 1
902 1025 6
650 723 1
1038 1097 1
1039 1088 5
401 489 4
1003 1082 5
493 525 2
458 560 6
683 781 4
799 857 5
931 983 2
734 847 6
1091 1152 1
1046 1158 6
974 1101 6
850 983 4
1123 1213 2
811 886 0
544 652 4
790 845 5
940 1017 0
655 735 4
983 1087 6
994 1057 6
772 846 4
715 838 0
1162 1262 1
1028 1155 6
717 783 6
1165 1245 3
571 626 6
861 954 6
526 576 2
905 984 1
901 964 5
665 716 3
1165 1254 4
916 1050 3
774 835 0
1167 1255 6
992 1101 5
1200 1230 6
723 802 4
622 705 1
640 772 2
1156 1264 2
1167 1264 3
1033 1095 5
811 892 6
878 932 0
860 951 5
728 809 1
1066 1126 4
423 470 5
863 948 6
920 1003 4
939 1011 0
1002 1085 4
588 622 6
1016 1085 3
799 894 4
741 831 3
867 969 5
782 848 4
648 710 3
974 1075 4
1025 1108 0
671 751 0
1140 1242 5
1076 1155 3
817 877 2
865 924 0
989 1060 2
1033 1094 1
968 1081 2
1156 1263 3
1119 1261 2
606 720 3
700 780 0
629 698 1
699 761 4
1024 1089 4
1015 1088 3
967 1077 0
1071 1176 1
708 845 6
1019 1092 4
1152 1262 1
624 717 6
887 992 0
832 916 3
748 845 5
884 967 2
984 1048 6
985 1101 1
760 828 3
738 819 3
1183 1245 0
746 848 1
588 629 2
607 666 1
1016 1101 3
657 744 6
697 742 1
881 945 2
631 741 2
987 1085 4
1142 1223 0
933 988 4
1040 1095 2
728 845 6
915 982 4
1017 1104 0
1071 1136 5
1100 1167 5
1147 1212 0
651 703 6
1103 1248 3
634 703 4
993 1104 0
950 1039 0
964 1069 5
984 1061 0
670 768 0
781 847 5
1063 1132 6
858 960 0
1064 1157 4
868 943 2
1211 1261 5
1136 1243 2
1034 1150 0
641 672 5
837 968 6
1052 1099 3
993 1100 4
1055 1164 3
782 848 4
826 941 6
875 952 4
910 984 3
945 1041 2
463 503 5
1177 1204 6
563 676 6
782 842 3
1165 1248 3
690 802 6
1133 1224 6
810 849 1
1213 1262 6
866 976 4
774 836 4
932 1039 0
982 1062 5
1165 1258 0
903 981 2
700 835 1
929 1015 2
1046 1103 2
1006 1103 4
990 1082 3
1028 1093 2
849 917 6
1170 1262 0
625 718 0
1154 1254 4
1172 1262 6
1001 1066 4
941 1030 3
1055 1120 0
1162 1241 3
773 839 2
1132 1254 0
704 845 6
689 812 5
1177 1262 5
997 1075 2
747 838 3
755 839 0
1048 1099 3
794 844 0
659 742 6
1141 1232 4
618 699 2
884 989 3
803 845 6
992 1090 5
987 1047 3
980 1061 4
1047 1097 3
718 820 4
969 1090 6
679 756 5
756 843 5
982 1067 4
589 709 5
1005 1098 6
1039 1105 0
1201 1255 4
398 512 1
998 1085 2
552 644 5
707 787 2
Shifts = 4
0 0 0 0 0 0
360 0 0 490 0 0
615 0 0 490 0 0
795 0 0 470 0 0
Employees = 40
384: 0 1 2 4 6 11 13 14 15 18 19 20 24 27 28 30 31 32 33 37 39 42 45 48 52 53 57 58 59 61 63 65 68 69 70 71 72 75 76 78 79 82 83 84 85 86 87 89 95 97 100 101 102 104 106 110 111 112 114 115 116 121 123 124 125 126 128 134 135 139 141 142 143 146 147 148 150 151 155 156 160 162 163 165 166 167 168 169 170 175 176 177 179 180 182 183 185 187 188 190 191 192 194 200 201 202 203 204 205 207 210 214 215 218 219 221 222 223 225 228 230 234 240 242 243 245 246 248 249 250 252 253 254 255 258 260 263 267 270 271 273 274 275 278 279 280 281 283 286 288 289 292 293 295 296 299 300 302 303 304 305 306 308 309 310 312 314 315 316 317 319 320 321 322 323 324 327 329 331 334 335 337 338 341 342 344 346 347 350 351 352 354 355 356 357 359 360 361 362 364 371 372 374 375 376 377 378 380 387 389 390 391 392 394 395 396 400 406 407 409 410 411 413 414 416 419 420 421 422 424 426 428 431 432 434 435 436 437 438 439 440 442 443 444 445 446 448 449 451 452 453 455 459 461 463 464 465 467 468 469 472 473 475 476 478 479 481 482 483 484 487 488 491 492 493 494 495 497 498 500 503 505 506 507 508 509 511 513 514 515 519 520 521 522 523 528 529 532 533 536 537 540 542 543 544 545 546 550 553 554 556 558 559 560 562 565 566 567 571 574 575 576 578 579 580 583 585 586 588 590 591 592 593 595 598 599 600 601 602 604 605 606 611 612 615 618 620 621 622 624 625 626 627 628 632 633 635 636 639 640 641 642 644 645 646 649 650 651 652 653 657 660 661 662 663 665 667 668 670 673 678 680 681 682 
410: 0 2 3 5 6 8 11 14 15 16 18 19 21 24 26 27 28 31 32 36 38 39 40 43 46 49 50 51 52 54 55 56 60 61 62 63 69 70 72 73 74 76 77 78 79 80 81 83 86 87 88 89 90 92 95 98 102 104 107 109 110 113 114 115 117 118 119 120 122 123 124 125 126 127 129 130 133 135 137 138 141 143 146 147 150 151 152 154 155 156 157 160 161 162 163 164 165 166 167 168 169 170 174 175 176 177 178 180 181 182 183 185 186 187 188 189 190 191 192 196 197 198 199 202 203 204 207 208 209 210 212 213 214 215 216 217 218 222 223 225 226 228 229 230 231 233 234 236 239 240 242 243 245 246 247 250 251 253 254 257 258 260 262 263 265 267 269 270 271 272 273 277 282 283 284 285 287 288 289 291 293 295 298 299 300 301 306 307 309 312 314 317 318 323 324 325 329 330 332 333 335 336 338 339 340 341 343 344 346 348 349 350 351 352 355 358 359 360 362 363 366 367 368 369 370 373 374 377 378 384 385 386 388 392 395 396 397 398 400 403 404 406 407 409 411 412 413 414 415 416 417 418 419 422 423 425 426 429 430 431 433 434 435 436 437 438 440 442 445 446 447 448 449 450 451 456 457 458 459 462 465 466 471 474 475 476 478 481 482 488 489 490 491 492 494 495 496 497 498 499 501 502 503 504 506 508 509 510 511 513 514 517 519 520 521 524 525 526 527 529 532 534 535 537 540 542 543 544 545 547 548 549 550 553 555 556 557 560 563 565 567 568 569 571 572 575 576 580 581 583 584 585 587 589 590 591 592 597 598 599 600 601 602 603 607 608 611 612 615 616 617 620 622 624 625 626 627 628 629 631 633 634 636 638 639 643 646 647 648 650 651 655 658 659 660 661 663 664 666 669 671 672 673 675 676 678 680 681 682 685 
416: 0 3 4 6 8 9 11 12 13 14 16 18 19 24 26 27 30 31 33 34 35 38 40 43 45 46 48 49 52 54 56 58 59 61 62 65 66 67 68 70 73 74 75 76 77 78 79 80 81 82 84 88 91 94 96 97 98 99 100 104 105 106 107 108 109 111 112 113 115 116 117 119 122 124 125 128 129 130 131 132 133 134 135 138 141 143 145 146 148 149 150 151 152 153 155 158 159 160 162 163 164 165 167 172 176 177 178 179 182 184 186 187 188 190 191 192 193 195 197 198 200 203 204 205 206 207 208 210 212 213 214 215 217 219 220 221 222 223 226 227 228 230 232 233 234 237 239 242 243 244 246 247 248 250 253 256 259 260 264 265 267 268 269 270 272 276 277 278 279 280 282 283 284 287 289 291 292 293 294 296 297 299 300 302 304 305 307 308 309 311 312 316 317 318 320 321 322 325 330 331 332 333 335 336 338 339 343 344 345 346 347 348 350 351 353 354 355 357 358 361 363 364 365 367 369 372 374 375 377 378 379 381 383 385 387 389 390 391 393 394 395 396 397 398 399 405 406 407 408 409 410 411 412 413 414 417 418 419 421 422 423 424 426 427 430 431 432 435 440 444 445 449 450 452 453 454 455 456 458 463 464 466 467 469 470 472 473 475 479 481 482 484 487 488 489 490 491 492 493 496 498 501 502 504 505 506 507 508 509 510 511 512 515 516 518 521 522 523 524 525 526 527 535 536 537 538 540 541 543 544 545 546 547 548 549 551 554 559 561 563 564 565 566 568 569 570 571 572 573 575 576 577 578 579 581 582 584 585 586 588 591 592 594 599 603 604 605 606 608 609 610 612 613 614 615 616 618 619 620 623 624 626 627 629 630 631 632 634 638 640 643 645 646 649 653 654 657 658 659 660 661 662 663 664 666 667 669 670 671 673 676 677 678 680 681 684 
400: 0 4 5 6 7 10 11 12 13 14 15 16 19 20 25 26 27 29 32 34 36 39 40 41 42 43 44 45 46 48 49 51 55 56 57 58 59 60 63 65 66 67 71 72 73 74 76 77 80 81 83 85 87 88 89 90 91 94 95 98 99 100 101 102 103 105 107 108 109 110 111 113 114 115 117 118 120 121 122 123 125 126 127 129 130 131 132 133 134 136 137 138 139 140 144 147 148 149 152 155 156 157 160 163 165 166 167 170 173 176 180 182 184 186 187 188 189 190 191 194 196 199 202 206 207 209 211 212 213 214 216 217 220 221 225 226 227 228 229 230 233 235 237 238 239 240 241 242 247 248 249 251 253 254 257 264 267 270 272 273 274 275 276 277 282 285 287 288 291 294 295 296 297 298 300 307 309 311 312 314 316 318 319 322 323 325 326 327 328 329 332 333 334 337 339 340 341 343 344 346 347 350 354 355 356 358 359 364 365 366 367 371 372 375 376 377 378 379 381 382 384 385 386 388 389 390 393 394 396 398 400 402 403 405 406 408 409 410 411 412 418 419 420 421 422 423 425 426 428 429 430 431 432 433 439 440 441 444 447 448 449 455 456 459 461 462 463 464 467 468 469 470 471 472 473 476 477 479 480 482 483 484 485 487 489 491 492 494 496 497 498 499 500 502 503 505 507 508 511 512 514 515 516 518 519 520 521 522 523 524 525 526 528 529 531 532 534 535 536 537 539 542 543 545 546 552 553 554 557 558 559 560 564 568 571 573 574 579 580 582 584 585 586 587 591 592 593 594 595 598 600 601 603 605 606 608 609 611 615 616 619 620 621 622 623 628 629 630 632 635 637 638 639 640 643 644 646 647 648 649 651 652 653 654 656 657 660 661 662 663 665 671 675 676 678 680 681 683 684 685 
393: 2 3 4 5 8 9 10 11 12 13 15 16 18 20 21 23 24 25 26 29 30 32 33 35 36 37 38 40 42 45 46 47 48 50 51 52 54 55 57 59 60 61 62 64 65 67 68 69 71 73 74 76 77 78 79 81 84 85 86 87 88 93 94 99 101 102 104 109 112 118 119 120 122 123 125 126 127 128 129 131 133 134 135 137 138 141 144 145 146 147 148 149 150 151 152 154 157 159 163 164 165 166 167 168 170 174 175 176 182 183 186 187 188 189 190 191 192 193 196 197 198 201 203 204 205 207 208 210 216 217 218 219 221 222 223 225 226 228 229 230 231 234 236 237 238 241 242 244 246 248 252 253 255 256 257 258 259 260 261 262 264 265 267 269 270 271 273 274 276 279 280 284 285 286 287 288 289 291 292 293 297 301 304 305 306 309 311 314 319 320 321 322 325 326 327 328 330 331 333 337 341 342 343 344 345 348 349 350 351 357 358 361 364 365 367 368 370 371 372 373 376 377 378 379 381 383 384 386 388 389 390 394 395 397 398 399 400 403 405 409 412 414 416 417 419 421 422 426 428 429 430 431 432 433 434 435 437 438 439 441 443 444 446 448 452 453 454 455 456 460 463 465 467 469 470 471 472 473 474 477 479 482 484 485 486 489 493 494 498 499 500 503 505 506 507 508 509 510 511 514 515 519 521 523 525 526 528 532 535 536 537 538 541 542 543 544 546 548 549 550 551 552 553 554 555 557 562 563 564 566 567 568 569 571 572 574 577 578 579 580 581 582 583 584 588 591 592 595 596 597 602 603 604 606 607 609 611 615 618 623 626 627 630 631 636 637 639 640 643 644 647 651 653 655 657 658 659 661 663 664 666 669 670 671 672 673 675 676 678 680 681 682 684 
404: 0 2 3 4 6 8 9 10 11 12 13 14 15 17 19 22 23 25 27 31 34 37 38 39 42 43 45 46 47 48 50 53 54 55 58 59 60 63 65 68 69 71 72 74 76 78 79 80 83 85 86 87 88 91 94 96 98 99 100 101 107 109 112 113 114 116 117 118 120 123 125 127 129 130 132 133 136 140 141 142 150 151 152 153 154 155 156 157 158 164 166 167 170 172 175 176 177 178 179 180 181 184 185 186 187 188 189 192 195 197 198 201 204 206 211 212 213 214 220 221 222 223 224 225 227 229 230 231 233 234 236 238 239 240 241 242 244 246 247 249 250 251 253 254 255 257 258 259 260 261 262 265 266 267 268 269 270 273 274 275 277 278 281 284 285 286 287 289 290 292 293 295 298 299 301 302 304 305 306 308 314 315 316 317 318 320 321 322 323 324 326 327 330 332 333 334 335 337 339 348 349 350 352 353 354 355 356 359 360 362 364 365 368 369 371 372 373 374 379 381 384 389 394 395 396 398 399 400 401 403 404 409 410 412 413 416 417 418 419 421 422 423 424 425 426 429 430 432 434 435 436 438 439 442 443 444 445 447 448 449 453 454 457 458 459 460 461 463 465 466 468 469 470 471 472 473 475 477 478 480 481 482 483 484 488 490 491 493 495 497 498 502 503 505 506 508 509 510 511 512 513 514 515 517 520 522 524 527 528 531 533 534 535 538 540 541 543 544 546 549 550 552 554 555 557 558 560 562 563 564 565 566 567 570 571 574 575 576 578 580 581 583 584 585 587 589 590 591 595 596 598 599 600 602 603 604 606 607 610 611 613 615 616 617 618 620 622 623 625 626 627 630 633 635 636 639 642 643 644 647 650 651 652 653 654 655 658 659 660 661 662 663 664 665 666 667 668 671 674 677 679 680 682 684 
407: 0 2 4 6 7 8 9 10 11 15 16 18 22 23 25 26 28 35 37 39 40 42 43 44 45 48 49 53 54 55 56 57 58 59 60 61 63 64 65 67 68 70 76 78 79 80 82 84 85 87 88 89 91 92 94 95 96 97 98 103 106 108 109 110 111 112 115 121 122 125 128 129 130 134 135 136 139 141 142 143 144 145 146 148 149 151 152 153 154 159 160 161 162 166 167 169 171 172 173 174 175 176 177 178 180 182 183 189 191 192 195 196 197 198 203 205 207 209 211 213 214 216 221 224 225 226 227 229 230 233 234 239 240 241 243 244 245 246 247 248 249 251 252 254 255 256 257 258 260 261 263 264 265 267 268 269 272 273 274 278 279 280 281 282 284 285 286 287 288 290 291 293 294 295 296 297 299 300 301 303 307 309 311 312 314 315 316 317 318 319 320 322 323 324 329 330 332 334 337 338 340 342 344 346 347 348 352 354 355 357 359 360 361 364 365 367 369 370 371 372 373 374 375 377 379 380 383 385 386 387 388 391 395 396 397 398 399 400 401 402 403 404 405 406 408 409 410 411 414 415 416 417 420 421 422 423 425 426 427 428 430 431 433 436 437 439 440 442 443 444 445 446 447 448 449 451 453 455 458 461 464 465 466 467 468 473 476 477 481 483 486 487 488 489 490 491 492 495 498 500 503 506 507 508 510 511 512 514 515 518 520 521 522 524 525 526 528 529 530 531 532 533 535 536 537 538 539 540 541 542 544 546 550 552 554 556 557 558 559 563 566 567 571 572 573 575 577 578 583 584 585 587 588 589 591 592 593 594 595 597 600 601 602 603 606 607 608 609 610 612 613 614 615 617 618 619 620 621 623 624 626 629 630 635 638 640 641 643 644 646 647 648 649 650 652 656 657 659 662 663 664 665 667 672 673 674 685 
405: 0 1 3 4 5 6 8 9 10 13 14 15 16 17 20 22 25 26 28 30 31 33 34 35 36 37 40 41 42 43 44 45 46 48 49 50 53 55 56 57 58 60 61 62 63 65 67 68 69 70 71 75 77 78 79 81 83 84 86 88 91 95 96 97 98 100 101 102 103 105 106 108 109 110 112 113 114 116 117 118 120 124 125 128 129 130 132 133 135 138 139 142 143 145 147 148 153 154 156 157 158 159 160 161 162 165 166 167 170 171 172 174 175 177 178 180 182 183 186 187 190 192 193 194 196 199 200 203 206 207 208 210 212 213 215 217 218 219 220 223 224 226 227 230 232 234 238 239 240 241 243 244 246 248 250 251 252 253 256 257 258 260 261 263 264 265 266 269 271 272 273 275 277 279 281 282 283 285 286 287 289 291 292 294 295 297 298 299 300 301 302 303 310 313 314 315 316 319 320 321 324 326 327 331 332 333 334 335 337 338 339 340 341 343 345 346 347 348 349 352 354 355 357 358 360 361 363 364 365 366 368 373 374 376 377 379 380 382 383 385 389 390 394 395 396 401 402 403 404 405 406 409 412 413 414 416 417 419 420 424 425 427 428 429 430 431 432 433 434 435 436 439 440 441 442 444 445 447 449 450 452 456 457 460 462 463 465 466 467 468 469 470 472 473 475 476 481 482 483 484 489 491 492 493 495 498 499 500 503 504 505 507 508 509 511 512 513 514 521 522 523 525 531 532 533 535 536 539 541 543 545 546 551 553 554 556 557 558 560 561 565 566 568 569 570 573 574 576 577 579 580 581 584 586 587 588 591 592 593 596 602 606 608 609 612 613 614 615 618 621 627 628 630 631 633 634 638 639 640 641 643 644 646 647 648 650 651 654 657 658 661 662 663 665 667 669 670 671 672 675 676 677 679 681 683 
405: 0 1 2 4 6 10 13 14 15 16 18 20 24 25 27 29 32 34 36 38 42 45 46 47 48 49 50 54 55 57 58 60 61 62 63 64 67 69 73 76 78 79 80 82 84 85 87 88 89 90 92 93 94 95 97 98 99 100 104 107 108 109 110 113 115 118 119 120 121 122 123 124 125 126 128 133 134 136 139 140 141 142 143 144 146 148 150 152 153 154 155 156 157 158 159 160 161 162 163 164 166 167 168 173 175 176 178 180 183 185 191 192 194 195 196 197 198 200 202 203 208 209 210 211 217 218 219 221 222 224 225 226 227 228 229 232 233 234 235 238 239 240 241 242 247 249 251 252 253 255 256 257 258 259 261 262 266 267 270 272 273 274 275 277 278 279 280 281 282 284 286 287 288 289 290 292 293 294 295 296 298 300 305 306 311 313 315 318 321 322 323 324 326 327 329 330 331 333 335 337 338 340 343 344 345 350 351 352 353 355 357 358 360 361 362 365 366 367 368 369 370 371 375 376 377 378 379 380 383 387 389 392 393 395 396 397 398 399 401 406 407 408 410 411 412 414 415 416 417 422 423 424 425 426 427 428 430 431 434 439 440 441 443 451 452 454 457 458 459 460 462 463 464 465 467 470 472 473 474 476 480 482 483 484 485 487 489 490 491 492 493 494 495 496 498 500 503 507 508 509 510 511 512 513 514 515 517 518 519 521 523 526 527 528 529 530 531 533 534 535 537 539 540 547 549 552 553 555 556 557 560 561 562 564 569 570 571 573 574 576 577 579 580 581 582 585 589 590 591 592 597 598 600 603 604 606 607 608 609 611 613 614 615 616 617 621 622 624 626 628 630 631 632 633 634 636 637 638 641 643 646 648 649 651 653 654 657 658 659 660 661 662 663 670 672 673 674 676 679 680 681 682 683 684 685 
411: 1 3 5 7 11 13 14 17 21 24 25 29 31 33 34 38 39 40 42 43 45 46 47 48 49 53 54 55 56 57 59 60 63 67 68 69 70 71 73 74 75 76 77 78 79 81 82 84 86 90 91 92 94 95 98 100 102 103 104 105 106 107 108 109 110 111 112 113 114 118 119 120 123 125 126 129 133 134 135 138 139 140 141 143 144 145 146 147 149 152 154 159 162 163 165 166 167 168 169 170 171 176 177 178 181 184 185 188 189 190 193 194 195 196 197 200 201 203 204 207 208 209 210 211 212 214 215 217 218 219 220 221 222 223 224 226 229 232 233 235 238 239 240 241 243 245 247 250 251 252 253 254 255 257 259 260 264 265 267 268 269 272 273 274 275 277 280 281 282 283 285 286 292 294 295 297 298 299 300 302 303 304 306 307 309 310 311 312 313 315 317 319 320 322 323 324 325 326 327 328 329 331 332 333 335 336 337 338 340 341 342 343 344 346 347 349 351 352 353 354 355 356 357 360 362 363 364 365 366 367 371 374 375 376 377 380 381 385 387 390 391 392 394 395 396 397 398 400 401 404 406 408 409 410 411 413 415 418 419 421 422 424 425 426 429 430 432 435 437 438 439 446 447 454 455 458 459 460 461 462 463 464 466 467 468 469 470 471 473 474 475 476 480 482 483 488 495 496 497 499 500 501 502 504 505 506 508 509 510 511 513 514 515 516 517 518 519 522 523 524 526 527 529 531 533 536 537 538 539 540 541 542 545 547 548 551 555 556 557 560 561 563 564 565 566 567 568 569 571 576 577 579 583 584 585 587 588 589 590 592 595 596 597 598 599 600 602 605 606 608 609 610 611 612 613 614 615 616 618 619 620 621 622 625 626 630 631 632 634 640 644 645 646 653 654 656 658 660 661 662 664 666 667 675 677 678 680 681 682 683 684 
419: 0 1 2 4 5 6 7 9 10 16 17 18 19 20 21 22 23 25 26 27 28 29 31 33 34 35 36 40 43 46 47 49 51 56 57 58 59 63 67 69 71 74 75 78 80 82 85 87 88 90 92 94 95 98 99 100 101 102 103 105 109 110 112 113 114 115 116 117 118 120 121 122 123 125 128 129 130 133 134 135 138 139 141 143 144 145 146 147 148 151 153 155 156 159 162 163 165 166 167 169 170 173 174 175 176 180 181 183 184 185 186 187 189 192 193 194 195 196 197 199 200 202 204 205 206 207 208 210 211 212 213 215 216 217 218 219 221 222 223 224 225 226 227 229 232 233 234 237 238 240 241 242 243 244 247 250 252 253 255 257 260 268 269 270 271 272 273 275 279 281 282 286 287 288 289 290 294 295 296 297 298 300 302 303 306 307 308 309 310 311 312 313 316 317 318 319 320 322 323 325 326 327 328 332 335 336 337 338 339 340 342 343 345 349 350 351 352 353 357 358 361 362 365 366 367 368 369 370 371 372 374 375 376 381 384 385 387 389 391 393 394 395 396 398 399 401 402 403 404 406 408 411 414 416 417 419 420 422 424 428 429 432 433 435 438 442 445 448 449 451 452 453 455 457 458 459 460 463 465 466 467 468 469 472 474 475 476 477 478 480 481 484 486 487 489 490 493 494 495 496 498 499 500 501 502 503 505 506 507 508 510 511 514 516 517 518 519 523 524 525 527 528 529 530 535 536 537 538 540 542 545 548 549 550 551 552 553 554 556 562 564 565 567 569 572 573 574 575 576 578 581 582 584 585 587 589 590 591 592 593 594 595 596 597 598 599 600 601 602 603 604 606 608 610 611 612 615 617 618 620 621 623 624 626 627 628 630 631 632 633 634 637 639 640 641 642 647 648 649 650 653 654 656 658 660 661 662 663 664 665 668 669 670 672 674 675 676 679 685 
399: 3 5 7 11 16 18 21 22 23 24 25 27 28 31 32 34 35 37 38 39 40 41 43 45 46 48 50 51 54 55 59 61 63 64 67 68 69 70 71 72 74 75 77 79 80 82 83 84 86 87 90 93 94 95 97 100 101 102 103 104 106 107 108 109 111 112 113 115 117 118 119 120 121 122 125 126 129 132 134 135 136 140 144 145 146 150 152 153 155 156 157 159 160 161 162 165 166 167 168 170 172 173 176 177 178 179 181 182 185 187 189 194 195 196 197 199 200 201 203 204 205 206 207 208 209 212 213 216 218 219 221 224 225 226 227 228 229 231 233 237 238 239 240 241 242 243 244 246 251 257 259 260 261 269 270 272 273 274 281 282 290 291 292 293 294 295 297 298 299 301 303 305 306 307 309 310 311 313 315 316 318 319 322 323 326 327 328 331 333 334 340 345 346 347 349 351 358 359 360 361 362 363 364 367 368 370 371 373 374 375 377 379 380 381 384 385 386 387 388 392 395 398 400 401 404 406 409 411 412 415 416 417 418 420 421 425 429 430 432 433 434 435 436 438 440 444 445 446 447 448 450 451 453 455 456 458 459 462 463 468 469 470 471 472 473 476 478 479 480 485 486 488 491 492 493 494 496 498 502 503 505 507 508 510 511 512 513 514 515 516 517 519 520 523 524 525 526 527 528 529 530 531 532 533 535 537 538 540 541 542 546 547 549 550 551 554 555 556 557 562 563 564 565 568 571 572 573 574 575 581 582 583 584 585 586 588 589 590 591 592 593 594 595 596 597 598 600 601 603 605 607 608 609 612 613 614 617 618 619 620 621 622 625 629 630 631 635 636 637 638 639 640 641 648 649 652 653 654 656 657 658 660 661 662 663 665 666 667 668 669 670 671 672 673 674 681 682 683 685 
406: 1 6 7 9 10 11 12 13 16 17 20 22 23 24 25 26 27 29 31 33 38 39 40 41 43 44 45 46 47 48 51 52 54 55 58 59 61 62 65 67 68 72 75 77 78 79 80 81 83 84 88 91 92 93 94 95 96 98 100 101 103 104 105 106 107 110 111 115 118 119 120 121 123 124 125 127 128 130 133 135 136 137 138 140 141 142 143 144 145 148 149 150 152 153 154 157 159 161 162 163 165 166 168 169 170 173 174 176 177 178 181 182 185 186 188 189 192 194 196 197 199 200 201 202 203 205 206 209 211 212 214 215 216 217 218 220 223 224 225 226 228 230 231 233 236 238 239 241 242 243 245 246 247 250 253 255 257 258 266 268 269 271 273 277 278 280 282 283 290 292 296 297 298 300 301 303 304 306 309 311 313 314 315 316 320 323 325 326 327 328 329 331 332 333 334 335 338 340 342 343 344 347 348 352 353 354 357 358 359 361 363 367 368 370 371 372 374 375 376 377 378 379 381 383 384 386 388 389 393 395 396 400 401 402 407 414 415 416 417 418 419 422 424 426 427 428 430 434 435 436 438 439 441 442 444 445 449 450 451 452 454 455 458 463 465 469 471 473 474 475 478 479 480 481 482 483 484 485 487 489 490 491 492 493 496 497 498 500 501 502 504 505 508 511 513 514 516 517 519 521 522 523 527 528 532 534 536 537 538 539 540 541 543 544 545 552 554 558 560 561 563 567 569 571 572 573 574 575 576 577 578 579 581 582 583 585 586 587 590 592 593 595 596 597 598 604 606 607 608 611 613 614 615 616 617 622 623 624 627 628 630 634 635 636 637 638 639 640 641 643 644 647 648 649 650 651 653 655 656 657 658 659 660 661 662 663 665 666 668 669 670 671 672 673 674 675 676 677 678 679 680 681 682 683 684 685 
419: 0 1 2 4 6 9 10 11 12 13 15 16 18 19 20 21 22 23 24 25 26 28 31 32 35 37 38 39 41 43 44 45 47 49 50 51 53 55 56 57 59 60 61 62 65 68 69 70 72 73 75 77 78 79 80 82 83 84 85 86 87 89 90 94 95 96 97 99 100 102 103 104 105 106 107 108 111 112 113 114 115 117 119 124 127 128 129 130 132 133 134 135 137 140 142 144 146 147 149 152 155 157 158 160 161 163 165 166 169 170 172 173 174 175 177 179 180 181 182 183 188 189 190 192 193 194 197 198 201 202 203 205 206 207 208 209 210 211 212 213 215 220 221 222 223 225 227 231 232 234 235 237 238 239 241 242 243 244 247 248 249 253 254 256 258 259 260 262 263 264 265 266 267 268 269 271 272 274 276 277 278 279 282 286 292 293 294 295 296 297 299 301 302 307 308 309 310 311 313 314 316 317 319 320 322 323 324 326 328 329 333 335 336 339 341 342 343 344 345 346 348 350 351 355 356 359 362 364 365 366 369 370 371 372 373 374 375 376 378 379 380 383 384 387 388 389 392 394 396 398 399 400 402 403 404 406 408 409 413 414 415 416 418 421 423 425 426 430 432 433 435 436 437 438 439 440 441 442 447 448 449 450 452 453 455 457 458 461 466 467 468 470 474 475 478 479 480 481 491 493 494 498 500 501 502 507 508 509 510 511 514 518 519 520 522 524 525 526 530 531 532 533 534 536 537 538 539 542 543 544 545 546 547 548 551 554 555 557 558 559 560 565 567 568 570 571 572 573 574 576 577 579 580 581 582 584 585 586 587 589 591 592 593 595 596 597 598 599 600 602 603 604 605 606 608 610 613 614 615 616 617 618 619 621 622 624 627 628 629 631 635 636 637 638 639 641 642 644 645 647 648 650 651 653 655 656 660 663 667 668 671 672 673 674 675 676 679 682 683 
383: 0 5 6 7 8 11 12 14 16 17 18 19 21 22 24 25 26 27 28 32 37 38 44 45 47 48 49 52 53 56 57 58 60 62 63 65 66 68 69 70 71 72 73 74 77 78 79 80 81 84 85 86 87 93 94 98 99 100 101 102 103 104 108 111 112 114 119 120 125 126 128 132 133 135 136 137 141 142 144 145 146 148 149 151 154 155 158 160 162 164 166 167 168 172 174 176 179 181 182 183 184 185 186 187 188 191 193 194 195 198 202 205 208 209 210 212 213 216 218 221 222 223 225 226 227 228 230 231 234 235 238 240 241 243 244 245 247 248 249 250 252 253 254 256 258 259 260 261 263 264 266 267 268 269 270 272 273 274 276 277 279 280 281 284 285 286 288 289 291 292 293 295 296 297 298 299 300 301 302 304 305 308 309 310 311 313 315 316 320 321 322 323 325 326 330 333 334 336 338 340 341 343 345 346 347 348 351 353 357 360 362 367 368 369 371 372 377 381 383 386 388 391 393 394 395 396 398 399 400 402 405 407 409 413 414 415 416 417 420 421 422 426 427 428 431 432 433 434 435 436 437 439 443 444 446 447 448 449 450 451 453 455 456 458 461 465 466 469 471 473 474 476 480 483 486 487 488 491 492 493 494 496 498 500 502 503 504 505 506 507 508 511 512 513 514 517 519 520 521 526 527 530 533 536 538 540 541 542 548 549 550 552 554 557 560 561 566 569 570 571 572 573 574 575 576 578 579 582 584 585 586 589 593 594 597 599 601 602 603 604 611 612 613 615 620 627 628 629 630 631 633 635 636 637 642 643 644 645 646 650 652 653 654 656 657 658 660 663 664 665 667 668 669 670 672 673 675 677 678 679 680 683 684 
420: 2 4 6 7 9 10 15 17 20 21 22 23 24 25 26 27 28 29 30 33 35 36 38 39 42 43 45 47 48 49 52 53 54 56 57 61 63 64 65 66 70 71 72 73 74 75 76 77 78 79 80 82 83 85 86 87 88 90 91 92 93 94 95 97 98 101 103 104 105 106 107 109 112 113 114 116 117 118 119 122 123 126 128 129 130 133 134 135 136 137 138 142 145 146 148 149 150 155 158 159 160 162 163 164 165 167 170 171 173 176 179 180 183 185 187 188 189 190 191 193 194 195 197 198 202 203 204 207 210 211 212 217 218 220 221 227 230 231 232 234 235 237 239 240 241 242 243 247 248 250 251 253 254 255 256 257 259 260 263 266 267 268 269 270 273 275 278 279 281 282 285 286 287 288 291 292 293 294 295 296 297 298 299 300 302 305 308 310 311 312 313 314 316 320 321 324 325 327 330 331 332 333 334 336 338 339 340 341 342 343 345 346 347 350 351 352 357 359 360 361 362 365 366 368 369 371 373 374 375 376 377 378 381 384 389 391 392 395 397 398 403 404 405 406 407 409 410 411 414 416 417 419 421 422 423 424 426 427 430 431 435 436 437 438 439 441 442 446 447 448 450 451 452 454 455 457 459 460 461 462 463 464 465 466 467 469 470 471 472 474 475 476 478 479 481 482 483 485 487 488 491 493 494 496 497 499 500 503 504 506 508 509 510 512 513 514 515 518 519 521 522 525 528 530 531 532 534 536 538 539 540 541 542 545 546 547 548 549 550 555 557 560 561 562 563 564 565 566 568 569 571 572 573 576 577 578 580 582 583 584 585 588 589 590 592 593 594 596 597 600 601 604 605 606 608 610 611 612 617 618 619 623 624 626 628 629 633 634 636 637 640 642 643 644 645 646 647 648 649 652 656 657 658 659 660 664 665 667 669 670 674 675 676 677 678 679 680 681 683 684 
423: 0 1 2 3 4 6 10 11 12 14 18 20 23 25 27 28 29 30 32 33 34 35 36 37 38 40 43 44 45 46 47 48 49 50 51 52 53 56 57 58 60 61 62 63 64 65 66 70 71 74 77 78 81 82 83 84 86 88 89 90 91 92 93 94 95 96 98 100 101 102 103 104 106 107 110 111 114 117 118 119 122 125 127 128 129 131 132 134 138 139 140 141 142 143 144 147 149 150 156 157 158 161 164 165 166 168 170 171 172 175 176 177 178 181 183 184 186 188 189 192 193 194 197 198 200 201 202 204 205 206 209 210 212 214 217 219 220 223 224 225 228 229 230 231 232 234 237 242 243 244 245 246 249 250 254 256 261 262 264 265 267 270 272 274 276 277 278 281 283 286 288 290 291 294 295 296 297 298 299 300 301 306 308 310 311 312 316 317 318 319 321 322 324 325 326 327 330 333 334 335 336 338 340 341 342 345 346 347 348 349 351 352 354 355 356 358 359 360 364 365 367 368 372 373 374 379 380 381 382 383 385 386 387 388 389 391 394 398 399 401 404 405 406 408 410 412 413 415 417 418 420 421 422 424 425 426 427 428 432 433 434 436 437 438 439 440 441 443 444 445 447 448 449 450 452 453 454 456 457 459 460 461 462 463 465 466 469 470 471 474 475 479 480 482 483 485 489 490 491 493 496 497 498 499 500 506 510 512 514 515 516 517 518 519 520 521 522 523 524 525 526 527 528 531 532 533 535 537 538 539 541 545 546 547 549 550 551 552 553 555 558 559 560 561 563 565 566 567 572 573 574 576 578 579 580 581 584 585 586 591 592 593 598 599 601 603 604 605 609 610 611 614 615 616 622 623 624 625 626 627 629 630 631 632 633 634 637 638 639 640 642 643 644 645 647 648 649 650 651 652 654 655 656 658 660 662 663 665 666 667 668 669 671 673 675 676 677 678 679 680 681 683 685 
390: 0 2 3 5 6 12 13 14 15 18 19 21 22 23 26 27 29 30 35 36 37 38 39 42 44 46 48 51 53 54 55 56 57 58 59 60 61 62 64 67 68 72 74 75 76 77 79 80 81 82 83 84 85 86 88 90 91 92 94 96 98 99 100 103 108 109 110 111 112 114 115 116 119 121 122 123 126 127 128 129 130 131 132 133 134 136 138 139 140 141 143 147 148 149 150 151 153 154 155 156 157 160 161 162 163 168 170 173 175 177 179 180 181 185 186 187 189 190 193 196 197 200 201 202 204 208 209 212 214 215 216 217 219 220 225 231 232 233 235 236 238 240 241 242 243 245 247 250 252 253 255 259 262 263 265 266 268 269 272 274 276 277 278 281 283 284 285 286 287 288 289 291 292 293 294 295 296 298 299 300 304 305 306 307 308 309 311 312 314 316 317 318 321 322 330 332 333 334 336 338 339 341 342 343 344 345 349 353 355 356 358 359 363 368 369 377 378 381 384 385 386 387 391 393 396 398 399 401 403 404 406 407 409 411 412 413 414 415 416 417 419 420 421 423 424 425 426 428 430 432 433 434 435 438 439 442 443 446 447 450 453 454 455 456 457 458 459 460 461 463 464 465 466 469 470 474 475 477 479 482 483 484 486 487 488 490 491 497 500 501 503 506 507 510 511 512 515 517 518 520 522 523 525 528 529 531 532 536 538 539 542 544 546 547 548 549 552 555 556 557 558 560 561 562 565 567 569 573 574 576 579 581 583 584 585 586 587 589 591 594 596 598 599 600 602 603 604 606 607 608 612 613 616 618 622 624 630 631 632 633 634 637 639 641 645 646 647 648 649 650 652 653 655 656 657 659 660 662 663 665 666 667 668 671 673 674 675 680 683 684 
416: 0 1 2 3 4 5 6 9 10 11 14 15 16 17 19 24 26 27 33 34 36 38 39 40 41 42 43 44 45 50 51 52 53 55 56 58 59 64 65 67 68 70 72 73 74 75 76 81 82 83 86 87 89 90 91 92 95 96 97 98 99 100 101 103 106 108 109 111 112 116 118 121 122 124 125 126 127 131 132 133 135 136 137 138 139 140 142 143 144 145 148 149 150 152 153 155 157 158 159 161 163 164 165 172 174 175 176 179 180 183 184 185 186 187 190 191 194 196 197 198 199 201 202 204 208 210 211 214 216 217 221 224 225 226 227 228 229 230 232 233 234 236 238 239 240 242 244 245 246 247 250 251 252 253 254 256 257 259 262 265 267 268 270 272 273 274 277 278 279 281 282 283 284 285 287 288 290 291 292 293 294 298 300 301 303 304 305 306 307 308 309 311 313 314 315 316 319 323 324 325 326 327 329 330 331 332 333 334 335 337 339 340 342 343 345 346 347 348 350 351 354 357 358 364 367 368 369 373 375 376 377 378 379 382 384 385 386 387 388 389 391 392 393 395 397 398 399 400 402 404 407 408 409 410 412 414 415 418 419 420 421 422 423 424 426 428 429 430 431 432 433 435 436 437 439 440 441 442 446 447 449 452 453 458 459 460 461 462 464 465 467 468 469 470 473 474 480 485 488 489 490 492 496 498 499 501 504 507 509 513 514 518 519 520 522 524 525 526 527 528 529 531 533 534 536 537 538 542 543 544 546 548 549 552 553 554 555 556 557 558 560 561 562 563 564 565 568 569 570 572 573 581 583 584 585 588 590 592 593 594 595 596 599 600 601 603 604 605 607 610 611 614 616 619 621 623 624 625 626 627 628 630 632 633 634 635 638 639 641 643 644 645 646 651 653 654 657 658 661 663 664 665 666 667 668 669 673 675 676 677 678 679 681 682 683 685 
419: 0 1 5 6 7 8 9 11 12 13 14 17 19 23 24 25 27 29 30 31 32 33 34 35 37 38 39 40 41 42 43 46 51 53 54 55 56 58 59 61 64 69 70 71 73 74 75 78 80 81 87 88 89 90 92 93 94 96 97 99 100 103 106 107 108 110 111 113 114 115 116 117 118 122 123 124 128 130 131 132 133 134 136 137 138 139 141 145 146 148 149 151 152 153 156 158 159 160 161 162 165 166 167 168 170 172 173 174 176 178 179 180 181 183 184 186 187 189 191 193 196 197 199 200 201 202 203 204 206 207 209 210 214 216 218 219 220 221 223 224 225 227 228 231 232 233 234 235 239 240 241 242 243 244 245 247 248 250 251 254 259 260 261 262 263 264 265 269 272 274 275 276 277 278 284 285 287 289 290 291 293 294 297 298 299 300 301 302 304 305 306 307 309 312 315 316 317 320 321 325 329 330 333 334 335 336 337 338 339 342 344 345 348 351 353 354 356 359 361 362 363 364 365 366 368 369 370 371 373 374 375 376 377 378 379 380 383 384 387 388 391 392 393 394 395 396 397 399 400 401 402 405 407 411 415 421 422 424 426 427 428 429 430 431 433 434 436 438 440 441 442 443 444 446 448 449 453 454 455 456 457 458 459 460 462 463 464 466 467 469 470 471 472 473 479 480 482 484 487 489 490 493 494 495 496 497 498 499 501 502 504 506 507 508 511 512 513 514 517 519 521 523 525 527 528 531 532 534 537 538 540 542 543 545 546 547 548 550 552 558 559 560 562 564 565 567 568 569 570 572 577 578 582 584 585 586 587 588 591 593 594 599 601 603 604 605 606 608 609 610 612 613 614 616 617 618 620 621 623 624 626 627 629 630 632 634 637 639 641 642 643 644 647 648 649 652 653 654 655 656 658 659 661 662 663 665 666 667 668 671 674 675 676 677 678 679 681 682 684 
418: 0 1 2 3 4 6 7 8 9 10 11 13 14 15 16 17 18 19 21 26 27 29 30 31 33 34 35 38 39 40 41 42 43 47 52 54 55 57 58 60 61 63 64 65 68 69 71 72 74 75 77 79 82 85 87 88 89 90 92 93 94 95 96 97 98 100 101 103 104 105 106 110 111 112 114 117 119 120 121 122 124 125 126 129 132 134 135 138 139 140 141 143 144 145 146 147 149 150 151 153 154 156 157 159 160 162 163 164 165 167 168 169 171 172 173 175 176 178 179 180 185 186 187 191 192 193 194 195 196 197 199 200 202 203 205 207 208 209 212 216 219 221 227 228 230 231 233 234 237 238 240 241 242 244 246 247 248 249 251 252 253 257 261 264 265 266 267 268 271 273 274 276 281 282 286 287 290 291 292 293 296 297 299 300 302 303 304 307 309 310 311 312 313 315 316 317 319 320 321 323 325 327 328 329 330 332 334 335 338 340 342 344 345 346 349 351 353 354 355 357 360 361 364 366 367 368 369 370 371 372 373 374 375 376 378 379 380 382 384 385 386 387 391 392 393 395 396 398 400 404 405 406 407 408 409 410 411 412 414 415 417 419 420 422 424 425 426 428 429 430 431 432 433 436 438 439 441 442 444 446 448 449 451 452 454 455 456 457 459 461 462 463 464 466 467 469 471 472 474 478 479 481 484 485 486 489 490 491 492 493 499 500 501 502 503 505 507 508 512 513 514 515 516 518 519 520 521 522 523 525 526 527 528 529 530 532 535 536 537 539 540 542 544 545 546 547 550 552 555 556 557 558 562 563 564 569 570 571 574 576 578 581 583 586 587 588 589 590 591 592 596 597 598 599 600 602 603 604 605 611 613 615 616 617 618 619 620 623 625 627 628 631 632 636 637 638 640 644 646 647 648 651 652 653 656 657 658 659 663 665 668 671 672 673 674 675 679 681 
396: 3 4 5 11 12 13 14 15 16 17 19 25 27 28 31 32 33 34 35 38 39 40 41 42 44 45 46 48 49 50 51 54 56 57 58 60 62 64 68 70 73 74 75 76 79 80 81 83 85 88 89 90 94 96 99 101 102 103 105 107 110 111 113 116 117 118 119 121 123 126 128 130 136 140 141 142 146 148 149 153 154 156 157 158 161 163 164 165 166 167 168 169 170 171 172 175 176 177 178 179 180 181 183 184 188 189 191 192 193 194 196 197 199 200 201 202 203 206 207 208 209 211 212 213 214 215 216 218 221 222 223 224 225 226 228 229 233 234 236 237 238 240 241 242 243 245 247 249 250 253 255 256 257 258 259 261 262 263 264 265 266 268 269 271 274 275 277 279 282 286 287 289 290 291 292 293 294 296 299 301 302 305 306 309 311 312 316 319 320 326 328 329 331 333 334 335 336 339 340 341 342 343 344 345 347 348 353 354 355 357 358 360 361 363 366 367 368 369 370 371 375 376 377 378 380 382 383 384 386 388 389 390 392 393 397 398 399 401 403 405 406 409 411 412 416 418 420 423 425 426 427 428 430 432 434 436 440 441 442 445 446 447 448 450 451 452 453 456 457 458 459 460 461 462 463 464 465 467 469 470 471 474 475 477 481 483 484 485 488 490 496 498 500 501 502 507 508 509 510 513 514 515 519 520 521 522 524 527 529 530 531 532 534 535 537 539 541 542 543 544 545 551 553 555 558 559 560 561 562 565 566 570 572 573 574 576 577 578 579 581 582 583 586 587 588 589 590 593 594 597 598 600 601 603 604 607 608 609 613 614 615 617 619 625 627 628 630 631 632 633 634 635 638 639 640 641 642 643 644 646 647 648 651 653 656 658 659 666 669 670 675 676 677 679 682 683 
419: 0 2 6 7 8 10 12 13 16 17 19 20 21 22 23 25 28 29 31 32 33 34 36 38 40 41 42 43 44 46 47 48 50 51 52 55 56 58 59 61 63 64 65 66 71 72 73 74 75 76 77 78 80 82 83 84 86 87 88 91 92 93 94 96 99 100 101 102 103 104 108 109 110 112 115 116 117 118 120 123 125 127 131 133 135 136 137 140 142 145 149 150 154 155 157 158 159 160 162 164 165 166 167 168 169 170 171 174 176 177 178 180 181 184 185 189 190 191 192 193 200 201 202 205 207 208 209 210 211 212 213 214 215 216 217 220 221 222 223 228 231 233 235 238 239 240 241 243 244 245 246 247 248 249 250 251 255 256 257 259 260 261 262 265 268 270 271 272 277 280 282 283 285 286 287 288 289 290 291 292 293 294 296 297 300 301 303 304 306 309 313 316 319 320 321 322 323 324 326 327 330 332 333 334 335 336 337 339 340 341 342 343 345 346 350 351 352 353 356 357 360 361 362 363 364 365 366 367 368 369 370 371 373 374 376 380 381 384 386 387 389 390 391 393 394 396 398 399 403 404 405 407 409 410 411 412 413 414 416 418 419 421 422 424 425 426 428 429 430 431 434 438 439 441 444 445 446 447 448 450 451 452 453 454 456 457 459 461 462 463 464 465 466 467 468 469 471 472 474 475 476 477 479 483 486 487 488 490 491 492 495 496 498 499 500 501 503 505 506 511 512 514 515 516 519 520 521 523 529 530 532 533 534 538 539 540 541 544 545 546 548 549 550 552 553 554 555 562 563 564 565 566 570 571 573 574 576 578 580 581 582 583 584 587 589 591 592 593 594 596 597 599 600 601 602 607 608 609 610 614 616 617 619 620 621 622 623 625 626 629 630 631 632 633 636 640 642 643 644 645 648 649 652 653 656 665 667 668 669 670 672 673 675 676 678 679 681 682 683 
408: 0 2 5 6 7 8 10 11 12 13 14 15 16 18 20 21 22 23 24 25 29 32 34 35 37 39 40 42 45 47 49 50 51 52 53 55 56 57 62 63 64 65 66 69 70 73 79 81 84 86 88 92 93 94 100 101 102 103 107 108 110 111 116 118 119 120 122 124 126 127 128 129 130 131 134 135 136 138 140 143 147 150 151 152 153 154 155 156 157 158 159 160 161 162 163 164 165 167 168 169 170 173 177 180 181 182 183 185 186 187 188 190 192 193 195 196 197 198 200 201 202 203 204 205 206 207 208 213 214 216 217 218 220 221 222 223 224 227 229 231 232 234 235 236 237 238 239 240 246 249 250 251 252 255 262 263 264 266 268 271 272 273 274 275 276 278 279 280 281 282 283 285 286 290 292 293 295 296 298 301 304 305 306 307 308 311 312 314 317 318 319 320 321 323 324 327 328 330 333 334 336 337 338 340 343 345 346 349 350 351 352 354 356 357 359 360 361 366 367 369 370 375 376 378 379 380 381 382 383 385 386 389 390 391 392 395 397 398 400 402 403 405 406 409 410 411 412 414 415 416 417 418 420 421 422 423 425 426 429 430 432 435 436 437 438 440 441 442 443 446 447 449 450 451 454 456 458 460 461 462 465 466 470 471 472 473 474 475 476 477 478 479 480 483 484 485 486 487 489 490 491 493 494 496 498 500 502 505 508 509 510 511 512 513 517 520 522 523 527 530 531 542 543 544 545 546 548 550 553 554 558 560 561 562 563 564 565 566 567 568 574 575 577 579 581 582 583 584 586 587 589 592 594 595 601 602 603 604 606 611 612 613 614 615 616 617 618 619 620 621 622 623 624 626 628 629 630 631 632 633 634 636 637 640 641 644 645 647 648 649 650 651 652 653 654 658 661 663 664 666 667 670 674 675 678 679 682 684 
442: 0 2 3 4 6 7 8 9 11 12 13 14 15 16 17 18 19 20 21 22 23 26 27 28 30 31 32 33 35 36 37 38 39 41 42 44 48 50 52 53 54 56 57 58 61 62 64 65 66 67 70 72 73 74 75 76 78 81 83 84 86 88 91 92 93 94 95 96 98 99 101 103 105 106 107 110 111 112 114 115 118 119 120 122 123 124 125 126 127 129 131 132 133 137 139 142 143 144 145 147 148 150 152 154 156 157 159 160 164 167 168 169 171 172 174 176 179 180 181 182 185 186 187 188 189 190 193 194 195 196 198 200 201 202 204 207 208 209 212 214 215 216 217 220 223 224 225 226 227 228 229 231 233 234 235 236 237 238 239 240 241 243 245 246 247 248 249 250 253 255 256 257 258 260 263 265 267 269 270 271 272 275 278 279 280 281 283 284 287 291 292 293 294 296 297 298 299 300 302 303 306 307 308 309 310 314 317 319 321 323 324 325 326 328 330 331 333 334 335 336 337 340 343 350 351 353 354 356 358 359 360 361 364 366 367 368 369 370 371 372 373 374 375 379 382 383 385 387 388 389 390 391 392 393 395 396 397 398 400 401 403 406 412 413 414 415 417 418 421 422 423 424 425 427 430 431 432 433 434 436 437 438 439 440 443 444 445 447 448 450 451 452 454 458 459 463 464 466 470 472 474 476 477 478 479 481 485 486 487 490 491 495 496 497 499 500 501 504 505 506 507 508 509 510 511 512 513 514 515 516 517 521 523 524 525 529 530 531 532 533 534 537 539 541 542 544 545 546 547 548 549 550 551 552 553 555 557 560 564 568 569 570 571 572 573 574 575 576 577 578 580 582 583 584 585 587 588 589 590 591 592 593 594 595 596 598 599 600 601 602 603 604 605 606 607 608 610 611 612 613 617 620 621 622 625 626 628 629 631 633 635 636 639 644 645 647 648 651 652 653 654 655 656 657 658 659 660 662 663 664 665 666 669 671 674 675 676 677 678 679 681 683 
413: 1 2 3 4 5 6 7 8 9 11 13 14 16 17 19 20 24 25 28 29 30 34 35 36 37 38 39 44 45 46 47 48 49 50 54 55 57 58 59 60 62 63 64 67 69 72 74 75 76 77 78 80 81 85 88 90 91 96 97 99 101 105 106 107 108 111 116 118 119 121 122 123 127 128 129 131 135 136 137 139 141 142 144 145 147 150 154 155 157 158 161 163 164 166 168 169 170 171 173 174 175 177 179 180 181 182 183 184 185 187 191 194 196 198 200 201 202 203 204 205 206 209 211 212 215 218 219 220 222 223 224 226 227 229 231 234 236 237 238 241 242 243 244 246 247 248 249 250 251 253 254 255 256 257 259 260 262 263 267 268 270 271 272 273 274 275 276 277 278 279 280 281 283 285 286 287 288 291 293 294 295 297 298 300 303 305 308 309 311 313 315 316 317 318 319 320 322 323 324 327 328 329 331 333 334 335 336 339 343 344 345 346 347 349 350 352 353 357 358 359 361 362 363 364 365 367 368 369 371 372 373 374 375 378 379 381 382 383 384 386 387 389 391 392 395 396 397 398 399 402 403 404 406 407 409 411 413 414 416 417 418 420 422 425 426 429 433 435 437 438 439 440 443 447 448 449 451 456 457 458 459 461 462 464 468 469 470 474 475 476 477 478 479 480 483 484 487 488 489 491 492 493 494 495 497 499 500 501 506 510 513 520 521 522 523 524 526 527 529 530 531 532 533 535 537 538 539 540 541 542 545 548 550 553 554 555 556 557 558 560 561 562 563 566 567 569 571 573 574 576 578 579 582 583 584 585 586 587 588 589 590 592 593 595 596 598 599 601 603 604 607 609 610 611 612 613 614 615 616 619 620 621 624 625 626 627 628 630 632 633 635 639 640 642 648 649 651 652 657 658 659 660 667 668 669 671 675 677 678 680 681 683 685 
429: 1 2 3 4 7 8 9 10 12 13 14 16 17 20 21 22 24 26 27 29 30 31 32 33 34 36 37 40 42 44 46 47 48 49 51 52 53 54 55 58 60 64 65 66 68 70 71 72 76 77 78 82 83 84 85 87 88 89 90 91 92 94 95 96 97 98 99 100 101 102 103 104 105 106 107 108 109 110 112 114 115 116 117 120 121 124 125 127 128 129 130 131 133 134 137 140 142 144 145 148 149 150 151 153 155 156 157 160 161 162 164 165 167 169 170 171 172 174 176 179 180 182 183 184 186 187 190 191 192 194 196 199 201 202 205 206 207 208 209 213 214 216 218 219 220 221 223 224 225 227 229 230 231 234 237 239 241 243 246 247 248 249 253 254 255 257 259 260 261 262 263 265 266 267 268 269 270 271 272 273 274 278 279 282 283 284 287 289 290 291 293 295 296 297 300 301 302 306 308 309 310 311 313 315 317 318 319 321 322 323 325 326 330 332 334 336 338 340 341 342 343 344 345 346 348 350 352 353 355 358 360 361 362 363 364 366 367 368 369 370 372 374 375 377 378 379 380 381 383 384 386 388 390 391 392 394 395 398 400 401 403 404 405 407 408 409 411 412 415 416 418 420 424 425 427 428 429 430 431 432 433 434 435 436 437 438 440 442 444 445 446 448 449 451 452 453 456 457 458 461 462 464 465 467 468 470 473 475 476 478 480 481 482 483 484 485 486 487 489 490 491 494 495 497 498 499 502 503 507 509 511 512 516 517 518 522 523 525 526 527 528 529 530 532 534 536 540 541 543 544 545 547 550 551 554 555 556 557 558 561 562 568 571 573 574 575 576 577 578 580 583 586 588 591 592 593 595 596 598 600 601 602 605 607 610 611 612 615 616 618 619 621 622 624 625 626 627 628 629 632 635 636 637 638 640 641 643 644 646 647 649 651 653 655 657 659 660 666 667 668 670 672 674 676 677 678 679 681 682 
426: 1 2 3 6 8 11 12 13 14 16 19 20 22 23 24 26 28 29 32 33 34 35 38 40 41 42 43 44 45 46 47 48 50 53 55 57 58 59 61 62 64 73 74 76 77 78 80 81 84 86 87 89 90 92 98 99 100 101 102 104 105 107 108 110 111 113 114 116 117 119 120 122 123 124 125 126 129 130 131 132 136 137 138 139 144 145 147 148 149 150 152 155 156 157 158 159 163 166 169 171 172 173 174 178 179 181 182 183 184 185 187 188 189 191 193 195 196 197 198 199 202 204 205 207 208 209 210 211 212 213 214 215 216 218 220 221 222 223 224 225 226 228 230 231 232 233 234 235 236 237 238 239 243 244 245 249 250 252 253 255 256 257 258 260 262 263 264 269 270 273 274 275 276 277 280 281 283 285 287 288 289 290 291 292 293 294 297 298 299 302 303 306 307 308 309 310 311 313 314 315 316 317 319 321 323 324 325 326 328 329 331 333 335 336 337 338 340 341 342 343 345 346 347 349 350 351 352 353 354 356 358 359 360 361 362 363 364 368 370 371 373 376 378 379 385 386 389 391 393 394 395 397 398 399 401 402 403 404 406 407 408 409 410 413 416 417 418 420 422 423 426 431 432 433 435 436 438 439 445 446 448 449 451 452 453 456 459 460 461 463 464 465 466 467 469 470 472 473 474 475 476 478 479 480 481 482 484 485 487 488 489 491 494 495 498 499 500 501 502 503 508 509 511 512 513 515 516 518 519 522 523 525 526 528 530 531 532 534 535 537 538 540 541 542 543 545 548 549 550 553 557 559 560 562 564 565 566 568 569 572 578 579 580 581 584 585 587 589 590 591 594 595 596 598 599 600 601 603 604 605 606 607 610 611 612 613 614 615 616 617 618 619 620 625 626 627 629 631 633 635 637 639 641 643 644 645 648 652 654 655 657 658 660 661 663 665 670 671 675 676 677 678 679 680 683 684 
419: 0 1 2 3 4 5 6 8 9 11 12 15 16 18 20 21 23 24 25 26 27 29 30 32 34 35 36 37 38 39 40 41 42 43 44 45 46 47 48 49 50 51 52 53 56 58 59 61 62 66 68 70 72 73 75 76 77 78 79 81 83 85 86 87 88 89 90 92 93 94 95 97 99 100 101 105 108 109 111 112 114 115 116 117 121 124 127 128 129 131 134 135 139 141 143 144 145 146 147 148 150 151 152 154 162 164 166 169 172 173 175 176 179 181 185 186 187 188 189 190 192 197 198 199 201 202 203 204 209 210 211 212 213 214 220 221 222 226 227 228 229 230 232 233 236 237 238 241 242 244 245 246 247 248 249 252 254 256 258 264 267 268 270 271 274 276 277 279 281 283 284 285 286 287 288 289 291 294 296 297 298 299 302 303 307 310 311 313 315 316 317 318 321 322 327 328 329 330 331 334 335 336 337 339 340 341 342 343 344 345 346 347 349 350 352 355 356 357 358 360 361 364 368 370 372 373 376 378 379 380 383 386 387 389 391 392 393 396 397 398 399 400 401 403 404 406 408 410 411 412 414 416 420 421 422 423 429 430 432 433 436 437 438 439 441 442 443 445 446 447 448 452 454 455 458 459 460 461 465 467 468 469 470 472 473 474 476 477 478 479 480 481 483 484 488 491 492 493 497 498 499 500 502 503 504 505 506 507 510 511 513 515 520 521 522 523 527 529 531 535 536 537 538 540 542 543 544 547 548 549 550 552 553 555 557 558 559 560 561 562 563 564 566 567 569 570 571 572 573 575 576 578 582 584 585 586 587 588 590 591 592 594 595 596 597 598 599 601 602 603 604 605 606 610 611 612 615 616 618 619 620 623 624 626 627 630 631 632 633 636 637 638 640 642 645 647 648 650 651 652 653 656 660 661 662 664 665 666 668 671 673 674 676 677 680 681 682 683 684 
415: 0 2 3 4 6 7 8 9 10 12 13 14 15 16 18 21 22 23 24 25 26 27 29 30 31 37 41 42 43 45 46 48 50 52 53 55 56 57 60 61 62 63 64 67 68 70 71 72 74 75 76 77 78 79 84 85 86 88 89 90 91 93 94 95 97 99 100 102 103 104 108 109 110 111 112 113 114 115 118 120 121 123 124 125 127 129 131 132 133 134 135 137 138 139 142 146 150 153 154 155 156 158 160 161 162 163 165 166 168 169 171 173 174 178 179 180 181 182 186 189 194 196 197 198 199 200 203 204 205 207 208 212 213 214 215 218 223 225 228 229 231 232 233 234 235 237 239 242 243 248 250 251 253 254 255 257 258 261 262 264 265 266 267 270 273 275 276 278 279 280 282 283 285 286 287 290 291 292 294 296 297 298 299 301 304 305 306 307 310 311 312 314 315 320 321 322 323 325 326 328 332 333 334 335 337 339 341 342 344 346 350 352 353 354 355 357 358 359 360 362 363 365 366 367 369 370 371 373 375 376 377 378 379 380 381 382 383 385 388 389 390 392 396 397 399 400 401 403 405 406 408 409 411 414 416 417 419 420 421 422 423 425 426 427 428 429 430 431 432 434 435 438 442 443 444 445 446 447 448 449 450 453 454 455 456 457 459 460 461 462 463 464 467 468 469 473 474 475 476 479 480 484 485 487 488 490 496 497 498 499 501 505 506 508 509 510 511 512 514 516 517 518 521 523 525 526 527 530 531 532 534 535 536 539 540 541 546 549 551 555 556 558 559 560 563 564 565 567 568 569 570 571 572 573 576 579 580 581 582 583 584 585 586 587 590 591 593 596 598 599 600 605 607 608 614 616 618 620 621 622 623 625 626 630 631 632 634 635 636 637 638 640 642 645 647 648 652 655 656 659 660 662 663 664 666 668 670 671 673 674 675 678 680 682 683 
415: 0 1 2 4 5 6 8 9 11 13 14 16 17 18 19 24 25 27 29 31 32 35 38 39 41 42 43 44 47 48 50 52 57 61 63 64 65 66 67 68 70 71 72 75 76 77 79 80 81 82 84 85 86 87 88 93 97 98 99 101 107 109 111 114 116 117 119 121 123 124 125 126 127 128 131 133 134 135 136 138 139 143 144 148 149 154 155 158 159 160 161 163 164 165 166 167 168 169 174 175 176 179 180 181 182 183 184 186 187 188 189 191 192 193 194 195 197 199 202 205 206 208 209 210 214 217 219 220 222 223 226 228 229 230 231 235 236 237 240 245 247 250 253 255 256 257 259 261 262 263 264 265 266 268 269 270 272 274 275 276 277 280 281 282 283 285 286 287 288 289 290 291 292 293 295 298 299 300 302 304 305 306 308 310 311 313 314 315 316 317 318 319 320 321 322 323 324 326 328 331 333 335 336 341 342 345 347 350 351 352 353 354 355 357 359 360 363 365 367 368 370 372 373 375 379 381 382 383 385 386 387 390 391 394 396 398 401 404 405 406 408 409 410 414 415 416 418 420 424 427 428 429 430 431 432 434 436 439 440 442 443 445 446 447 448 450 452 454 455 456 457 459 461 462 463 465 466 467 468 469 470 471 473 476 477 478 479 480 481 482 484 485 486 487 488 492 493 494 495 496 497 498 499 500 505 506 507 509 510 511 512 514 516 518 519 521 522 524 528 530 532 533 535 536 537 539 542 543 544 547 549 550 553 555 557 558 562 563 565 566 567 568 570 571 573 574 575 576 577 578 579 581 582 583 585 586 587 588 591 592 594 600 603 604 606 607 609 611 612 613 614 615 616 618 622 623 624 627 628 629 630 631 633 634 635 636 637 638 639 640 641 643 645 647 649 650 651 652 656 658 660 662 664 666 669 671 675 676 678 679 681 682 683 684 685 
397: 0 1 3 4 5 6 8 9 11 12 14 15 17 20 21 22 23 24 25 26 27 29 30 31 34 36 38 39 41 42 44 45 47 49 51 52 53 56 58 59 61 66 67 68 71 79 80 81 83 84 86 87 88 89 92 93 94 95 96 97 99 100 103 108 110 111 113 114 117 118 121 123 124 125 126 127 128 129 131 132 133 136 137 138 139 140 141 142 145 146 147 150 151 152 153 155 157 158 159 160 161 162 168 169 170 171 172 173 175 176 181 183 185 186 187 188 189 190 192 193 196 200 201 202 203 204 205 206 207 208 209 210 212 213 216 217 219 221 222 224 225 227 228 229 230 232 233 234 236 239 243 247 248 250 252 255 256 262 263 264 265 266 267 269 272 273 275 276 277 278 279 285 287 288 290 291 292 294 295 296 297 299 300 306 307 308 310 311 314 315 317 318 322 323 324 326 329 332 334 335 337 338 342 343 345 346 348 349 351 355 358 360 361 362 363 364 365 366 372 373 374 375 378 379 381 383 384 385 387 388 391 393 395 396 398 399 400 401 405 407 409 410 412 413 418 420 421 423 426 427 428 433 435 437 438 439 440 442 443 445 446 447 449 451 452 454 455 456 459 464 470 475 477 478 479 480 483 484 486 488 489 490 491 493 495 500 504 505 506 508 513 515 517 518 520 525 526 527 528 530 531 532 533 534 535 536 538 539 541 543 546 547 551 552 553 554 555 556 560 561 563 564 567 569 570 571 572 573 574 577 578 579 580 583 585 586 587 588 589 590 593 596 597 598 599 600 601 607 609 611 612 614 617 618 619 620 621 625 626 627 628 630 631 632 633 635 636 637 638 639 641 642 643 644 645 650 651 652 655 656 657 659 662 664 665 667 669 670 673 675 677 678 679 680 681 684 685 
420: 0 2 3 4 6 9 10 11 12 13 14 18 20 24 26 27 31 32 34 35 36 37 38 39 42 45 46 47 48 49 54 55 58 59 60 61 62 65 67 68 69 71 74 75 76 77 78 79 80 81 84 85 86 87 88 89 90 92 94 95 96 98 99 100 102 104 105 107 109 110 111 112 114 115 116 117 118 119 120 123 125 126 127 128 129 130 131 132 134 135 136 137 139 141 142 143 144 150 152 156 157 159 161 162 163 171 173 175 177 178 180 181 183 184 186 187 191 192 193 194 195 199 200 201 202 203 205 206 208 209 210 211 214 215 216 217 218 219 220 221 223 224 225 227 229 230 231 232 233 234 235 236 237 240 241 243 245 246 250 251 252 254 255 256 259 260 261 262 264 265 269 270 271 273 274 277 280 281 284 286 288 289 292 294 295 296 297 299 300 302 303 304 305 306 310 311 312 315 316 319 320 321 322 323 324 325 326 327 328 329 330 331 334 335 336 337 338 339 341 342 344 345 346 350 354 355 356 358 360 361 363 364 366 371 373 374 375 376 377 379 380 382 383 386 388 390 391 392 393 394 396 399 400 401 403 405 406 407 409 410 411 412 414 415 416 418 420 421 422 423 425 428 429 430 431 432 435 436 437 440 441 442 443 444 448 452 455 460 462 463 464 466 469 471 472 473 474 475 476 477 478 479 480 483 484 485 487 488 491 492 493 494 499 500 502 504 506 508 510 513 517 518 519 520 522 523 528 529 531 532 533 534 536 537 540 541 542 543 544 546 547 548 549 550 551 552 553 554 555 556 557 558 561 562 563 565 566 567 569 570 571 576 578 581 582 583 584 586 587 590 591 592 597 600 601 602 604 609 611 614 615 616 619 622 623 624 625 626 630 631 632 633 634 637 638 639 642 643 644 646 648 651 652 653 655 656 657 659 660 662 663 664 665 670 671 676 678 681 682 684 
405: 3 6 8 9 10 12 14 15 21 22 23 24 26 27 28 29 30 31 33 34 35 37 39 40 41 45 46 47 51 52 55 56 57 61 66 67 68 69 71 72 74 76 79 80 82 83 86 89 90 91 92 96 98 99 100 103 104 105 106 109 110 113 114 115 119 120 121 122 123 125 126 127 128 129 132 134 135 137 139 141 143 144 146 147 152 154 156 157 158 159 161 163 166 169 171 173 174 175 176 177 178 182 184 185 186 187 188 189 191 192 194 195 201 203 205 206 207 208 210 211 220 226 227 228 230 231 232 233 234 235 237 239 240 241 243 244 246 247 248 249 250 252 253 254 255 256 257 259 260 261 264 265 266 267 268 270 273 274 275 276 277 278 279 280 281 283 286 289 290 291 292 295 297 298 299 300 302 305 306 307 308 311 314 315 316 317 319 324 327 328 329 330 331 334 335 336 338 343 346 347 348 349 351 352 354 355 356 358 359 360 361 362 364 371 372 373 374 375 376 377 378 380 381 382 383 384 386 387 390 392 394 395 396 398 399 400 401 404 405 406 408 413 416 417 418 420 422 423 425 426 428 429 430 431 432 438 439 440 441 442 443 446 447 448 452 453 455 456 459 460 462 465 466 469 470 471 472 473 475 476 479 482 483 484 485 486 487 488 489 494 495 496 499 502 503 505 506 508 509 510 511 512 513 517 518 519 520 521 522 523 526 527 528 529 530 531 532 533 534 537 539 542 543 545 546 547 549 550 551 553 554 555 556 557 558 560 563 564 566 569 573 574 575 576 581 582 585 588 589 591 592 594 595 596 597 599 604 605 610 611 612 613 614 615 618 619 621 623 624 626 627 630 633 634 636 637 640 642 649 650 651 652 653 654 656 657 658 660 661 662 664 667 668 669 670 671 674 675 676 678 679 681 682 684 685 
431: 1 2 4 5 6 9 11 14 15 16 17 18 19 20 21 28 29 30 31 33 34 35 37 39 40 41 42 45 47 51 52 53 54 55 56 57 59 60 64 66 67 69 70 71 72 73 74 77 78 79 80 81 82 85 86 88 90 92 93 94 95 96 97 98 99 101 102 103 105 106 107 108 109 110 111 112 113 115 116 118 123 125 127 128 129 130 131 132 136 138 139 140 141 142 143 144 145 146 147 151 153 155 156 157 158 159 161 162 163 164 166 167 168 169 170 173 174 175 176 177 178 180 181 182 183 185 186 187 190 191 192 194 195 196 197 198 201 205 207 208 209 210 211 212 214 215 216 221 222 223 224 226 228 229 230 232 237 238 239 240 241 242 243 247 248 250 251 252 255 257 258 259 262 263 264 267 268 269 271 272 275 276 277 278 279 280 281 282 283 287 289 291 293 294 296 297 300 301 302 304 308 310 312 313 315 316 317 319 320 323 325 326 329 331 333 335 336 338 340 341 342 345 346 348 349 351 352 353 354 355 356 357 358 359 360 361 362 363 365 366 367 368 369 370 371 375 377 378 379 382 385 388 389 390 391 393 394 395 396 397 399 400 401 404 406 407 409 411 413 415 417 418 419 420 422 423 424 428 430 431 432 433 435 437 438 440 441 444 445 446 447 448 450 451 452 453 454 455 456 457 458 461 464 465 466 468 469 471 473 474 479 481 484 485 486 487 488 489 491 492 494 496 497 498 501 502 503 506 508 510 511 513 514 515 517 519 520 521 522 523 525 526 527 530 531 532 535 538 539 540 541 542 543 544 546 548 549 554 557 559 560 569 570 572 573 574 575 576 578 579 580 581 582 583 585 586 588 590 592 593 595 596 598 599 600 601 604 605 607 609 610 613 614 619 620 622 623 624 626 627 628 631 637 638 639 640 643 644 646 651 652 653 657 658 659 661 662 663 665 666 667 668 669 671 674 675 677 678 679 683 684 
416: 2 3 4 5 6 8 12 13 19 20 21 25 27 29 30 32 36 38 39 40 42 45 48 51 53 54 55 56 57 60 62 63 64 65 66 67 68 69 71 72 73 75 76 77 78 79 80 81 82 83 84 85 87 89 90 94 95 96 99 100 101 103 106 107 108 111 113 114 115 117 119 120 121 122 124 125 126 127 128 132 135 136 137 138 141 142 143 144 147 148 149 151 152 153 156 159 161 162 164 165 166 168 171 172 177 178 179 181 183 184 185 187 188 190 191 192 194 195 196 197 205 206 208 209 210 215 216 217 218 221 222 224 225 226 227 229 231 232 236 237 241 243 244 245 246 247 248 249 250 251 252 253 255 257 259 260 261 263 264 265 266 270 271 273 274 278 281 282 283 284 285 286 287 288 290 291 292 294 295 296 298 299 300 303 308 310 311 312 313 315 316 317 320 321 322 323 324 325 326 329 330 332 333 334 335 337 339 340 347 348 350 352 355 356 358 360 362 364 365 367 369 370 372 373 374 376 378 379 380 381 382 384 386 387 388 389 399 400 401 402 404 405 407 409 411 414 415 416 419 422 424 426 427 431 432 434 438 439 440 441 444 447 448 450 451 452 453 454 455 456 458 459 460 462 463 464 466 468 477 479 483 485 486 487 491 492 493 494 495 496 498 499 500 501 504 505 507 508 509 510 511 512 514 517 519 520 522 523 524 527 528 529 530 532 534 536 538 539 540 541 543 544 548 550 551 552 553 556 557 559 560 561 562 563 566 567 570 571 572 575 576 577 578 579 581 582 583 584 585 588 589 590 591 595 597 598 599 600 601 602 604 605 606 607 608 609 612 613 614 615 616 617 618 619 620 621 622 623 624 626 628 630 632 633 636 637 638 639 640 646 648 651 652 654 655 656 657 658 659 661 663 667 668 670 673 674 675 676 677 678 679 680 681 682 683 684 
412: 0 3 5 7 9 12 13 14 15 17 18 21 22 23 24 25 26 27 29 30 32 35 37 38 39 41 42 43 44 45 47 49 50 52 54 55 58 60 61 65 66 67 69 70 71 72 73 74 76 78 79 80 82 85 87 90 93 94 95 96 97 100 101 102 103 108 110 112 113 117 120 121 123 124 125 126 127 128 129 132 136 137 140 144 147 148 150 152 153 154 155 157 158 160 161 162 163 164 169 174 175 176 177 178 179 180 182 183 184 186 187 188 189 190 191 194 195 197 198 200 202 204 205 209 213 214 217 218 219 220 223 225 227 228 229 233 235 236 237 239 240 241 242 243 244 245 248 249 250 251 253 254 255 257 258 259 260 261 262 263 264 266 267 268 269 270 271 272 274 275 276 278 279 281 282 283 286 289 291 293 294 295 296 297 299 302 303 304 305 307 308 310 311 313 314 315 316 317 319 322 327 328 329 330 331 335 336 339 342 343 344 345 347 350 351 353 354 355 356 358 359 362 363 365 367 368 369 370 371 372 375 376 377 379 381 382 383 384 388 389 390 391 395 396 397 399 400 401 405 406 407 408 409 410 411 412 413 416 419 420 422 424 426 428 431 432 433 435 436 439 440 441 442 448 449 450 451 453 456 458 459 460 462 465 466 468 470 471 472 474 476 478 479 481 484 486 488 489 490 493 494 495 496 497 498 499 500 502 505 507 510 511 512 513 515 516 517 518 519 525 527 528 531 532 533 535 538 539 541 543 544 545 546 549 551 552 554 559 561 564 565 568 569 570 577 580 581 583 584 586 590 591 592 594 595 596 597 598 599 600 602 603 606 609 610 611 613 615 616 617 618 619 620 621 622 623 625 630 631 632 634 635 638 640 641 643 644 648 649 652 653 654 655 659 660 661 662 666 668 669 672 674 675 676 678 679 680 681 682 683 684 685 
397: 1 4 6 8 9 10 12 15 16 17 18 22 23 26 27 29 30 31 32 33 34 35 37 38 39 43 44 45 46 47 48 49 50 51 52 54 56 57 58 66 67 68 69 70 71 74 75 76 77 78 79 83 85 89 90 93 94 97 99 102 107 110 111 112 113 115 116 119 120 122 123 125 127 128 129 131 134 135 136 140 141 142 143 144 145 147 149 150 151 153 154 155 156 158 160 161 162 163 166 167 169 170 172 173 174 176 177 178 180 183 184 187 195 197 198 199 201 202 205 206 208 209 210 212 213 215 217 219 220 221 223 224 227 230 234 236 237 238 239 242 243 244 245 246 250 251 252 253 254 255 256 258 259 260 263 266 267 268 269 272 273 274 278 279 280 281 282 283 284 285 288 289 290 291 292 294 295 296 297 298 299 302 304 306 307 308 312 313 317 318 319 323 324 326 328 329 332 333 334 335 336 337 340 341 342 343 344 348 349 353 354 355 356 358 359 360 363 364 365 366 371 373 374 376 377 379 380 381 383 384 387 389 391 394 395 399 400 402 404 405 409 411 412 416 417 418 419 423 425 426 430 433 434 437 439 441 442 445 446 447 449 450 451 452 455 458 459 460 461 465 466 467 471 474 475 477 478 479 481 483 484 487 489 492 493 495 496 497 498 500 502 504 508 509 510 511 513 514 515 516 518 519 523 524 525 526 528 529 530 534 535 536 537 541 542 546 547 548 553 554 555 556 563 564 565 566 567 569 572 575 576 577 578 579 586 587 588 590 591 593 594 595 596 597 598 599 600 601 602 603 605 607 608 614 616 618 619 621 622 624 625 627 632 634 636 637 638 639 640 641 644 645 646 647 648 649 650 651 653 654 655 656 657 658 659 663 664 665 671 672 673 674 676 679 682 683 684 
433: 3 4 5 6 8 9 11 12 13 14 17 20 21 23 25 26 27 30 31 34 37 40 41 43 44 45 47 48 50 51 53 55 56 57 59 60 61 63 64 65 68 73 78 79 81 82 83 85 87 89 90 93 94 97 98 99 100 101 102 103 104 106 107 108 109 110 111 115 116 118 119 121 123 125 131 137 140 141 143 145 147 148 150 152 153 154 155 156 158 159 160 167 168 170 171 173 174 175 176 178 179 180 182 183 184 185 186 188 189 190 191 193 194 199 200 201 202 204 206 207 210 211 213 215 216 219 221 223 224 226 227 228 229 231 233 234 235 237 238 239 240 241 242 244 245 246 248 249 252 254 255 256 257 258 259 260 261 262 266 268 269 270 273 275 276 277 279 280 283 285 286 287 288 289 290 292 293 295 296 297 299 301 304 306 307 308 309 310 312 313 314 315 316 317 318 319 321 324 325 326 327 328 329 330 332 333 335 336 337 338 339 341 342 344 348 349 350 351 352 354 357 359 361 362 364 366 367 368 370 371 372 373 374 375 377 378 379 380 381 387 389 391 393 395 397 398 401 402 404 405 406 407 408 410 412 415 416 417 418 419 420 421 422 423 424 425 428 429 432 433 434 436 438 440 441 442 443 444 445 448 449 450 452 453 454 455 459 464 465 466 467 468 470 472 473 475 482 483 484 486 487 490 493 494 495 497 498 500 501 505 507 508 511 512 513 515 517 519 521 523 525 526 527 528 529 530 531 533 535 536 537 542 543 544 545 546 547 548 549 551 552 553 554 556 559 560 563 565 566 567 568 569 570 573 575 576 578 579 582 583 586 588 590 592 594 596 599 601 602 603 604 605 606 607 609 611 612 614 615 616 618 619 620 621 622 623 625 626 627 629 630 631 632 633 634 636 638 639 640 642 644 645 646 647 649 650 651 652 653 654 656 658 659 661 662 663 664 666 667 668 670 671 672 673 674 675 676 677 680 681 682 684 685 
424: 1 3 5 6 9 10 13 17 20 21 22 24 26 27 29 30 31 32 33 36 38 39 40 41 43 44 46 47 48 49 50 51 53 55 56 57 58 59 60 64 65 68 69 71 73 78 80 81 88 91 92 94 95 97 98 102 105 106 107 108 112 113 117 119 120 121 125 127 128 129 130 131 132 133 134 135 136 137 138 141 142 144 145 146 148 149 150 151 152 153 155 156 157 158 159 160 161 163 165 169 172 174 175 176 178 179 181 182 183 184 185 186 187 188 189 190 191 194 195 196 198 199 204 206 207 208 209 210 211 213 214 216 218 220 221 222 223 224 225 226 227 229 230 234 235 236 239 240 241 242 243 244 246 247 250 253 254 255 256 258 259 260 261 262 264 265 268 269 270 273 275 277 279 280 281 285 287 288 289 291 293 294 295 296 297 299 304 305 310 311 312 313 315 316 318 319 320 321 323 325 326 328 329 332 333 334 335 337 341 342 343 346 347 350 354 355 356 358 359 361 362 363 364 366 367 368 369 371 372 373 374 375 376 377 378 380 383 384 385 387 388 389 390 392 393 395 397 398 399 400 402 404 405 408 409 410 413 416 417 418 419 421 422 423 425 427 429 431 433 436 437 438 439 442 443 446 447 448 449 450 451 453 455 456 457 460 463 464 465 466 470 471 472 475 476 477 478 479 480 482 484 485 487 489 492 493 494 496 497 500 501 502 504 505 506 507 508 509 510 511 512 514 516 517 518 519 520 521 522 524 525 528 530 532 535 538 539 540 541 543 544 545 546 547 549 550 551 554 555 557 562 563 565 566 567 569 570 574 575 578 580 581 582 583 586 587 588 589 591 592 594 597 598 599 601 603 604 605 606 608 609 611 612 614 615 616 617 619 620 621 623 624 625 626 627 629 630 632 633 634 635 636 637 638 639 641 643 646 647 648 650 651 654 657 659 662 665 668 671 673 677 678 682 683 
Days = 7
Shift constraints
2 6
2 5
1 6
0 7
1 6
3 4
true
true
Forbidden sequences = 2
3 1 
2 3 

