# Randomly generated data for the integrated task scheduling and personnel rostering problem, skilling=0,600 and tightness=0,599 seed=100800
Tasks = 729
755 845 1
483 597 4
813 913 1
615 704 5
496 561 2
780 842 2
481 525 1
643 705 3
737 769 4
514 588 2
704 791 5
685 728 2
501 545 0
740 837 0
750 834 5
990 1027 0
624 749 5
627 702 3
815 894 1
721 774 3
496 577 6
774 841 3
739 832 2
481 598 2
500 586 2
632 669 2
757 826 4
662 748 0
520 604 5
750 843 3
644 709 5
615 698 4
632 707 0
751 811 4
898 957 1
635 704 5
498 596 4
480 535 3
745 829 4
704 772 3
747 822 2
663 765 1
481 534 4
670 715 0
747 816 6
754 879 2
485 562 6
929 1011 0
707 837 0
489 576 1
830 883 1
780 861 0
598 646 2
845 919 4
762 866 3
550 633 0
555 633 1
591 691 6
480 567 0
480 577 1
657 759 3
740 868 1
804 894 1
519 568 0
758 841 5
781 859 1
741 812 6
623 702 6
621 677 6
581 684 1
484 556 5
736 807 0
755 838 1
506 591 6
622 721 0
642 745 1
793 853 2
656 751 6
483 569 5
649 721 2
925 968 1
647 709 6
483 600 5
635 694 0
839 912 4
788 822 3
557 676 0
750 800 5
624 745 6
829 887 4
700 771 3
888 962 1
710 826 0
546 615 2
736 815 4
480 568 0
767 866 2
623 755 3
767 893 5
485 561 3
534 637 4
636 667 2
591 659 3
822 901 2
535 614 3
773 820 3
857 941 2
866 965 2
730 806 6
495 573 2
493 638 4
501 574 3
740 832 2
615 735 2
668 769 4
783 893 1
501 551 6
616 715 4
754 830 3
716 802 2
861 910 1
552 622 0
820 939 3
481 532 5
614 716 3
490 612 3
709 796 5
824 913 1
863 924 0
583 664 1
622 717 6
736 823 4
619 670 4
482 570 1
501 583 5
901 965 3
883 953 0
529 659 3
735 832 6
787 906 6
644 716 2
865 961 3
972 1040 1
488 521 5
490 551 4
483 569 0
586 687 0
704 787 6
676 761 2
829 881 3
593 708 1
519 651 5
628 732 6
747 812 4
785 888 3
480 586 2
534 599 2
735 873 4
760 811 6
770 908 4
823 954 4
617 678 0
631 725 2
771 891 3
813 890 4
773 848 3
755 875 6
759 839 0
866 949 0
879 940 6
489 615 0
502 573 5
527 634 0
951 1085 0
618 708 6
831 893 3
640 683 5
791 842 6
934 1034 1
778 851 2
672 768 6
914 1016 6
504 616 0
615 704 2
568 660 0
630 715 6
541 636 5
639 721 1
757 830 5
859 982 4
769 857 5
956 1027 2
586 696 2
702 783 0
834 920 2
558 630 5
670 742 2
621 707 6
562 635 1
897 978 4
995 1083 4
698 803 4
741 861 0
881 979 4
888 1011 4
616 706 0
930 986 3
769 855 0
973 1043 1
831 933 0
722 820 6
978 1079 2
789 909 0
779 843 1
616 759 5
842 925 0
753 839 2
969 1030 1
739 811 2
639 749 1
793 879 5
812 864 5
896 977 5
626 672 4
779 898 5
1065 1134 5
981 1059 4
911 949 4
660 751 0
753 825 0
1005 1067 5
743 849 6
598 662 4
508 551 6
854 896 0
658 744 1
1079 1127 4
847 907 6
672 746 3
732 781 1
724 843 4
713 847 6
939 1009 3
933 1034 2
832 892 2
716 766 3
640 701 5
678 753 1
1019 1100 3
1049 1111 1
614 665 4
893 1027 2
640 718 2
622 703 5
1029 1115 2
580 691 0
579 630 2
831 935 6
858 958 6
669 750 1
1018 1104 3
599 667 5
484 569 3
822 894 6
621 755 2
754 828 5
611 737 5
1020 1125 4
927 997 0
844 898 0
767 797 4
761 807 6
623 769 0
685 790 4
721 816 0
670 793 4
903 973 2
856 959 2
734 774 6
818 906 0
642 683 3
552 648 4
756 819 2
580 695 2
747 807 1
578 655 5
693 839 1
860 913 0
640 720 3
817 897 4
804 891 4
653 765 6
746 816 5
999 1082 0
898 1009 5
726 807 2
792 853 6
794 885 2
943 1022 6
857 900 6
592 689 3
799 858 4
571 651 3
900 977 1
772 854 4
878 996 6
710 822 0
787 896 4
766 816 3
829 881 0
660 719 5
703 743 5
748 812 3
769 887 0
839 963 3
965 1017 4
856 951 4
908 1050 1
1135 1172 4
908 1001 0
557 657 4
909 1020 6
965 1079 4
892 986 3
750 827 1
749 840 3
837 918 1
780 840 1
485 554 2
654 726 5
791 928 3
867 950 1
632 692 1
655 765 3
855 916 6
752 826 0
750 824 5
691 748 2
942 1046 5
891 948 4
865 940 3
993 1093 3
622 676 5
876 965 2
805 881 5
698 786 2
782 874 1
715 781 5
975 1031 3
791 879 6
777 804 6
782 829 6
722 765 2
623 676 4
937 992 6
798 851 1
1143 1219 3
530 637 1
994 1105 4
1025 1105 0
929 962 5
773 844 3
954 1006 0
855 910 6
898 1024 4
694 818 0
940 1046 3
742 814 5
728 850 6
522 643 5
753 855 3
845 944 0
777 857 1
731 803 6
899 1002 4
819 954 0
883 947 6
671 767 0
1114 1215 1
621 714 6
888 947 6
843 928 5
978 1025 5
644 703 1
901 989 0
1084 1154 4
841 866 5
1045 1122 5
1087 1166 0
906 966 1
891 990 5
981 1086 1
481 586 0
897 952 6
1022 1155 1
948 1013 4
936 1043 4
601 641 6
1043 1128 4
645 694 1
568 695 0
768 829 0
838 932 5
1037 1128 1
654 741 0
854 887 5
884 992 2
767 862 5
1007 1072 6
1015 1067 0
773 816 0
617 721 6
800 886 0
741 790 4
950 1016 2
630 730 5
646 755 5
892 1002 5
554 611 6
873 951 6
492 611 3
613 674 2
738 790 3
821 897 3
703 802 1
766 862 5
726 795 6
841 958 0
711 830 5
910 1006 0
761 834 5
867 910 6
958 1088 4
650 750 5
947 1073 1
911 953 5
903 1026 0
901 943 3
819 933 1
641 715 4
952 1059 1
870 974 3
834 927 5
910 1011 6
713 804 6
598 683 0
1124 1224 4
868 934 1
1008 1113 6
817 923 0
784 867 2
671 721 3
500 576 6
800 908 6
685 744 4
1060 1156 3
982 1058 1
901 960 5
1127 1221 4
581 683 6
888 945 0
986 1115 6
756 868 6
480 544 4
819 940 6
724 820 3
1030 1124 5
953 1045 1
1004 1108 5
873 934 5
973 1072 2
695 761 0
679 794 6
547 670 3
897 997 3
1135 1188 4
1007 1078 0
1070 1162 1
753 840 6
938 1063 5
1055 1144 2
947 1006 5
548 658 4
911 1013 6
1083 1126 0
672 768 2
981 1096 1
727 834 6
791 871 4
930 989 0
761 880 2
1009 1107 4
993 1078 1
1088 1212 5
904 946 0
1039 1087 5
629 706 1
728 813 4
961 1084 3
480 592 3
957 1040 0
713 768 0
979 1077 3
819 936 2
1130 1237 5
837 929 3
813 875 6
818 872 4
1111 1226 3
599 629 3
786 880 2
1097 1164 2
760 847 1
1036 1158 3
977 1076 1
942 1036 3
1027 1065 6
1026 1112 6
778 847 0
1035 1087 4
965 1084 3
981 1063 0
1155 1243 4
951 1092 6
993 1067 0
849 931 0
761 806 0
684 751 0
804 949 1
851 980 0
1200 1238 6
748 881 4
862 944 4
1181 1243 1
810 942 2
858 943 1
717 812 4
883 948 4
869 1005 6
506 592 3
1004 1124 5
859 963 0
865 935 0
819 948 2
927 974 6
728 794 2
821 938 2
842 942 6
837 966 6
1019 1101 6
1173 1242 4
966 1033 6
663 802 4
1104 1194 6
1091 1163 4
1004 1116 6
761 824 5
1026 1106 6
1098 1159 6
1084 1180 4
1095 1218 0
951 1023 2
808 908 1
889 978 2
1001 1062 5
1027 1071 0
952 1039 3
751 862 0
816 884 3
1057 1171 2
971 1039 2
974 1035 2
826 893 3
879 992 4
794 876 2
848 925 6
855 942 3
1057 1134 3
804 899 1
838 946 2
615 690 3
796 897 6
949 1028 2
1046 1115 2
1043 1120 6
871 928 1
885 959 6
807 870 0
1056 1122 1
823 886 5
797 868 1
983 1071 1
1041 1104 3
629 675 3
576 634 2
1105 1187 1
1017 1102 6
1102 1201 6
877 947 0
772 844 5
889 948 3
1061 1181 0
770 857 6
801 863 4
873 934 2
1045 1116 6
830 902 4
941 1028 6
1069 1120 5
1032 1129 2
1193 1240 4
1111 1240 4
752 835 3
996 1036 4
874 929 5
988 1072 2
1143 1243 3
843 894 1
1031 1121 2
960 1014 2
657 731 6
1194 1243 2
501 583 2
678 769 3
734 815 3
813 864 4
1148 1214 1
1028 1101 4
1049 1120 4
1024 1079 6
974 1047 6
744 841 6
998 1099 6
929 1015 1
835 946 5
1160 1225 6
798 836 1
689 792 1
811 859 3
949 1073 3
807 884 2
1185 1241 6
1158 1229 2
1075 1168 2
941 1000 5
1118 1213 4
753 869 5
1183 1238 5
945 1072 5
804 931 3
1171 1239 0
1004 1123 0
799 872 6
1186 1237 2
686 775 1
1198 1235 1
1171 1243 2
1042 1120 0
1168 1243 0
928 991 4
772 875 1
884 950 3
1153 1218 1
814 898 5
652 775 2
837 938 5
792 876 3
984 1062 3
828 898 5
1166 1240 3
1091 1193 3
870 949 0
1067 1172 5
900 941 1
875 946 5
1168 1244 1
1158 1243 6
1017 1115 6
1017 1105 2
1001 1043 0
1017 1124 4
871 963 5
1089 1118 0
749 818 0
1143 1217 0
1021 1094 5
1142 1212 1
1093 1177 2
1082 1221 6
1008 1098 6
1056 1172 3
864 947 4
909 998 6
967 1066 1
1042 1103 5
1049 1120 0
1025 1083 2
1165 1232 4
806 926 2
945 988 5
880 949 2
895 946 1
1047 1116 0
1080 1139 6
954 1040 3
793 858 6
621 658 2
884 943 4
837 945 4
877 941 3
1117 1244 2
680 741 5
801 914 5
1017 1120 1
895 941 3
989 1081 5
1005 1119 2
747 821 3
817 945 4
817 941 5
1090 1214 1
820 919 0
1073 1204 4
904 998 5
1020 1127 0
1104 1159 1
991 1106 1
922 989 1
1016 1078 5
Shifts = 4
0 0 0 0 0 0
480 0 0 470 0 0
615 0 0 510 0 0
735 0 0 510 0 0
Employees = 40
447: 3 5 6 7 8 10 12 15 16 20 21 22 24 26 28 30 33 34 35 36 38 39 40 41 44 45 46 47 49 51 53 54 56 57 58 60 61 62 63 65 66 67 69 70 71 73 75 76 79 82 83 84 86 87 88 92 93 96 98 99 101 102 103 107 109 110 112 117 118 119 120 123 124 125 126 127 128 129 131 132 134 136 137 139 141 142 144 146 147 148 149 153 154 155 156 157 162 163 164 165 166 167 168 169 170 171 172 173 174 175 176 177 178 185 187 188 192 194 195 198 199 204 207 209 210 213 214 215 216 217 218 219 221 224 225 226 227 228 231 232 233 234 235 236 237 238 239 241 242 246 248 252 254 255 256 257 259 261 262 263 264 265 269 271 273 275 276 277 279 280 283 285 286 289 290 292 294 295 296 297 298 299 301 304 306 308 309 310 311 314 317 320 321 326 327 328 329 331 337 338 339 340 341 343 344 345 347 348 353 355 356 357 358 359 360 362 364 365 367 369 370 371 372 373 374 375 378 379 380 381 382 384 385 386 390 392 393 394 395 397 398 399 402 403 404 405 406 407 408 410 411 413 414 417 420 421 422 423 424 425 426 429 431 432 433 439 440 447 450 454 455 457 458 459 462 463 464 465 469 474 475 476 477 478 479 481 482 483 489 490 491 494 495 496 497 498 499 500 502 503 504 505 506 508 510 511 512 513 514 515 518 519 521 523 524 525 526 527 529 530 531 533 534 536 537 538 540 541 542 543 544 545 547 548 549 551 552 553 554 556 567 568 569 571 572 574 578 579 580 582 583 584 587 588 590 593 594 595 596 597 599 601 602 603 608 609 611 612 613 615 616 617 618 620 621 622 624 625 627 628 629 630 631 633 635 636 637 640 641 644 645 647 648 649 650 652 654 655 656 657 658 660 661 663 664 665 667 668 669 670 671 672 673 674 676 677 678 679 680 685 687 688 689 691 692 694 695 697 698 699 700 701 702 704 706 707 708 710 713 715 719 720 722 723 724 726 728 
445: 0 1 3 4 5 6 7 9 10 11 12 14 18 19 20 24 25 26 27 28 31 32 33 35 36 38 40 41 42 46 48 49 50 51 53 54 55 56 57 58 59 60 61 62 63 64 65 66 68 69 70 71 72 73 74 75 76 78 80 81 84 85 86 90 91 92 94 97 98 99 102 103 104 106 107 109 111 112 113 114 115 116 118 121 123 124 125 128 130 131 133 134 136 138 140 141 142 145 150 152 154 155 157 159 160 162 163 164 165 166 168 169 171 173 174 175 177 178 179 182 184 186 187 189 192 194 195 198 201 202 203 204 208 209 216 217 218 220 221 222 224 225 229 230 231 232 233 235 236 238 242 243 244 247 248 250 254 255 256 258 260 261 262 263 264 265 266 267 268 270 272 273 275 276 281 284 285 289 290 293 294 295 301 302 304 306 307 308 310 314 315 320 321 322 323 325 327 328 330 331 333 334 335 336 337 338 339 340 341 342 344 345 346 347 348 351 352 353 354 357 358 359 360 361 364 366 368 371 373 374 375 376 377 378 379 381 382 384 387 390 392 393 394 398 400 401 402 403 405 406 410 411 413 414 416 417 418 419 420 422 424 425 427 428 431 432 435 436 438 439 440 441 442 443 444 445 447 448 449 451 452 454 461 462 463 465 466 469 471 472 473 474 475 476 478 479 480 481 482 483 484 486 487 488 489 490 491 493 497 499 502 504 507 509 514 516 517 518 519 520 521 523 524 526 527 528 529 530 531 532 533 536 540 541 542 543 544 546 547 551 552 553 554 555 556 557 558 560 561 563 565 566 568 569 572 573 574 575 576 580 581 582 583 584 587 588 589 591 592 594 598 600 602 603 604 606 608 609 611 613 617 619 624 625 627 629 630 632 633 634 636 637 640 641 642 643 644 647 648 649 652 653 654 655 656 657 658 661 663 664 665 666 668 669 670 672 673 675 676 679 683 685 689 690 691 692 693 695 698 699 700 701 703 707 708 710 711 714 715 716 724 725 726 727 728 
414: 1 2 4 5 7 8 10 11 12 14 16 18 21 22 23 25 26 27 28 29 30 34 38 40 42 43 44 46 49 51 52 53 54 56 59 61 63 64 66 68 72 73 75 76 77 78 79 80 82 83 84 86 87 91 93 94 96 97 101 102 106 107 108 109 110 111 112 113 118 120 121 123 124 126 127 128 129 130 131 133 134 135 136 137 138 139 142 146 147 148 154 155 156 157 159 160 162 163 167 169 170 171 172 174 175 178 179 180 181 182 184 185 188 190 192 196 199 200 201 202 206 209 210 211 215 216 217 219 224 226 229 231 232 236 237 238 239 240 241 242 245 249 250 252 253 255 256 257 259 262 263 264 265 266 267 270 271 273 278 279 283 288 290 291 293 295 297 298 299 300 303 306 307 311 312 315 316 317 320 322 323 325 326 329 330 332 334 338 341 345 346 347 349 351 354 355 356 357 361 363 366 369 370 372 373 376 377 378 379 380 383 385 386 387 393 394 395 396 397 398 400 401 402 403 404 406 407 408 409 413 414 417 418 419 429 431 433 434 439 440 443 444 445 446 449 450 452 453 454 457 459 462 465 467 468 471 473 474 475 478 479 480 481 482 483 484 486 489 490 491 493 495 496 497 498 499 500 501 502 503 505 507 508 510 511 512 513 516 517 519 523 525 526 527 531 532 533 535 538 539 540 542 543 545 547 549 550 551 552 554 555 557 558 560 562 564 565 567 568 570 571 575 576 577 578 585 587 588 590 591 595 596 597 599 600 601 602 603 606 607 608 609 610 611 612 613 614 617 618 619 621 622 623 625 626 628 631 633 634 635 636 638 639 642 644 645 649 650 651 653 656 657 659 660 661 663 664 665 667 669 670 671 674 675 676 677 678 679 682 683 684 689 690 691 696 697 698 700 702 703 705 706 708 710 711 712 714 717 718 720 721 723 727 728 
437: 0 1 2 5 8 10 11 13 14 15 17 19 20 21 24 27 32 33 34 35 37 39 41 42 46 50 52 56 58 59 60 61 62 63 65 66 67 68 70 72 75 76 77 78 79 82 83 89 90 91 92 93 95 96 97 99 101 102 104 105 106 107 109 110 111 112 114 115 116 118 119 122 124 125 126 128 129 130 131 133 134 138 139 140 144 146 149 152 153 155 156 157 160 162 166 169 172 178 179 180 181 183 184 186 187 189 190 191 192 194 196 197 198 200 203 204 205 207 209 210 212 214 215 216 217 219 220 221 222 223 224 227 229 230 233 234 235 238 239 240 241 242 243 244 245 246 247 251 252 254 256 257 258 259 260 261 262 264 265 266 270 272 273 275 276 277 279 281 282 283 284 285 286 288 289 290 295 296 297 298 300 305 307 308 312 313 314 317 318 320 321 323 327 328 329 330 331 333 334 336 338 339 341 343 346 347 348 349 351 352 353 354 358 359 362 363 364 367 368 369 371 372 373 374 375 376 378 379 380 381 382 383 388 390 391 393 395 396 397 399 400 401 404 407 408 409 410 412 415 418 421 423 424 426 427 428 429 430 431 432 433 434 435 436 440 441 442 444 445 446 447 449 450 451 453 454 456 457 460 461 462 465 466 469 470 472 474 475 476 477 479 480 482 483 484 485 486 487 488 489 492 493 495 497 498 502 506 507 509 510 512 513 515 518 519 523 525 526 527 529 531 532 534 537 538 542 545 547 548 549 551 552 554 555 556 557 558 559 560 561 564 566 567 568 574 575 576 581 583 586 587 588 590 591 593 594 595 596 597 599 601 604 606 607 609 610 612 613 615 618 621 623 626 627 628 631 632 633 634 635 636 637 641 646 647 649 650 651 652 654 656 658 659 661 664 665 667 668 670 671 672 673 674 677 678 680 681 682 683 684 686 688 689 690 691 692 695 697 698 705 706 707 708 709 710 712 713 714 715 716 718 720 723 724 725 726 728 
427: 0 3 4 5 6 7 8 11 12 13 14 15 16 20 21 23 24 28 29 30 31 32 33 35 36 37 40 42 46 47 49 51 52 53 54 55 57 60 61 62 63 66 67 70 72 73 76 77 78 79 83 85 86 87 92 93 95 97 100 101 102 104 105 107 108 109 110 111 113 115 117 118 119 120 121 122 123 125 128 130 131 133 137 139 140 142 144 146 148 149 151 152 153 155 157 159 162 163 165 166 167 169 170 171 172 176 179 182 186 187 188 189 190 191 193 194 195 197 198 199 200 203 204 205 206 207 208 210 211 213 214 218 219 221 225 226 228 232 234 235 236 240 241 242 243 244 249 250 253 254 256 257 259 261 263 264 265 267 268 269 270 274 276 278 283 290 291 292 293 296 299 300 301 302 303 304 306 307 308 309 310 311 312 313 314 316 317 324 326 329 330 331 333 336 337 339 340 341 344 345 347 348 351 353 355 356 357 359 360 361 362 364 365 366 367 368 369 370 371 373 375 376 377 378 380 381 383 384 385 386 387 388 389 390 391 392 394 396 399 400 401 403 406 407 409 411 412 414 415 416 417 418 420 422 426 427 428 430 432 433 435 439 443 444 445 446 449 450 451 452 455 458 459 460 462 463 466 467 468 470 472 473 476 477 478 480 482 485 486 487 488 492 494 495 497 498 499 500 501 502 505 506 512 516 517 518 520 522 523 524 525 527 528 529 531 532 533 534 538 540 546 547 548 549 551 553 555 556 557 558 561 564 566 567 568 569 570 572 573 574 575 577 580 581 582 583 586 589 594 596 597 598 602 603 604 605 606 607 609 611 615 616 617 621 622 623 625 630 631 632 633 635 638 639 641 643 644 646 648 650 652 653 654 655 656 657 658 659 662 663 664 665 666 670 672 673 676 678 680 681 683 685 688 692 693 695 697 699 700 701 702 703 704 706 707 708 710 711 713 716 717 719 722 724 725 726 728 
439: 0 2 3 5 6 7 9 10 14 15 16 22 25 29 30 31 33 34 38 42 43 44 45 47 49 51 53 56 59 60 61 63 64 65 66 67 69 70 71 73 74 75 77 78 79 80 81 82 83 84 85 86 87 88 89 90 91 94 95 96 97 102 103 104 105 106 107 108 109 110 113 115 119 120 121 123 125 126 127 129 130 131 132 133 134 135 139 140 143 144 146 147 148 150 152 154 156 157 159 160 163 164 166 169 170 171 173 175 177 178 179 180 181 183 184 186 187 188 189 190 191 192 194 197 198 200 201 202 203 204 205 209 211 212 214 215 216 218 222 223 226 227 228 230 231 235 237 240 242 245 246 247 248 249 250 254 257 258 259 260 263 268 271 273 274 275 280 281 282 283 284 286 288 290 292 294 295 296 297 298 299 302 304 305 306 307 308 309 311 313 315 317 320 325 326 328 331 332 333 334 338 341 342 346 348 350 352 355 356 357 358 360 361 362 363 364 366 368 369 371 372 375 376 380 383 385 386 387 389 392 393 394 396 399 400 401 403 404 406 407 409 412 413 416 417 418 419 420 422 423 425 426 427 429 430 431 432 436 439 440 441 443 444 445 446 447 451 452 453 455 456 460 461 462 463 465 466 469 470 471 472 474 475 477 478 479 482 484 486 488 489 492 495 499 500 501 502 506 507 508 509 511 512 513 514 517 518 520 521 523 524 525 526 527 528 530 531 534 537 538 540 541 543 544 545 546 547 548 549 554 556 558 560 565 567 569 570 571 574 576 577 578 579 580 582 585 587 588 590 591 592 593 595 596 597 598 601 602 604 605 608 614 615 616 618 620 621 623 624 625 626 627 628 630 631 633 634 635 636 637 640 641 642 643 644 645 646 647 648 651 653 655 656 657 658 660 661 662 663 664 665 667 668 669 671 674 676 678 679 685 687 689 690 691 693 694 696 697 698 700 701 703 704 705 706 707 708 711 712 714 715 716 717 718 720 721 724 727 728 
435: 0 5 6 8 9 13 18 19 21 22 23 25 26 29 30 33 34 36 38 39 41 42 43 44 45 46 47 48 52 53 56 59 60 62 63 64 66 67 68 70 71 72 76 78 80 81 82 85 88 90 92 93 94 96 99 100 101 102 107 108 109 112 115 116 119 120 122 123 124 127 130 133 134 139 140 141 142 143 144 147 150 154 155 156 158 159 160 161 162 163 164 166 168 169 170 172 176 177 180 181 182 184 185 190 192 193 194 195 198 200 201 202 203 204 206 208 211 212 214 216 221 222 224 225 226 227 228 231 232 233 234 235 236 239 240 243 244 246 247 248 249 252 253 254 255 258 259 261 264 265 268 269 270 272 274 278 279 280 281 283 285 286 289 291 292 293 294 295 297 298 302 304 305 307 308 309 310 313 314 315 317 318 319 320 322 323 324 328 329 330 332 333 334 339 340 341 342 343 345 350 351 353 354 356 359 360 364 365 367 368 371 374 375 377 378 379 380 381 382 383 384 386 388 392 394 395 396 397 398 401 405 406 407 408 410 412 415 416 418 419 421 422 425 426 427 428 429 430 431 432 433 434 435 436 439 440 441 442 445 447 448 450 452 454 457 460 461 462 463 464 465 466 467 468 471 474 475 476 478 481 483 484 485 489 492 493 495 496 497 499 500 501 504 506 507 508 512 513 515 518 521 522 523 524 525 527 528 529 530 531 538 539 541 543 544 545 546 547 548 550 551 552 553 554 557 561 562 565 566 568 570 571 572 573 574 577 580 582 583 584 585 586 587 589 591 592 593 595 596 598 599 600 601 602 603 604 605 606 607 609 610 613 614 615 618 619 620 622 623 624 625 626 627 628 630 632 634 635 636 638 640 643 644 646 648 649 650 651 652 653 658 659 660 661 662 664 665 666 669 670 674 676 678 680 681 683 684 685 686 687 689 690 692 693 694 696 698 699 700 702 704 705 706 707 709 710 712 714 715 719 722 724 726 727 728 
431: 2 4 5 7 9 12 15 16 18 20 22 24 25 27 28 29 30 31 34 35 38 40 41 42 44 45 46 47 49 51 52 53 55 59 60 62 64 65 66 67 69 70 71 72 74 77 80 81 83 84 85 86 87 88 89 92 93 94 95 96 98 102 103 104 105 106 108 109 112 115 117 118 120 122 125 126 127 130 131 133 134 136 137 138 139 141 143 145 146 152 153 154 157 159 160 162 163 164 165 166 168 169 170 172 173 174 176 178 179 180 182 184 187 188 190 191 194 195 196 198 201 202 204 205 207 211 215 216 217 219 220 222 229 232 235 240 241 243 246 247 249 250 252 253 254 255 258 259 261 263 264 268 270 271 272 275 276 277 278 279 282 286 287 288 290 291 294 297 298 299 300 302 303 305 308 310 311 314 315 316 317 319 321 322 323 325 326 330 331 332 333 334 337 338 340 344 346 347 348 349 350 353 354 355 356 360 361 365 368 371 373 375 377 378 379 380 381 382 383 385 386 387 388 390 391 392 393 394 395 399 400 402 404 406 410 411 412 417 419 421 422 423 425 427 429 430 432 434 435 437 438 439 442 443 444 445 446 447 448 451 452 453 455 457 459 460 462 469 470 471 472 473 475 478 480 481 483 484 485 487 488 489 490 492 493 496 497 498 499 502 503 504 506 507 508 510 515 517 526 530 535 537 539 540 543 544 546 549 550 551 552 554 557 558 559 560 561 562 564 565 566 567 568 569 570 572 573 575 576 577 578 579 580 581 582 583 585 587 590 592 593 595 597 598 599 601 602 603 604 605 607 608 609 610 612 613 616 618 619 620 622 624 625 626 627 628 629 630 631 632 633 634 635 636 638 643 644 645 646 648 649 651 654 655 656 657 661 664 667 668 669 670 671 673 674 675 676 679 682 683 684 685 686 687 688 689 690 691 692 694 696 698 699 700 701 702 703 705 707 708 709 713 714 716 718 723 724 725 726 727 728 
433: 0 1 2 3 5 6 7 9 10 11 12 15 16 18 21 22 26 27 28 29 30 31 32 35 37 38 39 40 41 43 45 46 47 48 50 52 55 56 59 60 61 63 66 68 70 71 73 74 76 78 79 80 81 82 83 84 85 87 90 91 92 94 95 96 98 100 101 107 109 110 112 115 116 118 119 120 122 123 124 126 127 129 130 133 134 135 137 138 139 140 144 145 147 152 153 154 157 160 162 164 165 166 167 168 170 172 173 174 175 176 177 178 179 180 182 183 184 185 187 189 190 193 196 198 199 200 202 203 205 209 211 212 214 215 216 218 219 222 224 225 226 227 228 229 231 232 233 235 236 240 241 244 245 247 249 250 251 252 253 258 262 263 264 265 268 270 273 274 275 276 279 281 282 283 286 287 290 291 293 294 296 299 302 303 304 305 307 311 312 315 317 318 319 320 322 324 325 326 328 329 331 337 339 343 344 347 349 350 351 353 354 355 356 357 358 359 361 363 364 366 367 368 369 371 373 375 377 380 381 383 384 386 390 391 392 395 396 397 398 399 402 404 405 408 409 410 411 416 418 419 420 422 423 424 425 428 431 434 435 436 440 442 444 445 446 448 450 451 455 458 460 461 462 464 468 469 470 471 472 475 479 480 482 486 488 489 490 492 494 495 496 497 498 501 503 504 507 509 511 513 514 515 516 518 520 521 523 526 527 529 530 532 533 534 535 536 539 540 541 542 543 547 548 550 554 556 557 558 559 561 562 564 565 566 568 569 570 573 574 575 576 577 578 579 582 583 584 585 587 588 589 590 591 594 595 597 600 601 602 604 608 609 611 612 618 619 620 622 625 626 629 630 631 632 633 634 635 636 637 638 640 642 643 645 646 647 648 650 652 653 655 656 659 663 664 665 666 667 673 674 676 678 683 686 687 688 689 691 692 694 695 696 697 698 699 700 702 703 704 705 706 710 711 712 713 714 717 718 719 723 724 727 728 
444: 2 3 6 7 8 12 13 15 16 17 18 20 21 24 29 30 31 33 34 35 36 37 41 42 43 44 48 49 51 52 53 54 55 58 59 60 61 62 63 64 65 69 70 71 72 75 76 77 78 79 85 86 87 88 89 91 92 95 96 97 99 100 101 102 103 104 105 106 110 111 112 113 114 122 124 126 127 128 129 130 131 133 134 135 136 138 140 141 142 143 144 145 146 147 149 150 151 153 155 157 158 159 161 163 164 165 169 170 173 175 182 185 187 189 190 191 192 198 199 200 201 202 203 206 207 209 211 212 215 217 219 220 223 224 226 229 230 231 233 237 240 242 243 245 246 247 248 249 250 251 253 256 257 258 259 261 263 266 268 272 273 274 275 276 277 279 280 281 282 283 286 287 288 289 290 291 292 294 295 296 297 299 300 301 303 304 307 308 309 310 311 312 313 314 316 318 319 320 322 323 325 328 329 330 331 332 333 335 337 338 341 342 343 344 345 346 347 349 352 354 355 357 358 359 360 361 362 363 364 366 370 374 375 378 379 381 382 383 385 386 388 389 393 394 396 400 401 402 403 404 407 409 410 412 416 418 419 420 421 422 423 424 425 428 429 431 433 434 435 439 442 447 449 450 451 452 453 454 455 459 460 463 465 466 470 472 474 475 476 477 480 481 484 485 487 488 489 491 493 497 498 501 502 503 505 506 507 508 509 510 511 513 514 515 516 517 518 519 520 522 527 529 532 534 539 541 543 544 546 548 550 551 552 553 554 556 558 559 560 561 562 563 564 566 567 569 572 573 574 577 578 579 580 582 583 585 586 587 589 590 592 593 594 596 597 599 601 603 605 606 607 608 611 612 617 619 621 622 623 624 625 626 629 632 633 635 636 637 638 639 640 641 642 646 649 651 652 654 656 657 658 659 660 666 668 670 672 675 676 677 679 682 683 685 686 687 688 689 690 692 695 696 699 700 701 702 703 705 706 707 708 711 712 715 716 717 719 721 722 724 725 726 727 728 
451: 0 1 2 3 4 5 7 8 9 13 15 16 18 19 21 25 26 27 29 30 31 34 35 36 37 41 43 44 45 48 49 50 52 53 54 56 58 59 60 61 62 63 64 66 67 68 69 70 71 72 73 74 75 80 81 82 83 84 86 87 88 91 92 94 96 97 103 105 106 107 108 109 111 113 115 116 119 121 122 125 126 127 128 130 131 133 135 137 138 142 145 147 148 149 150 151 153 155 156 157 158 159 163 164 166 168 172 173 174 175 176 178 179 181 182 186 187 188 191 194 197 198 201 202 203 204 205 207 208 209 211 212 213 214 215 216 217 218 220 222 224 226 227 228 230 231 233 234 236 237 239 240 241 245 246 248 249 250 251 252 253 254 257 258 259 261 262 263 264 266 269 270 271 272 273 274 275 278 279 280 283 284 286 287 288 289 290 291 294 304 305 306 310 311 312 316 317 318 319 320 321 322 323 326 327 328 329 330 331 332 333 334 335 336 337 338 339 340 342 343 344 346 347 349 350 353 354 357 358 359 361 362 363 369 370 373 374 376 379 380 381 384 386 388 389 391 394 400 401 403 405 406 407 408 410 411 413 414 416 419 420 421 424 426 427 428 430 431 432 433 437 438 439 443 445 446 447 448 449 452 453 454 455 456 458 460 461 463 465 467 469 470 473 476 477 479 481 482 483 485 487 488 489 490 491 493 498 499 501 502 503 504 505 506 508 510 511 512 513 514 515 517 518 520 521 522 526 527 529 530 532 533 534 536 538 539 541 542 543 544 545 546 549 551 552 554 556 560 561 562 563 564 565 566 567 568 569 570 574 575 576 578 579 580 581 583 584 586 589 590 596 597 598 601 602 604 605 606 608 609 610 611 612 614 615 618 620 621 622 624 625 627 631 632 634 635 637 638 639 640 641 642 643 644 645 646 647 649 652 653 655 656 658 659 660 667 668 669 671 674 675 676 677 679 681 682 683 687 691 692 695 697 698 699 700 701 702 703 704 705 707 708 710 711 713 715 718 719 722 725 727 
452: 1 2 5 7 8 9 10 11 12 13 14 15 17 18 20 21 22 25 26 28 29 30 31 32 33 34 35 36 37 38 39 40 41 42 43 44 46 49 50 52 56 57 59 61 62 64 65 66 68 71 73 74 77 79 81 82 84 85 86 87 92 93 94 95 96 97 98 99 100 105 106 108 110 111 113 114 116 117 118 121 122 123 125 126 127 128 129 131 132 133 134 135 136 139 140 143 144 145 146 148 149 151 152 153 154 155 157 158 159 160 161 163 166 170 172 173 174 177 179 180 181 183 184 186 187 188 189 190 193 196 197 198 199 200 201 203 204 205 208 211 212 213 216 218 220 221 222 225 226 227 230 231 234 235 236 237 239 242 246 248 253 254 256 258 261 262 263 264 266 267 268 269 271 274 278 280 281 282 283 284 285 286 288 290 291 292 293 295 296 297 298 299 301 304 305 307 311 312 314 315 317 318 320 324 326 327 330 331 333 335 336 337 343 344 345 346 347 348 349 351 352 355 356 358 359 361 364 365 366 368 370 371 373 374 375 378 380 382 385 386 388 391 396 398 401 402 403 404 405 406 408 409 410 411 412 413 416 417 418 419 422 423 426 427 430 432 435 436 437 438 439 445 446 447 448 449 450 451 455 456 457 458 461 462 463 466 467 469 470 471 472 474 475 477 478 479 480 483 485 486 487 492 493 494 496 497 498 499 500 501 502 503 504 506 507 510 512 513 514 515 516 517 519 520 522 524 525 526 527 528 529 530 531 532 533 534 536 537 538 539 540 542 543 544 547 548 550 552 558 559 560 561 563 564 568 569 570 571 572 574 575 576 577 578 579 581 582 583 586 589 591 592 593 594 595 597 599 602 603 605 606 607 608 609 610 611 612 613 615 616 618 621 623 625 628 630 631 632 633 634 636 638 640 641 646 647 649 650 651 653 654 655 657 659 663 665 668 670 671 672 673 674 677 680 682 684 685 686 687 688 691 692 693 695 697 701 704 705 706 707 708 710 711 712 715 716 717 718 721 722 724 727 
449: 0 1 3 4 5 6 7 9 11 12 13 14 15 16 17 19 23 25 26 27 29 30 31 32 33 34 40 42 43 45 47 48 49 50 52 53 54 55 56 57 58 59 60 61 62 63 64 69 70 71 72 73 78 79 82 83 85 88 89 95 97 98 99 100 101 102 103 105 106 108 109 111 112 113 115 117 118 120 121 123 124 125 126 128 130 133 134 135 136 137 138 139 140 141 142 143 144 145 146 148 149 150 151 153 156 160 162 164 167 168 169 172 173 175 177 180 181 182 184 185 186 188 190 191 193 194 195 196 197 199 204 205 206 211 213 214 215 216 218 219 220 221 223 224 225 227 229 230 233 234 236 237 238 239 242 243 245 247 249 252 253 254 255 256 257 258 260 262 263 265 266 267 268 269 270 271 277 278 280 281 282 284 285 287 288 289 290 291 292 293 295 296 297 302 303 306 308 309 312 314 315 316 322 324 325 326 327 328 329 332 333 334 336 337 340 341 343 344 347 350 352 356 362 363 364 365 367 368 373 374 378 379 380 381 383 384 386 387 388 389 390 391 392 394 397 399 400 401 402 406 407 408 410 412 416 417 418 419 420 422 423 424 425 426 427 428 429 430 432 434 435 436 437 440 445 448 449 450 456 457 459 462 464 466 467 468 469 470 472 473 474 475 476 478 479 482 485 489 491 492 493 494 495 496 497 498 500 503 504 505 506 507 508 509 514 518 519 520 521 523 525 526 529 532 533 534 535 536 537 539 540 541 542 545 546 547 548 549 550 551 552 553 556 557 559 560 561 563 564 566 567 568 569 570 571 572 573 574 575 576 577 578 581 583 586 587 589 590 591 593 594 596 597 598 599 601 604 605 606 608 611 613 615 616 617 618 619 620 621 622 623 624 626 627 630 631 632 633 634 636 637 639 640 641 643 645 647 648 651 652 653 656 657 658 663 666 667 668 669 670 673 675 677 678 679 680 682 684 685 686 688 689 691 692 694 699 700 701 702 704 707 709 715 718 720 721 725 726 727 
439: 0 1 4 5 7 9 11 12 14 15 16 17 18 19 20 22 23 24 25 26 27 28 29 30 31 32 34 38 39 40 42 43 44 45 48 49 51 52 56 57 58 59 61 62 63 67 68 69 74 76 78 79 81 84 86 89 102 104 105 106 107 109 112 113 114 115 118 120 121 122 124 128 133 135 139 141 142 143 145 146 147 148 150 152 153 154 156 157 159 160 162 163 166 167 168 169 171 173 174 175 176 177 178 179 180 181 182 183 184 185 186 190 191 192 193 194 195 197 200 203 204 206 207 209 210 211 213 215 216 217 218 219 220 221 222 224 225 226 227 230 231 232 234 235 236 237 240 241 243 245 247 248 249 251 254 259 260 263 264 265 267 268 269 270 271 273 275 277 279 280 281 283 284 285 286 287 293 296 297 299 300 301 303 304 310 311 312 314 316 318 321 323 324 328 329 330 331 334 335 337 340 342 343 346 348 350 351 352 355 356 357 360 361 362 363 365 366 367 371 372 373 375 376 378 381 382 383 384 385 386 392 393 394 395 396 397 398 399 400 401 402 405 406 407 408 409 411 412 414 418 422 423 424 425 427 428 430 432 433 434 435 437 439 441 444 448 450 451 452 453 455 456 457 460 461 463 465 467 468 469 470 471 473 474 476 477 478 482 483 484 488 490 491 492 493 494 495 499 500 501 502 503 504 505 506 507 509 511 512 513 514 516 517 519 522 524 526 527 528 532 535 536 537 539 540 541 542 543 544 545 546 550 552 553 554 555 556 558 561 562 563 566 567 570 572 573 574 577 578 579 580 581 582 583 585 586 588 590 591 595 599 600 601 603 607 610 614 615 616 619 620 621 623 625 627 628 630 632 633 635 637 640 641 642 643 644 645 646 647 648 649 651 652 653 656 657 658 659 660 663 665 666 667 668 671 672 673 676 677 680 681 682 688 692 693 694 695 696 699 700 701 702 703 704 706 708 709 710 712 713 714 715 716 717 718 719 725 727 728 
424: 0 1 2 3 4 5 8 9 10 13 14 16 17 18 22 23 24 25 27 30 31 32 33 34 35 36 37 38 39 40 41 42 43 44 47 51 53 54 55 56 57 59 60 61 63 64 67 69 75 76 77 78 81 82 83 85 89 90 91 93 96 97 99 100 101 102 103 105 106 107 108 109 110 113 114 116 117 118 121 122 123 124 125 130 131 132 133 134 135 136 138 142 143 144 146 147 148 149 150 152 153 154 160 161 166 170 172 173 175 176 179 180 183 184 186 187 188 189 190 191 195 197 198 199 202 204 205 208 209 210 215 217 218 219 220 224 225 227 228 229 230 234 235 240 241 242 245 246 247 248 251 252 253 255 256 258 259 260 261 262 271 272 273 274 276 277 278 281 282 285 287 288 289 291 294 299 300 301 302 303 304 306 307 308 311 312 316 317 320 322 323 326 327 329 333 334 335 336 338 339 340 342 344 345 349 352 353 354 355 358 359 360 361 362 363 364 365 366 367 368 369 370 371 374 377 378 379 381 382 383 384 386 388 389 390 391 392 393 395 397 399 400 404 407 408 411 413 417 419 420 422 424 425 429 430 431 432 434 436 440 442 443 444 445 447 448 450 452 453 457 459 463 464 465 466 467 470 471 475 476 478 479 481 483 485 486 487 488 491 492 493 495 497 499 501 502 504 505 507 508 509 511 512 513 517 520 523 526 530 532 533 534 535 537 538 539 542 544 545 548 549 552 555 556 558 560 562 564 565 571 572 573 574 575 576 579 583 584 586 594 597 600 602 606 607 608 609 610 611 612 613 617 618 620 621 622 626 627 629 633 635 637 639 641 642 643 644 645 648 649 650 651 652 653 654 655 658 659 660 661 662 663 664 668 672 674 675 676 677 679 680 681 682 683 684 685 686 688 691 693 695 696 698 701 702 704 706 707 708 709 711 713 716 717 718 719 721 722 723 724 725 726 727 728 
439: 1 2 3 4 5 7 11 12 13 15 16 19 20 22 23 25 27 28 30 32 33 35 37 40 42 44 45 47 48 52 53 54 56 57 58 59 61 63 64 65 66 67 68 70 71 72 74 75 76 77 78 81 83 84 88 89 90 91 92 96 97 99 100 101 103 104 106 107 108 111 112 115 116 117 123 124 125 126 127 129 131 133 134 136 138 139 142 144 147 148 149 150 152 154 155 157 158 159 160 162 163 164 165 166 168 172 173 176 177 178 182 183 184 185 187 189 191 192 194 195 196 199 200 202 204 205 207 208 210 214 215 217 218 220 221 222 224 227 228 230 232 235 238 239 240 242 243 245 247 249 250 251 252 253 255 257 261 262 264 265 266 269 272 274 276 277 278 279 280 281 282 285 288 290 292 294 295 296 297 298 299 302 304 305 308 309 312 313 314 315 317 319 320 321 322 324 325 329 330 333 334 335 336 337 339 340 341 342 343 345 346 347 348 349 350 351 352 353 354 356 358 359 360 361 364 365 366 369 371 372 373 374 375 376 379 380 382 383 385 386 387 389 390 391 395 397 400 402 403 404 405 406 411 414 415 416 417 419 420 422 428 429 431 433 436 437 442 443 444 445 446 447 448 449 452 453 455 456 457 458 459 460 461 462 463 465 466 467 468 469 473 476 477 478 479 481 482 484 485 486 487 488 490 492 493 495 498 499 500 503 504 505 506 508 511 512 513 514 515 517 519 520 522 523 524 525 527 528 530 531 535 536 537 539 540 541 542 546 549 550 552 553 554 559 561 563 565 566 567 568 570 571 572 573 574 575 576 577 579 590 591 592 595 596 597 598 599 600 601 602 603 607 608 609 610 611 615 616 617 618 619 621 623 624 626 629 630 631 632 634 639 643 645 646 647 649 650 651 653 654 655 656 657 659 664 665 666 667 668 669 672 673 679 680 682 683 684 685 686 688 689 690 693 694 695 696 698 700 701 702 703 712 714 719 723 724 726 727 728 
439: 0 4 5 6 7 8 9 11 13 15 16 17 18 19 21 23 24 25 26 28 29 33 34 35 37 39 43 44 46 47 49 51 53 54 55 56 58 60 61 62 63 64 67 69 71 73 76 77 78 79 80 82 84 86 87 88 97 98 100 102 103 104 105 106 107 110 111 112 113 114 115 116 119 120 123 125 127 129 131 132 133 135 137 139 140 142 144 146 148 149 152 155 156 157 158 161 162 164 167 168 169 171 173 176 178 180 182 185 186 190 191 194 195 197 198 199 200 201 202 203 204 206 207 209 211 212 214 217 218 221 224 225 226 228 229 230 231 235 236 239 241 247 248 249 250 251 252 253 255 257 258 260 262 263 264 265 266 268 270 271 272 273 274 276 277 278 279 283 286 289 292 293 296 298 299 300 301 302 303 304 305 306 308 309 310 312 313 315 316 319 320 321 322 323 324 325 327 329 331 332 333 337 340 341 342 343 344 346 349 351 353 354 355 359 362 363 367 368 372 373 374 376 380 385 388 389 390 391 392 394 395 398 400 406 407 408 410 411 412 413 414 415 416 417 418 419 422 426 427 428 429 431 432 434 435 436 437 438 439 440 442 443 444 448 449 451 452 455 457 458 459 460 461 463 465 466 471 472 475 476 477 479 482 484 485 486 487 488 489 490 492 493 495 497 498 500 502 503 504 505 506 507 508 509 511 512 513 516 518 519 520 521 522 524 525 527 529 533 534 536 537 539 541 542 543 544 545 546 548 549 551 552 554 557 560 562 563 564 565 566 567 568 569 572 573 574 575 576 579 580 581 582 584 585 586 589 591 592 593 594 595 597 598 599 604 605 606 607 608 609 611 614 619 620 621 622 624 625 627 630 634 636 640 641 642 643 646 647 648 655 656 657 659 661 663 666 667 668 671 672 673 674 675 676 678 679 680 681 682 683 686 687 688 689 691 692 693 694 695 696 698 699 700 702 703 705 706 707 708 711 712 714 716 718 719 720 721 722 725 
443: 1 2 4 6 7 8 9 11 12 13 14 15 17 21 24 25 26 27 28 29 30 31 32 34 36 38 39 42 44 45 46 49 50 55 57 58 60 64 65 67 68 69 72 74 76 79 80 86 88 90 91 94 96 100 101 102 103 104 105 106 108 109 110 111 112 114 115 116 118 119 120 122 123 124 127 130 131 132 133 134 135 136 138 139 143 145 146 147 149 150 151 152 154 156 157 158 159 162 164 167 169 170 171 172 173 175 176 177 179 181 182 183 185 186 188 189 190 192 195 196 197 200 201 202 203 204 205 206 207 208 212 213 215 217 220 223 225 227 228 229 232 233 234 236 237 238 241 242 243 244 245 247 251 252 253 254 258 259 260 261 262 263 264 265 267 268 269 270 271 273 274 275 276 277 278 279 282 283 284 286 287 288 290 291 292 293 296 298 299 301 302 303 308 310 311 312 313 315 316 317 318 320 321 322 323 324 326 327 331 332 334 335 336 339 340 341 342 343 345 347 349 350 352 353 358 360 361 362 364 366 367 369 370 371 375 376 377 379 380 381 382 384 385 387 389 390 391 395 397 399 400 401 403 404 406 407 408 409 411 412 413 414 417 421 423 425 426 427 428 429 430 431 432 433 434 436 437 440 441 442 443 446 450 452 454 455 456 457 458 460 462 464 465 466 467 469 470 472 474 476 478 479 481 482 483 484 486 488 492 493 495 497 498 499 502 503 504 509 510 511 512 515 517 518 519 521 522 523 524 525 528 529 530 531 534 535 538 539 540 541 542 543 544 546 549 551 552 554 556 559 561 563 564 566 567 568 570 572 575 576 577 578 579 580 581 582 583 584 585 586 588 590 592 595 597 599 601 602 604 605 607 608 610 611 612 614 618 619 621 622 623 624 625 626 630 631 633 634 636 640 641 642 645 646 647 648 649 650 651 652 653 654 657 658 662 669 675 682 683 684 687 688 689 690 692 696 697 699 700 702 703 705 707 708 709 712 713 717 721 722 723 725 727 
445: 0 1 2 3 4 5 6 7 8 10 12 14 15 16 17 19 21 24 25 26 27 28 33 34 35 37 38 39 40 41 43 45 48 49 52 54 57 58 59 60 61 62 63 65 66 67 68 71 73 74 75 76 77 78 82 84 85 87 88 92 94 96 97 98 99 100 101 102 104 105 106 107 108 110 111 113 114 116 117 118 119 126 127 128 130 131 132 133 135 136 140 143 144 145 147 148 150 151 153 154 155 157 158 161 165 166 168 170 171 172 173 174 175 176 177 178 179 180 181 182 184 185 191 193 195 196 197 200 201 202 204 207 208 209 210 211 213 214 217 220 222 224 225 226 227 231 233 236 237 239 240 243 244 245 246 248 249 251 252 253 254 255 257 259 260 263 266 268 270 271 273 275 276 277 278 281 284 285 288 289 290 293 294 298 299 302 303 307 308 309 311 312 313 314 315 316 319 320 322 323 324 326 327 328 329 333 335 336 337 341 343 346 347 348 349 352 354 355 358 359 362 363 365 366 368 369 371 374 375 377 379 380 382 384 385 388 389 391 392 393 394 395 396 399 400 402 403 404 409 413 414 415 416 417 418 419 422 425 426 427 429 430 431 432 433 437 438 439 440 441 442 443 444 447 448 449 450 456 457 458 460 461 463 464 465 467 469 470 471 473 474 475 477 478 479 480 481 482 483 484 486 487 488 489 491 492 493 495 497 498 499 500 501 505 506 507 509 510 512 513 514 515 519 521 522 523 524 525 526 527 528 529 530 531 533 536 538 539 540 541 542 543 544 545 546 547 548 549 550 552 556 559 560 562 564 567 568 569 571 573 574 575 577 578 583 585 586 588 589 592 594 595 596 599 600 601 604 605 607 608 610 612 620 623 626 628 629 630 631 632 633 634 635 636 637 642 644 645 647 649 651 653 654 655 658 659 660 664 665 668 672 674 675 677 679 681 682 683 684 685 687 688 689 690 691 692 698 699 700 702 703 705 709 711 712 713 714 717 718 719 720 721 724 725 728 
437: 0 6 7 8 13 14 15 16 17 20 21 22 23 25 26 27 29 30 32 33 37 38 39 40 41 44 45 46 47 48 49 51 52 53 54 56 59 64 65 66 67 68 69 72 73 74 75 76 77 78 79 80 82 83 85 86 87 88 90 91 92 95 96 98 99 100 102 103 105 106 108 109 110 113 114 116 117 119 120 122 124 126 127 128 130 133 134 137 141 142 143 144 145 147 150 151 152 154 155 158 159 165 168 169 170 171 172 173 174 176 177 178 179 181 184 185 189 190 191 192 193 195 196 199 200 201 202 203 204 206 213 216 217 219 220 223 224 225 226 227 228 230 231 232 233 236 237 238 239 240 241 243 245 246 247 248 249 250 251 253 254 256 257 262 263 264 265 266 267 271 272 273 274 275 276 279 280 282 284 287 290 292 296 298 299 301 302 305 307 309 310 311 312 315 317 319 320 322 323 324 325 326 332 333 335 336 337 338 339 341 342 347 348 353 354 355 356 357 359 361 362 363 364 365 371 373 376 379 380 383 384 385 386 387 388 389 390 391 392 393 398 399 401 402 403 405 407 409 411 412 414 416 417 418 420 421 422 423 424 425 426 427 429 430 432 433 434 438 440 442 444 446 447 448 449 450 453 454 455 456 458 463 464 466 467 468 469 470 471 472 473 476 477 481 482 484 485 486 488 489 490 491 492 493 494 495 497 499 500 502 503 504 505 508 509 510 514 515 516 517 520 522 523 525 526 528 530 532 534 535 538 539 540 542 545 548 551 554 558 560 561 562 563 565 568 569 570 576 577 578 580 581 584 585 588 589 591 594 596 598 601 602 603 604 606 607 608 610 612 613 615 617 619 622 623 625 626 627 628 630 631 633 634 635 636 637 638 639 640 642 643 647 649 650 651 652 653 655 656 658 659 660 662 663 664 665 667 669 672 675 676 678 679 680 681 684 687 688 689 690 693 697 698 699 700 701 704 705 709 710 711 713 718 721 722 723 727 
438: 2 4 5 6 7 9 10 14 16 20 21 23 25 27 29 30 33 34 36 37 39 40 41 42 45 46 50 51 53 55 57 58 59 60 63 64 66 68 69 70 71 72 73 74 77 78 80 82 83 85 89 92 93 95 97 98 100 101 102 103 106 107 109 110 111 112 113 114 118 119 121 122 124 126 127 128 129 130 131 133 134 135 137 138 140 145 146 148 150 152 153 154 158 161 162 163 164 165 166 167 169 170 171 173 174 176 177 180 183 185 186 188 190 192 193 195 196 197 199 200 203 205 206 207 208 210 211 212 213 214 215 217 218 220 224 225 228 232 234 235 236 239 240 242 243 244 247 249 251 252 255 256 258 260 262 263 264 265 266 267 268 271 272 275 276 277 283 284 290 291 292 293 295 296 297 298 301 302 304 305 307 309 312 314 316 317 318 319 320 321 323 324 325 326 327 330 333 334 336 337 338 339 345 346 348 350 351 352 354 356 357 358 360 361 362 363 364 366 368 369 370 371 374 376 377 379 381 382 383 385 386 387 388 390 391 392 395 397 398 400 403 406 408 411 412 414 415 417 418 420 421 424 426 428 430 431 433 434 436 437 439 440 442 443 445 446 447 452 453 454 455 456 458 459 461 462 464 466 467 468 471 472 474 475 477 478 479 481 482 483 484 485 486 489 491 493 494 496 497 499 501 502 503 505 506 507 508 510 511 512 514 515 516 517 518 520 521 524 525 526 527 529 530 531 532 533 534 537 539 540 542 547 548 549 550 551 552 556 558 559 560 561 562 563 564 566 567 569 571 572 573 575 577 580 581 582 583 584 585 587 588 589 591 594 598 600 602 603 605 608 609 611 612 614 619 620 621 623 624 625 626 627 632 635 636 638 639 640 643 644 645 647 649 650 652 653 654 655 656 658 660 661 664 668 670 672 673 674 675 676 677 683 684 685 686 687 690 692 693 694 696 698 699 702 703 706 707 708 710 711 713 718 719 721 724 725 726 728 
434: 1 3 4 7 9 11 12 13 15 17 18 19 22 23 24 25 26 27 30 31 32 33 34 39 42 43 45 48 50 52 58 60 62 65 66 69 70 73 74 76 78 79 80 81 82 84 86 87 88 89 90 91 92 93 98 99 100 101 102 103 105 107 108 109 110 111 112 113 114 115 117 121 122 124 126 130 131 133 135 136 138 141 143 144 149 150 151 153 154 155 157 158 160 161 164 167 170 171 172 174 175 177 178 179 181 182 184 185 186 189 190 191 192 194 195 196 197 199 200 202 203 206 207 209 211 212 213 216 217 218 219 221 223 224 226 231 234 237 239 241 243 244 245 246 254 256 258 261 264 269 270 271 276 277 278 280 281 282 285 286 287 288 293 296 299 300 301 302 303 304 305 306 307 308 310 312 315 316 317 318 319 322 324 325 326 328 330 332 333 334 337 339 341 342 344 346 349 352 353 355 356 358 359 362 363 364 369 370 371 372 375 376 377 379 380 381 382 383 384 385 386 389 391 392 393 394 397 398 399 400 402 407 409 410 412 413 414 415 416 417 420 422 424 425 426 428 430 431 432 433 434 435 436 438 439 440 441 442 443 444 446 447 448 449 450 453 454 455 457 458 459 460 461 465 466 467 469 470 471 472 474 475 476 477 479 482 484 486 488 489 490 491 492 493 494 495 496 497 500 501 503 504 506 510 511 512 514 515 516 517 518 520 521 522 525 526 528 529 530 532 535 536 539 540 541 542 543 544 546 547 548 549 551 553 555 556 558 560 561 562 565 567 570 571 572 573 575 578 581 583 584 586 587 591 595 596 598 599 600 602 606 609 610 611 612 614 615 616 617 618 620 624 625 628 629 630 631 632 633 634 637 638 639 642 643 644 646 647 650 651 653 654 655 660 661 665 666 667 668 671 674 677 679 680 681 682 683 685 686 687 691 697 698 700 701 702 703 704 705 706 707 709 711 713 714 715 717 718 719 720 721 723 724 725 
424: 0 2 5 7 8 10 15 16 17 18 20 21 23 25 27 31 32 34 37 39 41 42 43 45 46 47 48 53 54 55 58 60 64 67 69 73 75 76 77 78 79 81 82 83 84 85 86 88 89 90 94 95 97 99 103 104 105 106 108 109 110 113 116 117 118 119 122 123 124 126 130 132 133 134 136 137 138 142 143 145 148 150 151 158 160 161 162 163 167 168 170 171 172 176 177 178 179 180 182 183 184 185 187 189 190 193 194 195 196 197 200 201 203 205 206 209 210 211 212 213 215 216 217 219 220 221 222 223 225 226 227 230 232 233 235 236 237 239 240 242 243 244 245 246 247 248 249 250 251 252 254 255 256 258 260 261 266 267 268 269 273 274 276 277 279 282 283 284 285 286 288 289 290 291 292 293 294 302 303 304 307 308 310 311 312 313 314 316 318 319 320 322 323 324 325 329 333 334 335 337 339 340 344 346 347 349 351 352 353 354 357 358 360 362 363 365 366 368 371 372 376 377 378 379 380 382 383 386 387 388 389 390 391 394 395 398 401 402 403 404 405 406 407 409 410 413 414 416 419 420 421 422 425 428 429 430 435 441 442 444 446 447 449 450 451 452 455 457 458 459 460 461 462 463 465 466 467 468 471 472 473 474 477 478 479 480 482 484 485 488 489 490 491 494 496 498 500 501 502 504 508 510 511 513 514 515 516 517 518 521 523 524 525 526 529 531 537 540 542 543 547 548 549 550 552 555 556 557 558 560 562 563 566 567 569 570 572 576 577 578 580 581 582 584 585 587 588 590 592 594 596 599 600 603 604 605 606 608 610 612 613 614 617 618 620 622 624 626 627 636 637 638 646 647 648 651 652 653 655 656 657 660 661 662 663 669 670 671 672 673 674 675 676 679 680 684 685 686 688 690 693 694 695 696 697 699 701 702 703 705 706 707 708 712 713 714 717 718 720 721 724 725 726 728 
435: 0 1 6 9 10 12 13 14 15 16 17 19 21 23 24 25 27 28 30 32 34 35 38 39 42 43 44 45 46 51 52 53 55 56 57 58 62 63 66 68 69 72 74 75 78 79 83 84 85 86 87 91 92 93 95 97 100 103 104 105 109 111 112 113 114 115 116 118 119 121 123 124 129 130 132 133 134 135 137 138 139 140 142 143 144 149 153 156 157 158 159 163 164 165 166 167 168 169 170 172 174 175 176 177 178 182 183 186 187 188 189 191 193 194 195 196 197 200 201 203 204 205 206 210 211 213 214 217 220 221 223 225 226 227 230 231 232 233 237 238 239 240 241 242 243 244 247 248 249 250 251 252 253 254 258 259 260 262 263 266 268 269 270 271 272 273 274 275 276 277 278 279 280 281 283 284 285 289 290 293 294 298 301 304 305 307 308 309 310 311 312 313 314 315 316 320 321 326 329 330 331 332 333 335 336 341 342 343 345 346 348 349 350 351 353 354 356 358 359 360 362 366 368 369 372 375 377 378 380 381 382 384 385 386 387 388 389 393 396 397 398 399 400 401 403 404 405 406 407 409 410 412 416 418 419 420 422 423 424 425 429 431 432 434 435 436 437 438 439 441 445 447 449 450 451 452 453 455 458 462 463 465 467 468 469 470 471 472 473 474 475 477 478 479 480 482 486 488 489 490 492 494 496 497 498 499 502 505 506 508 509 512 514 515 516 517 518 519 521 522 523 525 526 528 529 530 531 532 535 537 538 539 541 542 545 546 547 548 550 554 555 556 558 560 563 564 566 568 571 574 576 578 580 581 582 584 589 591 592 595 596 597 598 599 600 601 603 605 606 609 610 611 614 616 617 618 619 621 624 626 629 630 633 634 637 638 639 640 641 642 643 645 646 648 651 654 656 657 659 660 668 672 673 674 675 676 678 679 680 681 682 683 685 686 688 689 692 694 695 697 703 705 706 710 712 713 715 716 717 718 721 722 723 725 726 
459: 1 2 3 4 6 7 8 9 10 11 13 16 17 18 20 23 25 26 27 28 29 30 31 33 35 36 43 44 45 46 49 51 53 54 55 60 61 62 65 66 68 70 72 73 74 75 77 78 79 80 81 83 85 86 87 88 89 90 93 95 96 98 99 100 102 104 105 106 107 109 110 112 113 114 115 116 119 121 122 123 126 128 129 131 132 133 134 136 138 139 140 145 147 148 151 154 158 161 166 167 168 170 171 172 173 178 181 182 183 184 186 187 189 190 192 197 198 199 203 204 205 206 207 208 209 210 212 215 216 218 219 220 225 226 227 228 232 234 236 238 239 240 241 243 244 246 247 248 250 251 253 254 259 260 262 263 264 266 267 268 270 271 272 273 276 277 278 281 282 284 285 287 289 290 291 292 293 294 295 298 300 301 302 305 306 311 316 317 318 319 320 321 322 323 324 326 328 330 332 333 334 335 336 339 340 341 342 343 344 345 347 349 350 351 353 354 355 357 358 360 361 363 366 367 368 370 371 372 373 374 375 377 379 380 381 382 383 386 388 389 390 391 392 393 394 395 396 397 398 401 403 406 407 410 411 412 413 417 419 420 424 425 426 428 429 430 431 433 435 436 437 438 442 443 445 446 447 448 449 450 452 454 455 456 457 459 462 463 465 467 470 472 473 474 475 477 478 479 480 482 486 488 490 491 492 493 494 495 498 499 500 501 502 505 507 510 511 513 514 515 516 517 520 521 522 523 524 525 527 528 529 530 531 533 535 536 538 539 541 544 545 546 547 550 552 555 556 558 560 562 563 564 567 568 570 571 572 573 574 575 577 578 579 580 581 582 583 584 586 587 588 589 590 591 593 595 596 597 600 603 605 606 608 609 610 612 615 616 618 619 620 621 622 625 626 628 629 630 631 632 633 635 636 638 639 640 641 643 648 650 651 653 654 655 656 657 658 659 660 661 662 663 664 665 666 667 670 671 672 676 677 678 679 681 684 687 688 690 691 692 693 694 695 699 700 703 706 707 708 711 713 715 716 718 721 722 723 724 728 
424: 0 2 3 4 9 10 11 12 15 17 18 19 22 26 28 30 31 32 33 35 37 40 41 43 44 46 48 49 52 56 57 58 60 63 66 67 71 73 74 75 76 77 78 84 85 86 89 90 91 92 93 95 97 98 100 101 102 106 109 110 111 112 113 115 122 124 125 126 128 129 130 132 133 134 137 140 141 142 144 147 148 151 152 154 155 157 158 160 163 166 169 170 171 172 173 174 175 177 180 181 184 185 186 187 188 189 191 193 195 199 200 201 202 205 208 209 212 214 215 218 219 220 222 224 225 226 228 229 230 231 232 233 235 236 237 238 239 241 242 246 248 249 252 253 255 256 258 259 261 262 263 264 265 266 267 268 269 270 273 275 276 277 278 280 281 282 284 288 290 291 293 294 295 296 298 300 301 302 304 306 308 310 311 312 314 315 317 320 321 322 323 325 326 328 332 333 335 336 338 339 342 343 345 346 347 350 354 356 357 358 362 363 367 372 374 375 377 382 383 384 386 389 390 391 392 393 394 395 397 399 401 405 406 409 410 411 412 413 416 417 420 421 422 424 427 428 429 431 435 437 438 439 441 444 447 448 450 451 453 454 455 456 457 458 459 460 462 463 466 467 468 469 470 471 472 475 476 479 480 481 483 487 489 490 492 493 495 496 497 498 500 502 503 505 506 507 508 509 510 512 519 522 524 527 530 531 532 535 537 538 539 540 541 542 543 547 549 550 552 553 554 555 556 557 558 563 564 566 567 568 570 571 572 573 575 576 578 580 581 582 583 587 590 594 596 597 599 600 601 603 605 607 609 610 614 620 621 622 623 624 627 628 630 631 634 636 638 639 640 641 644 645 647 648 649 652 653 654 655 656 657 659 661 664 665 666 667 668 669 670 673 678 679 683 684 685 687 688 689 691 694 695 697 698 699 700 703 704 705 706 708 709 713 714 716 717 719 722 723 724 725 726 727 728 
426: 4 6 7 10 11 12 13 14 16 17 19 20 22 23 24 25 28 30 31 32 34 35 36 37 39 40 42 45 47 48 49 53 54 55 57 58 59 61 62 63 64 69 71 72 73 74 76 77 78 79 80 82 83 84 90 92 95 96 99 104 109 110 112 113 116 117 118 120 121 123 124 125 128 129 131 132 133 134 135 136 138 139 140 141 142 144 149 150 151 153 160 162 163 164 166 167 168 169 170 171 172 173 175 178 180 181 182 184 187 188 189 190 192 196 199 200 203 208 213 215 216 217 218 219 220 223 225 228 229 230 234 235 237 238 241 244 245 246 247 249 251 252 254 255 257 258 259 262 263 265 268 269 273 278 281 284 285 287 288 289 295 296 299 300 301 302 303 305 306 310 311 313 314 316 317 319 320 321 322 324 325 327 329 330 331 332 333 334 335 336 337 338 340 341 344 345 346 349 350 351 353 355 357 360 361 362 365 366 367 369 370 371 372 373 374 377 378 379 381 383 384 387 388 389 391 392 393 394 397 398 399 401 403 405 406 407 408 409 413 415 417 419 420 421 424 426 428 430 432 433 437 439 440 441 442 443 444 445 446 447 448 450 453 457 459 460 466 469 470 471 472 473 477 478 481 482 483 485 486 489 490 493 494 496 498 499 500 503 504 505 506 507 509 511 514 515 516 517 519 521 522 523 524 525 526 527 528 529 531 532 533 536 538 539 540 541 543 544 545 546 547 548 549 550 551 554 555 556 557 558 559 560 563 565 566 570 571 574 575 576 578 579 580 581 585 586 588 591 597 598 599 601 606 608 609 610 614 615 616 617 621 623 625 626 627 629 630 631 632 634 637 639 640 643 644 645 646 648 649 652 654 655 656 658 660 662 663 664 667 668 673 674 675 676 678 680 681 682 683 684 685 687 689 692 693 697 698 699 701 702 708 709 710 711 712 713 715 716 717 718 720 722 723 724 725 726 
441: 2 4 5 7 8 9 11 13 14 15 16 18 19 21 22 23 24 26 27 28 29 31 32 34 36 37 38 39 40 41 42 43 44 45 48 51 52 54 56 57 60 62 63 64 65 66 67 68 69 71 73 74 75 77 79 82 83 84 88 89 92 97 100 101 102 103 104 106 107 110 111 115 116 119 120 121 122 123 125 126 127 128 129 130 131 133 135 141 142 143 144 145 147 148 149 150 152 154 155 157 160 162 163 164 165 166 169 170 171 173 175 176 177 178 179 180 182 185 186 188 190 191 192 194 195 196 198 200 201 205 206 207 209 210 211 212 214 215 218 220 221 223 224 225 226 227 232 233 235 236 237 238 242 243 247 248 250 252 257 258 262 263 265 266 267 270 273 274 276 277 279 280 281 283 284 285 286 287 290 291 292 293 294 295 296 298 300 304 308 309 310 311 315 317 318 319 320 323 324 327 328 329 334 337 339 340 342 343 344 345 346 348 350 351 352 354 356 357 359 361 364 365 366 367 368 370 374 375 376 378 379 380 382 384 385 387 388 390 391 392 393 397 398 399 406 408 412 416 417 419 420 421 425 428 429 431 433 437 441 442 444 446 447 448 450 451 454 455 457 458 459 460 461 462 464 465 467 469 470 471 472 473 474 475 477 478 480 482 483 484 486 487 488 489 490 491 492 493 495 497 501 502 505 506 508 511 512 516 518 519 520 522 523 524 526 527 528 530 532 533 535 536 537 539 540 541 543 545 548 549 550 554 555 558 559 560 562 563 564 568 571 572 573 574 575 577 581 582 583 586 587 588 589 591 593 594 595 596 597 598 600 601 604 607 608 609 610 611 612 613 614 616 617 619 621 623 626 629 630 633 636 639 640 641 642 643 644 646 647 648 650 651 652 653 657 662 663 664 667 669 670 671 672 673 674 677 679 680 681 683 684 685 686 687 688 689 691 693 696 697 698 702 703 704 705 707 709 711 712 713 714 715 716 717 721 722 723 725 726 727 728 
425: 1 3 4 8 9 11 12 13 14 15 17 19 20 21 23 25 27 28 29 30 31 33 34 35 36 37 38 39 40 41 42 44 46 47 50 52 53 54 55 57 59 60 61 64 65 68 74 76 78 84 91 93 95 97 99 101 102 103 104 105 106 111 112 115 116 118 119 121 122 123 125 127 128 129 130 132 136 138 139 141 142 143 144 146 148 150 152 153 155 156 157 159 160 161 162 166 167 169 170 171 172 173 174 178 179 180 182 183 184 185 186 189 190 198 200 201 202 203 204 205 207 210 212 216 217 218 221 222 223 224 225 227 229 230 233 234 235 237 239 240 242 243 244 247 248 250 256 258 259 263 267 268 270 271 272 273 274 275 276 278 279 280 282 283 284 286 288 295 296 298 300 301 302 303 304 306 309 310 312 313 314 316 317 318 320 323 324 325 327 328 329 330 331 332 334 335 340 341 342 343 344 346 347 348 349 351 352 354 355 356 357 362 363 364 366 367 368 369 371 372 375 376 377 379 383 384 385 386 389 391 393 394 396 397 398 400 402 405 408 409 410 411 417 418 420 421 422 423 424 425 426 427 429 430 433 435 436 437 438 439 440 444 445 447 450 451 453 454 455 458 459 461 462 463 464 465 468 469 471 473 475 476 477 480 482 484 485 487 489 491 492 495 496 498 499 500 503 505 506 507 508 509 512 513 514 515 516 517 518 520 521 522 527 531 532 534 535 536 537 541 542 543 546 547 550 553 555 556 561 562 564 565 567 571 572 573 574 575 576 577 579 580 582 583 585 589 590 592 594 595 597 598 599 600 602 603 605 610 611 612 615 616 617 620 621 623 624 625 628 630 631 633 635 639 640 641 646 647 648 650 651 652 654 655 658 659 660 661 663 664 666 668 671 673 676 678 680 682 683 684 688 690 691 692 693 694 697 699 702 703 707 709 710 711 713 715 716 717 718 720 722 724 725 726 728 
448: 2 3 4 5 6 8 10 12 13 19 20 21 22 24 25 28 29 30 31 32 35 36 37 39 41 43 47 48 49 50 51 52 53 54 55 56 57 58 59 60 62 63 64 68 71 73 74 75 76 77 78 79 83 84 85 86 88 89 92 94 95 96 97 98 100 101 102 104 105 106 108 110 112 113 114 115 116 117 122 123 126 130 131 132 133 135 136 137 139 140 142 143 144 145 147 148 150 151 152 153 156 157 158 160 162 163 169 170 172 173 175 176 177 180 182 183 184 187 188 189 190 191 193 194 195 196 197 198 199 200 202 204 205 206 210 212 213 215 217 218 219 220 221 222 224 225 229 230 231 233 235 236 237 238 240 242 244 245 247 249 252 253 256 257 258 259 260 262 263 264 265 267 268 269 270 271 272 273 274 282 283 288 289 290 291 292 293 295 296 297 299 300 301 306 307 308 309 310 311 313 315 318 320 321 322 325 328 331 333 334 336 338 339 340 342 343 345 346 347 348 351 355 356 358 363 364 365 368 370 371 373 374 376 378 381 383 385 387 388 389 390 391 397 398 400 402 406 410 411 412 415 416 417 418 421 422 426 427 429 430 433 435 437 438 440 441 443 444 445 446 448 449 450 451 453 454 455 457 458 462 464 466 468 471 472 476 477 478 480 481 483 484 485 488 491 492 493 494 496 499 500 501 502 504 505 506 507 508 509 510 511 514 515 516 517 518 520 521 522 523 524 525 526 527 528 529 532 533 534 535 536 538 539 540 547 548 549 552 553 554 558 559 562 563 564 565 567 569 570 571 572 573 574 578 579 580 582 583 584 585 586 587 588 590 591 592 593 594 596 601 602 603 605 606 607 608 611 616 618 621 623 625 627 628 631 633 634 635 636 637 639 642 644 646 647 648 649 651 652 655 656 657 658 662 667 668 669 670 671 672 673 676 678 679 680 681 682 683 685 686 687 688 689 690 691 692 695 696 697 698 700 701 703 706 707 709 710 711 715 717 718 720 721 722 723 724 726 727 
442: 0 1 2 3 5 7 10 12 13 14 16 19 20 23 25 26 30 31 32 36 39 41 43 44 45 49 52 54 55 56 58 64 66 67 70 71 73 74 75 76 81 83 84 88 89 90 91 92 93 94 95 96 97 98 99 101 102 104 106 107 108 109 110 111 112 113 114 115 117 118 121 123 124 125 126 128 129 131 132 133 134 135 136 137 138 139 140 141 145 147 148 152 154 155 156 157 158 159 160 161 162 163 166 167 168 169 171 172 173 174 176 177 178 181 183 184 187 190 191 192 196 197 198 199 200 201 209 211 212 213 216 220 221 223 224 225 228 229 230 232 233 234 235 236 239 240 241 242 244 252 254 258 262 263 265 266 267 268 269 270 271 272 275 277 278 282 283 284 287 288 289 291 292 293 295 296 297 298 299 300 301 302 303 305 307 308 309 310 313 314 316 319 320 321 323 324 325 326 327 328 329 334 336 338 339 340 341 345 346 347 348 349 351 353 354 355 357 358 359 360 362 363 364 365 366 370 371 372 374 375 376 377 380 381 382 383 385 386 387 388 390 393 394 397 399 401 404 406 407 408 409 410 411 413 414 417 418 419 421 422 430 432 433 434 436 441 444 445 449 450 451 452 454 455 456 457 460 462 465 468 471 472 473 474 475 479 480 481 482 483 484 485 486 487 489 490 491 493 494 495 501 503 504 505 506 507 509 510 511 515 516 517 519 520 523 524 525 528 529 530 531 532 533 535 536 538 540 543 544 546 547 548 550 551 553 554 555 557 558 563 568 569 571 572 574 576 577 578 579 580 581 582 583 584 588 590 593 594 596 600 601 602 603 605 606 607 609 611 612 620 621 622 625 626 627 629 632 633 634 641 643 644 647 648 651 652 653 654 655 656 657 659 660 662 663 664 665 666 667 668 671 672 673 674 676 677 678 679 680 681 682 684 685 686 687 690 691 692 693 694 699 700 702 703 705 706 707 709 710 711 713 714 715 716 717 718 720 722 725 726 727 728 
436: 0 1 3 6 8 10 11 12 13 15 16 17 19 20 22 25 26 27 29 30 33 34 35 36 37 39 40 43 44 45 46 47 50 51 52 54 55 57 60 61 64 65 66 67 69 70 71 72 73 74 77 81 82 83 84 85 86 87 88 89 90 93 100 104 105 106 109 110 112 115 116 121 123 124 125 126 128 131 132 133 134 135 136 137 139 140 141 145 146 148 150 153 154 157 158 159 160 161 163 165 168 170 171 172 174 176 178 180 184 187 192 195 196 198 200 201 204 205 206 207 209 210 211 213 214 215 217 219 220 221 222 223 224 225 227 228 230 231 232 233 235 238 239 242 244 245 247 248 253 255 257 258 259 261 267 269 270 272 273 274 275 276 277 279 280 281 284 285 286 289 294 296 297 299 300 301 302 303 304 305 306 308 312 313 319 320 321 323 324 325 326 328 329 330 332 334 336 338 339 340 341 342 344 345 348 349 350 353 354 356 357 358 360 361 362 363 364 365 367 371 372 374 377 379 380 381 382 384 387 388 389 391 392 394 395 396 397 398 399 401 403 404 406 408 411 413 414 415 421 422 423 425 426 428 429 431 434 435 436 437 438 440 443 445 447 450 452 455 456 459 460 462 467 468 469 471 474 476 478 479 480 482 484 485 487 489 490 491 494 495 498 499 500 501 503 504 505 509 510 511 513 514 516 518 520 522 523 524 526 528 529 531 536 537 538 540 541 543 547 550 551 553 554 557 559 560 561 564 566 568 570 572 573 574 575 576 579 580 581 583 586 587 588 589 590 591 592 593 594 595 598 601 602 603 608 611 613 614 615 616 618 619 621 622 624 625 626 627 629 631 634 635 636 637 639 640 641 642 644 645 648 650 653 658 659 660 662 665 667 668 669 670 671 672 675 676 677 678 679 680 681 682 683 684 687 688 690 691 693 694 696 697 698 699 702 703 704 706 708 709 710 711 712 713 715 716 717 718 719 721 722 723 724 725 726 727 
433: 0 3 4 5 6 9 10 12 14 15 17 18 19 20 21 23 24 25 26 27 28 29 30 32 33 34 36 38 39 40 42 43 44 46 49 53 54 55 61 62 63 65 66 67 68 69 70 71 72 77 79 81 84 85 86 87 88 93 95 97 99 100 102 103 104 106 108 109 110 112 115 116 117 118 119 120 121 123 124 125 126 127 129 130 131 132 135 136 137 139 140 142 143 145 147 148 149 151 154 156 158 159 160 161 164 165 166 168 169 173 174 176 177 178 180 181 184 185 186 189 190 191 192 195 196 197 201 203 205 206 207 208 212 215 216 218 222 223 225 227 229 230 232 235 237 239 241 242 243 245 246 247 248 249 251 253 254 256 258 262 266 267 268 269 273 276 280 281 285 287 288 294 295 299 302 303 304 305 306 307 308 310 311 313 314 315 316 317 318 320 321 322 324 325 329 330 331 332 334 336 337 339 340 341 342 350 351 352 353 354 356 357 360 362 363 366 370 371 373 374 375 376 377 378 379 381 383 384 385 386 389 391 393 395 396 397 400 407 408 409 410 414 416 417 419 420 424 425 426 427 428 429 430 431 432 434 439 440 444 445 449 452 453 454 455 456 457 458 459 460 461 462 463 464 465 468 470 472 473 474 475 476 478 486 488 491 492 493 494 495 496 497 502 504 505 507 508 511 512 513 516 521 522 524 525 526 527 528 530 531 532 535 536 540 544 546 547 548 549 553 555 559 560 561 562 563 567 568 569 570 571 572 573 577 578 580 581 582 583 585 586 587 588 589 590 591 592 593 595 596 597 598 599 600 601 604 605 607 608 609 611 613 616 617 619 620 621 622 625 626 628 629 630 634 637 638 641 642 644 645 648 649 650 652 653 654 656 657 660 662 664 666 669 670 671 675 676 677 678 679 680 681 682 683 684 687 688 690 691 693 694 695 697 699 700 701 702 705 706 708 710 711 713 714 715 716 718 719 721 722 726 727 728 
432: 0 1 6 7 9 11 12 13 14 15 17 19 20 22 24 28 30 32 33 35 36 37 41 43 44 45 46 47 48 49 50 51 52 53 56 57 59 60 61 62 65 70 71 75 78 79 80 82 83 84 87 89 90 91 92 94 95 97 98 99 100 101 102 106 107 109 110 111 112 113 116 117 118 122 123 124 127 128 129 130 132 133 134 135 138 142 143 145 147 148 149 151 152 153 155 156 157 158 160 165 168 169 171 172 173 174 175 179 180 181 183 184 186 188 190 194 197 200 201 202 203 204 205 206 207 208 209 212 213 214 215 216 218 222 223 224 225 226 227 230 231 232 233 235 236 239 240 243 244 246 247 251 253 254 257 258 260 261 262 264 265 266 267 268 270 272 276 279 280 281 282 283 284 286 287 290 291 293 294 295 296 301 304 306 307 309 313 316 317 318 319 321 324 326 327 328 330 331 333 334 336 337 338 339 340 343 344 345 348 351 352 353 356 357 358 359 360 361 362 363 364 365 366 368 369 370 371 376 378 381 383 384 387 388 390 391 394 395 396 398 402 408 409 411 413 416 419 421 422 423 425 426 427 429 433 436 438 440 441 443 448 449 450 452 453 454 456 458 460 461 464 468 471 472 474 476 478 481 482 484 485 486 487 488 489 490 491 492 493 495 496 500 501 502 505 506 507 508 509 511 515 516 518 520 524 526 527 528 529 530 531 532 533 534 535 538 541 542 544 546 548 552 554 555 562 564 566 567 570 572 573 574 575 576 578 579 580 583 584 587 588 589 590 591 594 595 596 597 598 599 600 601 602 603 606 607 608 610 612 614 615 617 618 620 621 623 624 628 630 631 632 633 634 639 642 644 645 646 647 648 649 650 651 652 654 655 656 657 658 659 661 662 664 665 667 669 670 671 672 675 676 677 679 681 682 683 684 685 688 689 691 692 694 695 696 697 700 701 702 703 706 707 708 711 712 714 720 722 724 725 726 728 
449: 0 1 3 4 5 6 7 8 9 10 15 16 17 18 19 22 23 27 28 30 32 33 34 40 41 42 43 44 45 46 47 48 50 52 53 62 66 67 69 70 71 72 76 79 80 84 86 87 90 91 92 93 95 96 97 98 99 100 101 102 103 104 105 108 109 111 112 113 115 116 117 118 119 123 126 127 128 131 133 136 137 138 139 142 143 145 146 148 149 150 152 154 156 158 159 160 162 166 167 170 172 173 174 175 176 178 183 184 185 187 190 191 192 193 194 196 197 201 202 203 205 209 212 213 214 217 218 222 223 227 229 230 233 235 236 238 239 243 245 246 247 249 250 251 252 253 255 258 259 260 261 263 264 265 266 267 271 272 273 274 275 276 277 278 279 280 282 283 285 287 288 289 290 291 293 294 295 296 300 301 306 307 311 312 313 316 318 321 322 323 324 325 326 327 328 329 330 333 335 338 339 342 343 344 348 352 355 356 357 362 363 364 365 367 369 370 371 372 373 374 375 376 377 380 381 382 383 385 386 390 391 392 393 394 398 399 400 402 403 404 407 409 410 413 414 415 416 417 418 420 422 425 429 431 432 433 434 438 439 440 441 442 444 445 446 448 451 452 455 456 457 458 459 460 463 464 467 469 471 472 475 476 477 481 483 486 488 490 491 493 495 496 497 499 500 501 502 503 504 509 510 512 513 514 515 517 518 519 521 523 524 525 526 527 529 530 531 532 534 535 536 538 539 540 541 542 543 545 546 547 549 551 552 553 554 555 556 559 560 561 563 564 565 566 567 569 570 571 572 573 574 575 576 577 578 579 580 582 584 586 587 588 589 591 593 594 595 597 599 600 601 602 603 605 606 607 608 609 610 611 614 615 616 618 619 620 622 624 625 626 627 628 629 630 634 637 640 644 646 647 650 652 653 654 655 657 658 660 661 664 668 669 671 673 674 675 676 680 681 682 683 686 688 689 690 691 692 693 698 699 700 702 703 704 705 708 712 714 715 717 718 719 720 721 723 724 725 727 728 
438: 0 2 3 4 6 10 12 14 15 16 17 18 21 23 24 25 29 30 31 34 40 41 42 43 44 49 52 54 55 56 57 58 59 61 62 63 64 65 66 67 69 71 73 77 78 79 80 82 84 85 86 87 89 92 94 95 96 97 100 101 102 104 105 107 111 114 115 117 118 120 122 126 127 128 130 131 132 133 134 135 136 137 139 140 141 142 144 148 149 151 152 159 161 164 165 166 167 168 170 172 174 179 180 182 184 185 186 188 189 190 192 193 196 199 203 205 206 208 209 210 211 212 213 214 215 216 218 219 221 223 225 226 227 228 229 231 234 235 236 239 240 241 242 244 245 246 247 248 249 252 255 256 257 258 259 260 261 262 263 264 266 271 272 273 274 275 276 280 281 282 287 289 291 294 296 297 300 302 303 307 308 309 310 311 312 314 315 316 317 321 322 323 325 327 328 329 330 331 332 333 334 335 336 337 339 340 341 343 344 346 347 349 351 352 353 354 355 357 361 363 364 367 369 373 374 375 376 377 378 381 382 385 387 388 389 391 394 395 397 398 402 403 404 405 406 407 411 412 413 414 415 416 417 419 420 423 426 427 428 429 431 433 435 436 441 442 444 446 447 448 449 455 456 457 458 460 461 463 464 465 466 467 468 469 470 471 472 474 475 477 478 479 481 484 485 488 490 491 494 495 497 499 500 501 503 505 508 509 510 511 512 514 515 516 518 521 523 524 525 526 527 528 530 532 533 534 537 538 539 541 542 543 544 546 547 552 553 554 556 557 558 559 564 565 566 568 569 571 572 574 576 577 578 583 584 585 586 590 591 592 593 595 596 598 600 601 602 605 606 607 611 612 614 617 620 621 622 623 628 629 631 632 635 636 638 641 643 646 647 649 652 653 654 657 658 662 664 665 666 668 669 671 672 673 675 676 677 678 679 681 682 683 684 685 687 689 690 691 693 694 695 700 702 704 705 707 709 711 713 714 716 717 718 720 721 724 727 728 
417: 2 6 7 9 10 11 14 17 19 20 23 24 27 28 31 32 33 34 35 36 37 38 39 43 44 46 47 48 49 50 51 53 54 55 56 57 59 60 62 63 65 66 67 68 69 70 71 72 73 74 75 76 78 79 82 84 85 86 88 89 90 93 95 97 98 99 100 101 102 103 107 108 109 110 112 113 114 120 121 123 128 129 131 132 133 135 138 139 140 147 148 151 155 157 162 163 165 166 168 169 172 173 174 179 180 181 183 186 187 189 191 195 196 198 201 204 205 207 208 210 211 215 216 218 219 220 222 227 229 231 232 234 236 237 238 239 240 246 247 248 249 250 251 252 254 255 256 258 261 263 264 268 270 272 273 275 277 279 280 281 283 284 287 288 289 290 291 294 297 298 299 302 305 307 308 311 312 313 314 316 317 318 320 321 322 323 325 326 327 329 331 333 334 338 339 341 342 343 345 347 348 350 351 353 354 355 356 359 360 363 364 368 376 377 379 381 382 384 387 390 393 394 396 398 400 401 402 403 404 405 406 407 408 409 410 411 412 413 414 415 416 418 421 422 425 426 427 428 429 430 431 433 435 436 438 440 442 444 445 446 452 457 460 461 462 464 465 466 467 469 470 471 472 474 475 478 479 480 481 482 483 485 486 487 488 489 491 492 493 496 497 498 501 502 503 504 507 508 509 510 517 518 519 520 521 522 523 526 527 531 532 533 534 535 536 538 539 543 545 547 548 549 553 555 556 557 558 559 561 562 563 565 566 570 571 573 574 576 580 581 585 586 589 590 595 598 599 605 606 610 612 613 615 620 621 623 626 627 628 629 630 631 632 637 641 642 644 645 646 647 648 649 650 655 657 659 660 662 664 665 667 668 670 671 672 674 675 680 682 683 684 685 687 688 689 690 692 693 695 697 701 702 708 710 711 712 713 714 715 716 718 721 722 723 725 727 728 
428: 0 1 2 4 6 7 9 10 12 13 14 19 20 22 25 26 27 28 29 31 32 33 38 43 44 48 50 51 52 53 54 56 57 63 67 68 70 71 72 73 75 78 82 84 85 88 90 91 92 94 96 98 101 104 105 110 111 113 114 116 118 119 122 123 124 128 129 131 134 137 138 139 140 142 144 145 150 151 152 153 154 156 158 159 160 161 162 163 164 169 171 174 176 178 179 181 183 184 185 188 189 191 192 193 194 196 197 198 199 200 202 203 205 206 208 209 210 214 217 219 220 223 226 227 228 229 232 233 236 239 242 243 246 247 248 249 250 251 252 257 258 259 261 262 266 267 270 271 274 275 276 280 281 282 283 287 288 289 290 294 295 297 299 302 305 306 307 308 309 310 311 312 314 315 316 317 321 325 327 329 330 331 332 335 336 337 340 343 345 346 348 349 350 354 355 356 357 359 360 363 364 365 366 367 369 375 377 378 379 380 381 382 383 384 385 386 387 388 390 391 392 394 397 398 399 400 402 403 405 406 409 410 412 413 414 415 416 417 418 419 425 427 429 430 431 432 433 435 438 439 444 445 449 450 451 454 455 457 459 462 464 465 466 467 468 472 474 475 478 483 484 485 486 487 488 490 492 493 495 498 499 500 501 502 503 504 505 506 508 509 510 512 517 518 520 521 525 526 527 529 532 533 535 540 541 542 543 545 546 547 548 549 550 551 552 553 558 559 560 562 563 564 565 566 568 570 571 573 574 578 580 583 586 588 589 590 592 594 595 596 597 599 600 603 604 605 608 610 611 612 615 617 618 622 623 624 627 628 630 631 632 634 635 636 638 639 640 641 642 643 644 645 646 648 649 650 651 652 654 656 657 663 664 665 666 671 674 675 676 677 678 679 680 682 683 684 686 688 689 691 693 694 695 696 698 699 700 701 703 704 705 706 707 708 709 710 712 715 716 717 718 719 720 721 724 726 727 728 
451: 0 1 3 4 5 6 7 9 10 11 12 15 16 17 19 20 22 23 27 28 29 30 31 32 33 34 37 39 40 41 42 43 44 46 47 48 49 51 52 53 55 56 57 58 60 61 62 63 65 69 70 71 72 75 76 77 78 79 82 83 84 85 86 87 88 91 92 93 94 98 99 100 102 103 105 107 111 112 114 115 117 118 119 120 122 124 125 127 128 129 130 132 133 138 141 143 146 148 149 150 151 154 158 160 161 163 165 166 167 168 170 171 172 173 174 175 176 177 178 180 181 182 183 184 185 186 187 188 189 191 195 196 199 203 207 209 210 216 217 220 221 223 224 225 227 229 230 231 232 233 235 237 238 239 240 241 245 246 248 249 252 254 255 256 257 258 259 260 262 263 267 268 269 270 276 279 281 283 284 286 288 289 290 295 296 297 298 299 301 302 303 304 306 308 312 313 314 319 322 324 325 329 330 331 333 334 335 336 338 340 341 343 346 347 348 351 354 357 358 360 365 366 367 368 369 372 374 375 377 379 380 381 385 386 388 391 392 394 396 397 398 399 400 401 402 404 405 407 408 411 412 413 414 417 418 421 422 423 424 425 428 429 430 431 432 433 435 437 438 440 441 442 443 446 447 448 449 450 452 453 457 458 461 464 467 468 469 471 472 473 474 475 476 477 478 480 481 482 484 485 486 489 492 494 495 497 499 503 504 505 508 509 511 512 515 517 518 523 524 525 527 529 530 531 533 534 535 536 538 540 544 545 547 548 549 550 552 555 556 557 558 560 561 562 563 564 566 567 569 571 575 576 579 580 581 582 584 585 587 588 589 590 593 596 599 601 602 604 605 606 608 609 610 612 613 614 615 617 618 620 621 623 624 627 630 631 633 634 636 637 640 642 643 644 648 651 653 654 658 660 661 663 664 666 668 670 671 672 673 674 675 677 678 679 680 681 682 683 684 685 686 691 692 693 694 695 696 697 698 700 701 702 703 705 707 708 709 712 713 714 715 718 719 720 721 722 723 725 726 727 728 
447: 0 1 3 6 7 8 12 13 16 18 19 20 24 27 28 30 31 33 34 35 36 39 40 43 44 45 46 47 48 49 51 53 55 56 57 59 60 62 65 66 67 68 69 72 73 74 76 77 80 81 82 83 84 87 91 92 94 96 97 98 99 100 101 103 104 106 107 108 109 110 112 113 114 115 120 122 126 129 131 132 133 134 135 136 137 138 141 142 145 146 147 150 151 152 154 156 157 159 162 164 165 166 167 168 169 170 173 174 175 176 177 178 179 180 181 182 183 185 186 189 190 191 192 194 195 202 204 207 208 209 210 211 212 213 214 216 218 221 225 228 229 230 232 235 237 238 239 240 241 242 243 244 245 246 248 250 252 254 259 260 261 262 263 265 266 267 269 270 271 273 274 275 278 280 281 285 288 289 292 294 295 297 298 300 301 302 303 304 305 307 310 311 313 314 315 317 318 319 321 322 323 324 325 326 327 328 329 333 334 336 339 340 341 342 345 349 351 353 356 357 358 360 361 362 363 364 365 366 368 372 373 374 375 377 378 379 381 382 383 388 389 390 391 392 394 396 400 401 404 407 408 409 410 414 415 416 417 418 420 421 422 424 426 428 429 430 431 432 434 436 438 439 440 441 442 445 449 451 453 457 458 459 460 461 464 465 469 470 473 475 477 478 479 480 484 485 486 489 490 491 492 493 494 495 497 500 501 502 505 506 510 511 513 514 515 516 519 521 522 523 525 526 528 530 531 533 535 538 539 541 543 544 546 547 548 549 550 553 554 555 556 557 558 559 560 561 562 570 571 572 573 575 577 578 579 581 583 584 585 590 592 594 595 598 599 600 603 604 605 606 607 608 609 610 611 612 613 614 615 618 620 621 622 623 627 628 631 633 635 636 637 638 640 641 642 643 644 647 648 650 653 655 657 658 659 660 661 663 664 665 667 668 670 671 674 675 676 680 681 682 685 689 690 691 692 693 694 695 696 697 700 704 705 706 708 709 710 712 714 715 717 718 719 720 722 727 728 
Days = 7
Shift constraints
2 6
2 5
1 6
0 7
1 6
3 4
true
true
Forbidden sequences = 2
3 1 
2 3 

