# Randomly generated data for the integrated task scheduling and personnel rostering problem, skilling=0,300 and tightness=0,899 seed=7560
Tasks = 1099
786 847 1
587 714 4
450 509 0
586 656 6
501 601 1
586 681 3
437 529 4
439 506 5
436 540 5
681 756 3
452 588 6
585 646 5
783 885 6
598 692 6
589 694 0
465 547 2
438 519 1
435 571 3
453 563 1
589 694 1
791 836 3
591 692 6
586 656 5
704 782 1
436 544 3
585 659 0
453 527 0
787 837 4
585 695 2
586 707 5
590 623 3
595 701 2
585 645 3
882 957 1
585 685 6
904 995 6
591 636 3
437 533 3
585 694 4
435 501 2
586 711 4
435 486 5
501 576 2
436 488 1
619 667 2
715 780 4
580 660 2
585 635 2
435 510 4
600 674 1
780 849 5
492 576 5
695 751 4
780 835 4
586 694 6
780 851 5
788 832 5
436 516 6
661 801 2
998 1095 6
700 794 0
850 947 4
594 723 3
791 875 1
659 710 5
510 576 4
447 507 6
440 487 6
436 546 0
586 637 4
781 832 4
960 1065 1
638 718 4
711 780 4
597 622 0
576 626 4
440 542 6
586 647 0
780 856 4
812 870 0
793 895 5
587 668 0
440 508 1
635 687 2
700 780 6
438 534 4
435 514 1
587 691 6
630 760 4
780 858 6
437 492 6
795 846 1
785 888 5
437 521 0
435 496 0
443 564 5
446 529 4
646 709 3
786 825 4
435 573 6
657 756 5
587 716 3
529 564 4
850 919 5
797 895 0
436 516 2
606 660 5
790 860 4
442 553 3
751 801 4
788 881 6
626 661 4
523 627 0
588 670 0
586 679 3
436 530 5
791 853 1
488 628 1
867 966 4
783 835 1
782 886 6
435 511 0
442 561 2
861 915 4
721 780 3
451 526 0
780 856 5
600 670 4
598 676 5
435 514 3
537 644 4
587 624 1
781 906 3
443 512 1
694 759 6
438 473 1
891 1020 5
601 686 2
586 688 0
759 896 5
440 571 5
1073 1149 1
587 659 2
836 913 4
782 881 1
822 922 4
528 615 6
450 524 2
889 969 6
638 746 3
906 966 3
586 679 6
585 659 0
518 579 2
702 755 2
538 609 6
547 606 3
515 612 0
537 579 0
696 756 2
626 675 1
928 992 4
686 751 2
603 723 1
592 699 3
861 986 1
782 858 0
588 658 0
825 866 4
795 841 4
930 1033 4
781 873 4
656 746 6
437 541 2
783 869 1
623 761 3
693 739 0
746 850 6
780 861 0
785 855 2
679 753 4
786 907 3
542 633 3
435 492 2
436 506 0
457 498 4
438 493 2
436 581 6
586 679 3
836 917 5
590 681 6
663 768 5
783 893 3
703 822 3
808 917 4
780 808 5
758 828 3
585 631 6
696 768 6
829 921 2
436 507 4
732 839 3
781 875 1
589 677 1
435 534 2
632 711 6
590 672 6
602 716 1
598 667 0
813 890 5
521 605 1
586 654 4
443 562 2
544 641 5
786 893 5
581 672 6
535 651 2
749 840 0
781 830 5
787 860 1
493 556 6
508 621 4
781 894 2
879 920 4
588 666 1
443 546 3
537 652 2
761 847 3
659 740 0
1097 1158 6
546 664 2
883 939 1
590 647 4
780 871 3
622 665 6
439 514 6
511 580 0
876 949 1
761 859 6
580 672 0
447 570 1
791 879 6
949 1022 1
879 976 1
563 686 6
598 677 0
591 705 4
678 762 5
768 869 6
544 598 6
589 680 1
800 910 3
441 526 4
655 693 2
828 877 3
649 787 0
443 549 0
674 717 0
795 943 0
538 642 6
435 513 2
569 654 5
436 497 3
451 528 3
436 559 2
536 658 4
673 784 6
681 792 6
906 993 0
559 681 3
785 889 4
825 934 3
783 871 6
658 728 4
877 946 3
949 1014 3
780 875 0
717 842 0
784 881 1
531 580 5
682 754 3
556 660 0
781 877 1
945 1034 0
785 851 3
921 1056 5
867 922 4
528 593 0
843 957 3
853 972 3
663 710 2
562 679 3
686 732 6
1034 1072 0
1021 1130 5
897 970 5
575 633 6
649 760 4
732 808 6
530 581 5
712 805 6
436 515 2
634 746 6
879 1001 1
780 858 6
761 858 4
1037 1149 1
655 708 6
990 1028 1
497 623 0
629 711 1
601 704 5
839 902 3
782 839 0
439 504 6
1014 1072 3
1133 1192 5
875 955 0
685 772 0
660 719 2
607 675 3
667 746 0
496 582 2
858 927 6
842 953 0
659 760 5
1165 1280 6
831 942 5
780 893 2
943 1035 5
664 743 0
805 901 6
784 902 4
681 816 1
884 949 1
624 695 0
679 757 1
784 884 3
583 669 2
672 712 0
919 1006 5
522 592 2
685 779 6
507 574 0
782 842 5
569 658 4
630 679 5
894 1030 2
681 760 3
775 853 1
909 1019 1
709 749 3
692 751 6
889 950 4
852 957 1
509 626 1
850 976 6
1156 1206 1
847 914 5
648 737 1
628 738 0
606 684 1
966 1042 1
615 689 2
975 1090 4
780 825 2
738 812 0
586 706 0
896 957 5
851 952 3
649 712 5
687 785 2
872 1004 3
894 1005 5
980 1070 3
721 821 2
500 546 3
738 823 1
802 935 4
873 934 0
435 525 4
802 879 6
954 992 4
780 877 5
699 754 2
694 774 1
605 695 6
779 881 6
783 892 2
587 656 6
859 904 4
827 870 2
881 939 6
581 661 5
689 774 2
661 706 4
1200 1289 5
780 852 2
857 911 5
925 1023 3
774 823 1
573 658 3
722 783 4
912 978 3
935 1013 4
784 882 5
591 673 0
547 686 3
856 950 2
759 826 2
943 1025 2
957 1072 0
715 822 0
785 880 4
719 796 1
687 766 3
442 534 5
690 766 3
733 839 4
530 586 4
668 801 2
673 795 2
744 824 0
708 771 5
475 573 0
652 731 2
813 866 6
439 528 3
993 1101 4
951 1023 2
983 1090 6
949 1035 1
475 576 1
1038 1157 1
533 606 3
892 987 2
626 702 0
957 1057 3
970 1073 5
850 973 0
908 994 4
873 901 6
921 1011 4
741 856 0
885 1007 6
668 802 3
556 602 0
750 790 3
593 676 3
894 928 3
711 796 1
932 1005 4
1036 1110 5
815 900 4
624 682 0
679 769 3
587 649 4
675 770 0
553 655 2
1030 1071 2
751 856 6
790 870 3
725 766 5
705 779 5
856 900 5
603 690 0
526 629 2
900 980 2
807 954 2
827 882 1
962 1065 5
998 1067 0
1009 1069 6
1066 1153 5
767 824 3
668 782 1
439 533 1
965 1074 6
586 704 1
886 946 6
1006 1117 5
978 1062 0
712 786 5
658 708 4
956 1002 3
541 658 4
1069 1148 6
575 667 5
585 660 1
609 659 2
569 676 2
981 1108 2
646 677 4
1029 1101 1
1013 1074 4
904 984 4
733 819 2
962 1007 4
693 793 0
473 532 6
709 766 0
492 546 2
1014 1084 4
1072 1152 4
764 883 5
1039 1174 4
791 857 1
576 677 1
877 958 5
585 646 3
871 944 2
772 867 5
915 1013 4
676 732 2
786 878 5
746 865 2
724 801 1
993 1064 2
914 984 5
939 1048 3
593 682 2
1111 1194 5
953 1059 1
659 755 0
871 953 3
760 880 3
1112 1169 2
545 611 5
902 1002 6
736 848 2
881 977 3
761 865 2
924 985 4
1117 1174 5
1099 1182 4
1005 1071 3
1175 1289 5
602 672 1
928 992 6
798 877 4
701 816 6
828 884 1
514 650 1
706 764 0
712 782 0
852 956 2
683 747 0
608 640 3
464 580 3
1073 1128 0
608 670 3
892 971 6
1155 1217 5
796 884 2
789 844 5
784 848 1
561 621 2
981 1054 3
453 541 3
1161 1281 1
580 678 1
858 933 1
514 597 3
756 803 4
961 1052 5
1042 1124 1
889 978 1
786 852 2
507 616 6
543 614 3
959 1044 2
883 1003 4
687 793 0
859 910 6
808 881 6
781 845 3
1032 1142 2
881 973 6
948 1020 0
648 760 3
684 777 1
1063 1150 1
925 1009 5
964 1074 2
762 890 3
900 956 5
803 922 0
594 663 2
794 872 1
808 864 4
812 876 3
581 631 0
758 834 0
663 747 5
786 842 0
440 528 3
931 1046 3
769 812 0
681 741 6
581 696 2
864 928 4
633 766 0
531 566 3
1070 1147 5
851 899 1
668 746 4
747 839 0
583 657 3
813 878 0
678 784 4
877 942 1
852 900 2
845 987 3
775 881 0
856 982 0
625 710 3
929 1028 4
985 1101 4
1081 1139 2
989 1085 5
875 939 1
706 749 4
618 718 6
686 810 2
670 779 3
1010 1059 5
824 884 3
1214 1260 1
780 823 4
712 814 3
849 896 1
1137 1209 0
1103 1175 4
682 740 1
826 881 2
635 739 2
1005 1074 6
982 1074 0
720 794 6
653 731 4
859 958 0
775 898 3
787 877 5
1056 1120 3
875 1007 1
685 785 1
951 1014 6
624 680 2
957 1027 5
961 1072 1
870 979 2
957 1053 0
989 1067 1
997 1073 3
546 646 2
642 734 3
749 852 4
623 718 4
882 932 2
1112 1181 1
900 1005 2
512 624 1
1015 1139 5
836 957 0
858 923 6
698 796 2
845 932 0
747 822 5
904 945 1
1062 1134 0
797 880 2
587 663 4
1169 1286 2
1155 1243 1
849 946 1
754 779 2
816 879 6
976 1074 6
435 520 1
1027 1109 5
645 701 0
497 553 6
1055 1128 5
1224 1287 0
682 755 2
705 758 2
775 884 2
679 734 6
923 1038 6
993 1064 3
1200 1289 4
901 986 3
897 996 1
994 1095 4
1000 1074 1
903 1039 6
598 705 3
1142 1229 2
664 721 1
811 882 2
827 927 0
735 803 3
1134 1211 0
1100 1206 4
713 785 4
985 1070 4
868 993 5
1038 1100 6
1015 1089 6
574 684 0
1206 1288 4
839 908 2
533 584 1
781 883 2
891 1004 4
785 883 0
687 752 2
1100 1191 6
726 819 1
850 924 5
1072 1152 3
986 1074 3
897 952 5
1002 1086 3
1073 1135 1
1027 1098 3
1090 1163 5
940 1002 5
1001 1064 0
554 601 6
747 827 6
1110 1205 5
912 948 2
971 1090 0
1103 1197 4
742 807 2
755 878 2
597 628 3
647 737 2
819 883 2
741 787 6
1063 1141 6
806 942 1
1016 1098 4
660 719 2
847 920 0
1128 1169 5
649 754 3
1006 1073 4
1098 1206 3
721 795 2
896 942 4
1164 1268 5
863 923 6
591 686 1
1170 1255 5
791 867 2
931 1064 0
576 629 0
1141 1268 1
786 883 4
985 1068 3
992 1104 6
688 775 0
663 809 4
824 871 4
940 1019 4
1026 1118 2
626 677 5
1072 1119 3
837 884 2
1123 1205 3
1191 1254 6
792 887 6
613 724 2
812 905 1
932 1014 2
790 869 3
685 762 6
537 618 3
956 1048 5
637 745 0
953 1019 3
439 484 4
871 958 2
1152 1268 5
804 884 3
924 1002 6
597 663 1
918 995 3
872 977 4
1206 1289 3
1091 1133 6
1065 1103 2
1121 1208 3
736 880 6
722 790 4
1157 1286 6
819 863 1
748 836 3
1010 1083 1
799 879 0
796 884 1
1007 1061 4
1208 1286 5
677 774 3
508 589 4
730 801 6
1151 1191 2
634 743 1
1047 1142 3
663 748 4
800 912 2
829 883 6
1189 1287 1
1103 1179 6
865 920 1
930 981 4
658 779 6
697 813 1
891 992 6
1045 1116 2
767 811 2
1055 1115 5
1084 1145 4
628 726 3
776 878 0
1197 1288 4
664 804 1
821 873 3
1000 1073 6
977 1071 6
808 877 6
1207 1286 3
996 1074 1
852 966 0
1002 1104 5
977 1045 4
591 649 6
956 1063 2
658 711 2
1208 1285 4
649 725 6
520 613 1
747 840 4
1003 1116 1
1019 1120 4
782 885 0
952 1070 0
788 881 4
752 844 2
794 871 3
763 830 6
808 888 1
1074 1163 4
1046 1132 4
901 972 3
1143 1219 3
1178 1252 4
1179 1275 4
959 1063 2
787 882 6
1072 1114 2
747 875 3
829 883 1
1195 1284 5
1090 1186 3
726 808 3
1154 1277 6
722 787 2
723 810 4
609 679 6
1107 1216 6
861 906 1
1003 1072 6
956 1074 2
938 1007 1
773 826 5
955 1064 4
844 935 4
805 875 2
1108 1173 5
800 880 2
968 1067 0
909 963 1
1134 1203 1
911 1034 3
741 837 1
913 992 6
994 1072 6
769 870 3
613 648 1
1175 1285 5
1116 1205 2
808 885 3
1167 1280 4
435 559 5
1084 1154 1
590 636 4
937 1020 4
1026 1109 0
980 1072 2
854 955 5
597 649 4
833 934 4
707 805 0
605 668 6
1155 1286 1
718 794 0
1123 1208 2
636 676 4
988 1070 4
1105 1195 2
1133 1210 6
1118 1207 5
796 882 0
825 908 0
559 672 5
786 909 6
851 882 2
686 761 4
1007 1125 3
648 772 1
772 880 3
749 880 4
1213 1288 2
1221 1286 3
790 875 1
816 877 6
1230 1288 5
724 781 1
879 971 4
954 1026 1
1147 1276 0
674 744 5
1133 1213 4
811 874 2
1023 1113 4
1142 1236 5
1020 1074 3
785 884 1
1255 1285 5
663 792 4
1170 1270 0
768 881 6
933 988 1
1072 1168 4
969 1069 1
1230 1280 1
826 957 4
835 878 1
692 800 5
737 783 2
661 770 3
976 1051 3
1021 1072 4
679 725 6
1011 1119 1
925 1042 0
1137 1223 1
1118 1226 2
1188 1283 4
872 961 3
979 1074 1
739 801 6
772 885 1
677 786 3
619 682 3
780 921 4
690 776 3
767 844 0
1045 1072 0
921 991 4
891 999 6
893 962 1
833 907 6
1208 1289 3
1213 1289 4
1164 1231 4
756 883 2
975 1073 1
839 884 0
790 905 3
993 1073 4
876 978 3
673 801 5
909 1021 0
1205 1285 2
1122 1216 1
883 954 2
764 878 5
812 888 0
964 1020 5
1038 1145 1
889 928 0
1237 1287 5
1212 1289 6
927 983 3
1013 1074 6
1230 1289 2
1169 1269 1
777 879 3
807 880 6
931 1000 0
1120 1174 4
749 794 0
1209 1288 2
762 881 4
1030 1070 5
1222 1273 2
1200 1289 6
1220 1279 5
1005 1074 2
1212 1289 0
1158 1271 1
970 1059 1
752 865 1
851 916 0
941 1009 1
812 883 0
1229 1287 2
686 743 1
932 983 0
774 828 3
1103 1177 4
964 1074 2
752 884 4
1011 1071 1
1216 1289 6
1177 1289 4
1133 1180 3
1225 1285 1
650 745 1
1165 1270 0
512 570 4
913 983 6
1244 1287 1
1182 1275 3
821 925 4
783 884 2
942 1055 4
978 1071 4
1187 1284 4
929 1052 0
792 879 3
795 872 4
909 962 6
877 1020 2
1163 1281 3
972 1073 3
963 1073 4
682 765 6
1197 1285 3
1027 1072 2
913 1002 1
994 1069 5
978 1071 6
989 1064 1
989 1068 0
709 799 5
973 1075 6
918 1033 0
994 1056 3
772 821 6
789 866 0
1252 1289 4
798 880 0
1000 1073 0
906 981 0
982 1073 3
1175 1284 4
822 884 5
1006 1140 4
595 646 6
791 884 4
1175 1289 4
598 648 4
753 859 1
989 1065 0
1035 1103 3
1228 1288 1
1034 1161 1
653 732 4
801 884 5
827 874 6
991 1074 6
1167 1284 1
852 885 4
1173 1288 3
805 882 5
800 937 5
1015 1073 2
1021 1074 0
745 885 1
932 1058 2
757 838 4
661 756 6
1254 1289 6
951 1018 5
Shifts = 4
0 0 0 0 0 0
435 0 0 450 0 0
585 0 0 490 0 0
780 0 0 510 0 0
Employees = 40
343: 0 4 6 19 22 24 25 30 32 36 37 59 60 63 65 68 70 77 78 86 88 91 93 97 99 100 108 109 112 113 114 115 116 117 118 119 128 134 139 141 144 145 151 154 156 158 159 160 161 163 164 171 173 175 180 184 187 190 191 192 194 195 203 205 208 210 217 218 226 231 232 234 241 245 247 251 252 255 258 259 262 267 272 274 276 277 278 279 280 281 288 290 293 295 301 304 305 310 311 313 315 318 321 324 326 327 330 331 335 342 343 344 345 347 349 350 351 353 354 355 362 364 365 367 368 378 380 383 389 393 394 396 398 406 408 409 414 418 420 422 423 426 427 434 438 440 444 446 447 451 454 455 457 458 461 468 470 472 479 482 486 494 498 504 507 508 509 511 512 514 516 521 524 525 527 532 533 534 537 542 544 550 551 553 554 555 561 562 573 576 577 578 579 586 588 592 593 598 603 608 614 617 623 626 627 628 629 631 632 642 652 655 657 658 661 671 674 675 681 683 690 692 695 697 701 702 706 709 710 712 714 718 720 723 725 727 728 730 732 734 736 740 743 744 746 754 757 764 766 767 768 769 772 774 778 780 782 783 786 790 794 795 801 805 813 817 818 821 824 830 832 842 855 858 860 863 864 868 869 871 877 878 882 885 890 891 892 893 894 896 897 904 907 908 914 916 917 918 919 923 924 928 932 933 938 939 940 948 958 962 963 964 968 970 971 981 986 993 994 995 998 999 1000 1002 1004 1007 1011 1012 1013 1030 1032 1037 1045 1055 1056 1070 1071 1073 1075 1085 1086 1092 1097 
340: 2 4 7 8 9 13 14 16 19 31 32 35 37 39 40 43 45 49 50 52 57 59 68 76 77 83 87 92 94 96 98 99 101 102 106 108 110 113 114 116 117 127 129 130 132 133 135 138 140 144 148 155 157 158 159 161 163 179 181 182 202 203 207 212 213 215 226 234 235 236 237 241 244 245 248 252 254 256 258 260 262 264 265 266 270 271 272 273 277 280 281 282 285 286 289 294 296 297 300 301 303 306 307 315 319 320 330 332 335 344 351 355 357 359 360 361 363 364 370 376 388 390 392 394 399 400 402 403 405 407 409 410 415 419 420 424 427 428 429 430 431 432 438 442 446 447 448 458 460 464 465 466 468 469 470 474 476 479 481 482 484 486 487 493 498 500 501 502 507 514 515 518 519 523 524 528 531 533 534 536 538 541 544 546 550 557 564 568 572 575 579 584 586 593 603 606 611 616 618 620 626 629 630 632 633 634 637 642 648 657 658 663 667 669 674 675 677 679 680 682 683 686 696 707 711 713 714 715 718 723 724 727 730 735 736 738 745 754 760 761 763 767 771 772 774 776 777 789 790 792 794 798 800 801 802 803 804 805 808 812 815 826 828 830 831 833 836 840 845 849 850 851 854 868 870 885 890 892 894 895 898 901 902 906 908 910 912 918 921 924 931 932 934 936 939 942 948 950 953 954 955 956 964 966 970 975 976 979 982 983 988 989 990 993 996 1007 1010 1015 1018 1022 1025 1026 1029 1034 1035 1038 1039 1043 1046 1048 1052 1053 1076 1078 1079 1086 1088 1089 1092 1097 
320: 0 1 2 4 8 23 24 31 37 39 41 43 53 57 64 72 77 79 81 84 87 88 90 92 98 103 106 108 111 112 114 117 118 119 120 121 122 127 128 137 146 152 154 155 164 166 174 180 181 183 187 190 193 194 196 198 202 205 209 212 214 217 222 224 227 228 229 230 234 235 236 238 244 247 249 255 257 258 274 277 278 282 290 293 294 297 306 313 315 319 322 323 325 327 331 332 333 336 338 340 344 346 347 353 357 361 365 366 367 369 371 372 379 388 394 397 400 401 402 403 404 406 409 410 415 421 423 425 430 434 437 448 449 450 451 455 456 458 461 464 465 468 469 471 474 475 477 478 479 481 483 490 491 501 502 507 510 512 522 530 532 533 534 535 543 555 557 564 570 571 573 575 578 580 582 584 586 600 603 612 626 627 630 632 641 642 645 651 655 659 663 666 673 674 675 679 683 685 689 692 694 705 711 712 720 721 723 729 730 732 733 741 743 744 745 751 752 756 761 762 766 782 784 787 788 792 795 796 801 804 806 819 822 824 825 828 829 845 848 849 851 852 854 856 863 868 871 872 875 878 879 886 899 900 901 902 904 905 906 909 910 914 921 923 924 931 936 938 939 941 944 956 963 965 966 969 973 974 976 980 983 987 988 989 991 992 994 996 1002 1003 1004 1007 1010 1014 1016 1021 1022 1023 1024 1025 1031 1034 1036 1043 1046 1048 1051 1059 1061 1063 1067 1070 1079 1084 1087 1090 1091 1094 1095 1098 
343: 1 3 7 29 36 38 43 46 53 54 57 58 60 62 63 69 71 72 74 75 77 79 82 87 90 91 92 93 97 103 105 106 107 113 115 120 122 128 132 134 135 146 148 149 150 151 155 157 164 165 167 169 171 173 177 178 182 183 184 187 192 193 198 201 202 215 218 221 224 239 241 243 244 248 249 250 261 263 264 268 271 282 284 287 289 291 298 299 300 302 304 312 318 320 323 327 328 332 336 338 342 343 344 348 353 358 359 364 373 378 380 383 384 389 392 393 398 399 407 409 411 412 416 418 421 422 424 426 427 431 432 436 439 448 449 451 454 457 463 464 467 471 472 475 477 479 480 482 485 488 491 493 498 501 503 507 509 512 519 520 522 523 527 533 534 537 538 539 551 552 556 558 560 568 572 574 577 579 589 590 592 594 597 602 605 613 614 620 623 626 632 635 637 638 639 642 645 647 648 654 657 659 662 665 669 672 673 675 677 683 684 686 687 692 694 698 699 703 706 711 713 715 718 721 723 724 727 728 732 735 744 745 746 752 753 755 757 764 765 767 768 771 772 773 774 778 779 780 782 799 802 803 804 806 813 821 822 823 824 829 832 834 836 837 839 842 846 848 849 850 855 863 865 868 874 875 878 886 898 899 904 908 913 917 920 921 923 927 931 932 938 939 944 949 951 952 955 957 961 963 965 970 971 974 976 979 989 993 995 996 998 1002 1004 1016 1017 1026 1027 1028 1030 1035 1039 1040 1041 1043 1044 1045 1047 1048 1049 1052 1055 1056 1061 1062 1067 1077 1079 1081 1082 1089 1092 1093 1097 
325: 0 1 3 5 8 9 19 20 21 22 24 29 34 35 43 49 53 54 55 63 64 71 72 73 77 80 81 84 85 87 92 94 95 96 98 102 106 111 114 115 120 121 124 131 141 143 145 162 163 168 169 170 172 174 175 176 182 185 186 192 197 200 207 209 213 216 219 226 227 231 232 233 243 245 248 251 252 257 259 265 266 268 270 271 275 276 277 282 283 290 293 295 298 299 300 303 305 309 311 318 322 323 326 329 331 334 335 343 344 345 347 350 351 358 359 363 365 371 376 378 384 390 392 393 394 396 402 403 406 407 409 411 412 414 417 419 422 425 429 430 440 443 447 455 457 461 472 479 482 487 488 493 500 507 508 513 515 518 519 520 521 526 528 529 532 539 542 548 550 552 553 560 561 563 565 566 568 582 583 587 589 591 592 595 596 598 602 603 604 607 609 612 616 617 620 625 632 633 641 649 651 653 656 662 666 680 691 693 697 698 700 703 706 709 716 718 719 720 724 727 729 731 736 737 738 739 751 757 758 760 762 766 768 779 780 782 789 790 797 798 799 800 801 802 804 811 812 814 815 816 817 824 827 833 837 839 847 869 872 877 879 886 892 896 901 903 907 911 912 914 918 922 924 925 927 930 938 939 940 941 944 945 947 950 953 959 967 969 970 972 977 978 980 990 994 995 998 1001 1002 1013 1018 1019 1021 1022 1030 1035 1041 1043 1048 1050 1055 1057 1061 1063 1068 1070 1077 1078 1083 1085 1086 1088 1090 1092 1096 
363: 0 3 5 7 15 16 20 25 26 28 30 31 32 36 43 47 55 64 67 69 77 78 82 84 86 88 95 104 105 107 110 112 124 125 126 135 136 139 140 141 142 144 146 148 150 152 153 154 157 161 162 165 172 175 177 179 183 186 191 192 193 197 199 200 203 205 211 216 236 239 240 241 242 243 244 248 253 254 255 258 265 266 270 272 275 283 284 290 293 294 298 299 303 304 309 310 312 314 323 324 326 328 329 330 331 332 339 340 346 356 359 363 366 371 375 377 383 386 387 388 391 394 397 403 405 410 412 413 421 425 428 431 435 436 439 440 441 446 448 449 453 457 458 459 467 474 484 486 487 497 499 502 503 504 506 509 516 517 518 521 522 523 525 528 529 533 535 538 539 540 545 546 547 548 551 552 556 557 559 561 568 569 573 575 576 578 579 584 586 587 591 596 598 600 602 604 605 606 612 615 616 618 622 623 628 629 631 637 638 646 647 650 651 652 656 657 661 662 666 669 674 675 679 680 681 682 687 692 693 696 698 700 703 709 710 711 720 724 733 735 739 743 752 754 757 760 762 764 770 774 778 780 781 782 786 790 791 793 794 796 797 799 802 805 806 807 810 811 821 822 825 829 831 832 834 835 837 838 847 855 857 858 861 870 875 876 879 880 883 884 886 887 888 889 891 894 900 903 905 909 910 912 913 915 917 920 922 926 927 929 931 933 936 937 950 951 955 957 959 960 961 962 970 972 975 977 980 982 986 987 988 990 991 998 1000 1001 1004 1012 1013 1014 1019 1024 1026 1029 1031 1032 1035 1036 1039 1041 1042 1043 1046 1047 1054 1064 1068 1085 1086 1090 1092 1095 1098 
342: 6 7 8 11 14 20 22 25 26 29 30 35 43 51 52 61 62 67 72 75 79 80 82 89 94 95 98 102 104 105 110 113 118 119 122 124 126 130 132 135 139 145 147 148 150 151 157 159 164 170 174 176 177 187 199 203 206 210 212 213 215 218 219 222 226 227 234 237 240 248 249 251 252 256 259 260 261 277 281 284 285 286 287 288 290 296 298 299 301 302 306 307 308 312 318 323 324 333 341 343 345 346 347 349 352 353 355 358 360 362 363 364 367 368 370 371 385 387 389 390 394 398 399 403 406 412 416 419 422 423 424 427 428 432 433 435 438 440 442 443 450 452 459 461 462 465 469 470 483 487 490 491 494 495 498 499 501 506 509 512 513 514 515 516 519 520 522 524 529 530 531 533 538 541 542 546 550 556 559 560 568 569 570 572 575 578 580 586 587 588 589 603 604 605 607 612 613 616 617 618 620 627 630 631 634 642 643 645 647 648 649 651 653 654 655 658 667 671 672 678 683 686 690 694 696 704 706 709 710 711 714 716 717 720 721 726 727 729 736 738 741 742 748 750 751 753 755 760 761 765 769 771 777 785 791 797 812 819 821 823 824 825 831 835 836 838 846 847 850 852 858 862 868 874 878 883 885 886 887 895 896 901 905 906 907 913 917 918 919 920 924 928 929 931 932 934 938 940 941 942 945 948 949 951 957 958 969 970 972 976 978 985 986 991 996 997 998 1011 1014 1035 1038 1040 1042 1050 1051 1055 1061 1062 1063 1065 1069 1070 1072 1073 1076 1078 1081 1083 1091 1092 1094 1096 
334: 1 2 5 7 11 12 13 14 23 25 26 36 38 40 41 44 47 52 54 58 81 83 85 91 92 96 99 100 102 109 110 113 114 124 125 126 130 131 136 138 151 154 157 158 160 162 164 166 171 173 175 176 177 178 186 191 198 199 203 212 214 215 217 222 226 232 237 238 239 240 244 245 246 247 250 253 254 256 264 265 266 274 275 286 288 291 293 294 298 299 301 305 307 308 309 310 311 313 315 316 322 327 328 329 332 333 336 337 338 339 342 344 349 356 364 371 374 383 384 385 386 396 400 401 410 411 415 419 422 424 425 426 429 430 432 434 435 436 439 440 446 447 452 453 456 465 468 470 474 477 478 482 485 492 495 498 501 503 505 507 517 518 520 522 530 537 538 542 545 547 548 555 559 562 563 567 569 571 573 577 578 582 583 584 589 590 593 594 595 604 606 608 609 611 615 619 620 622 624 626 628 629 641 648 654 660 662 663 664 665 666 669 670 672 674 677 686 691 693 694 695 696 699 705 706 707 717 721 728 730 734 735 746 747 749 751 767 768 770 785 787 789 797 798 799 804 811 815 818 821 822 823 828 834 835 838 839 842 847 848 849 852 854 855 858 868 871 873 879 882 883 884 885 886 891 892 895 896 898 905 906 907 909 913 914 919 920 921 927 928 933 936 945 946 947 949 952 953 958 962 974 977 980 984 988 992 1004 1005 1007 1012 1021 1022 1023 1025 1029 1031 1033 1037 1038 1042 1044 1051 1055 1058 1059 1061 1068 1069 1074 1079 1081 1086 1087 1098 
344: 6 8 13 15 18 21 25 29 30 35 38 43 49 50 51 55 56 57 60 61 62 65 67 73 75 79 80 89 90 94 97 104 107 115 117 118 119 120 121 123 127 128 130 134 136 138 139 141 143 145 148 154 155 163 165 169 170 171 172 177 181 184 197 198 205 206 207 209 215 219 221 223 231 233 235 237 240 241 243 244 249 269 270 276 277 280 285 288 294 295 298 301 302 306 314 315 317 328 333 335 339 341 344 346 347 348 350 351 352 354 355 357 361 362 365 371 372 383 387 388 390 391 393 394 397 398 401 406 408 409 410 417 418 423 424 425 427 428 436 438 440 441 442 443 445 447 450 452 458 461 462 463 468 471 475 478 479 489 493 496 502 504 509 510 511 513 520 521 526 529 530 532 533 540 544 545 550 558 563 569 572 575 579 591 599 600 615 623 625 629 631 638 640 641 642 643 644 646 648 650 653 661 662 663 664 669 676 678 679 681 682 683 689 691 699 700 706 707 708 709 718 724 725 728 729 730 731 732 735 743 744 747 752 754 755 759 760 761 762 765 775 776 788 791 792 793 805 806 809 814 815 817 819 828 829 830 831 835 844 845 846 850 851 861 862 864 878 879 880 888 891 894 901 906 910 913 916 918 924 925 927 929 930 931 932 933 934 935 939 944 950 953 956 958 959 969 970 974 975 978 979 980 983 984 992 994 995 996 998 1002 1003 1005 1010 1014 1017 1018 1019 1024 1027 1038 1042 1044 1045 1046 1048 1050 1051 1052 1054 1055 1059 1062 1067 1068 1073 1074 1077 1078 1081 1085 1086 1087 1088 1091 
336: 0 3 4 9 10 12 13 17 18 21 24 27 32 33 38 40 45 51 52 54 61 62 78 80 82 90 92 100 103 104 106 111 113 115 124 131 133 141 142 144 147 150 152 156 157 160 164 172 173 175 177 180 182 184 187 188 195 201 208 209 210 214 217 218 219 220 229 230 237 238 247 252 255 256 257 260 265 266 271 272 277 278 279 280 281 284 285 288 292 296 302 308 309 313 315 318 319 321 323 325 326 328 330 336 337 340 349 355 356 357 362 369 370 372 379 382 385 388 393 403 404 407 410 411 414 421 424 425 427 428 432 435 439 440 441 444 457 462 465 475 476 477 481 485 487 491 492 494 495 505 508 510 511 513 514 520 521 522 531 532 534 537 543 545 547 551 553 556 557 564 565 566 571 572 574 575 577 579 581 588 589 593 595 596 601 603 604 606 608 614 616 624 625 627 629 635 638 645 651 652 655 659 661 666 667 668 669 670 672 676 677 687 689 691 693 702 712 714 722 723 727 728 731 734 740 745 749 753 761 768 772 773 779 780 783 787 789 790 793 794 798 799 800 803 807 809 810 814 816 820 825 827 828 829 839 842 844 845 847 848 851 856 857 865 870 871 873 874 879 881 882 889 890 904 906 907 913 919 922 926 927 929 934 935 940 941 943 945 953 954 956 959 964 965 967 970 972 973 977 979 982 983 986 989 990 994 996 999 1000 1002 1005 1011 1016 1017 1019 1020 1022 1028 1036 1042 1047 1049 1050 1056 1059 1065 1069 1071 1072 1074 1075 1081 1083 1085 1094 1095 
339: 4 5 7 10 11 13 15 16 17 22 25 29 30 31 35 36 37 39 41 46 50 52 56 67 69 70 73 75 83 85 86 89 90 93 95 97 98 101 103 104 107 108 109 116 118 119 120 121 126 127 129 131 133 138 141 143 145 146 147 153 160 176 178 181 182 184 190 193 194 197 198 201 202 203 204 205 207 208 210 211 212 213 214 217 219 221 224 226 229 230 234 244 245 251 252 256 257 267 270 272 279 281 288 294 300 304 310 311 313 319 321 323 328 331 334 335 340 343 346 351 353 354 362 363 365 367 374 378 379 381 382 383 384 393 402 403 409 419 422 425 426 431 432 434 435 436 438 442 448 454 455 462 464 465 466 471 478 489 496 500 503 506 509 510 513 516 521 523 525 528 529 533 538 542 545 546 549 560 561 564 565 566 572 580 581 584 585 590 594 595 600 604 606 608 610 611 615 616 622 624 627 634 636 642 648 650 652 656 663 666 668 671 674 677 686 687 688 695 698 700 703 705 706 714 716 721 725 727 728 729 739 741 745 746 751 754 755 759 764 766 769 770 773 775 777 783 784 795 801 809 810 812 816 817 826 827 828 830 832 835 836 837 842 845 846 851 853 859 861 865 870 872 877 878 879 880 882 883 886 898 901 906 907 908 909 916 919 923 926 930 931 932 935 945 947 949 951 952 956 957 968 969 970 974 975 976 981 982 991 998 999 1002 1003 1007 1010 1011 1012 1016 1018 1021 1022 1027 1032 1038 1042 1043 1044 1050 1052 1054 1055 1070 1072 1073 1074 1078 1082 1084 1085 
306: 5 8 9 21 22 24 28 34 39 45 47 51 52 56 69 72 74 85 87 89 94 95 99 101 111 115 118 125 127 133 134 141 142 145 148 150 152 154 155 161 165 170 174 182 184 192 196 198 199 205 212 213 216 217 219 225 232 238 240 241 247 254 257 260 266 268 271 274 275 277 280 282 289 290 291 295 296 300 303 305 306 308 313 315 317 329 335 336 337 339 341 350 352 353 361 363 370 372 380 382 383 385 387 388 392 395 397 405 408 416 421 422 423 425 431 437 450 452 463 464 471 472 473 482 485 487 489 494 496 502 504 505 513 514 515 516 520 523 527 529 530 532 535 536 537 539 543 544 545 547 551 555 569 573 575 585 586 587 590 591 593 594 595 603 604 606 609 614 623 628 629 631 638 642 648 653 657 658 661 664 669 673 674 680 681 685 686 690 699 701 704 705 706 715 716 720 721 722 724 725 730 732 735 739 744 748 750 758 761 765 769 772 776 778 779 780 783 784 789 792 795 798 799 801 811 820 827 828 830 831 833 836 838 841 843 850 852 853 857 858 859 862 866 868 878 882 886 887 890 893 896 897 902 911 918 920 928 936 939 945 949 950 951 954 955 958 966 970 973 975 984 986 990 998 999 1015 1017 1018 1021 1026 1033 1034 1036 1042 1043 1045 1047 1048 1052 1054 1057 1062 1068 1070 1072 1073 1076 1077 1078 1082 1083 1085 1086 1089 1092 1094 
336: 0 4 10 16 17 19 20 22 23 33 34 35 39 42 50 53 56 57 64 73 77 79 90 99 100 104 110 113 115 119 123 124 128 130 134 135 136 137 143 152 154 155 157 158 160 161 162 164 166 169 171 174 181 189 193 194 205 213 218 219 220 221 223 225 230 243 245 246 253 254 257 258 260 261 265 266 269 270 272 276 277 281 296 298 300 303 307 308 311 313 314 322 324 326 335 337 340 342 344 345 351 353 354 360 361 362 367 370 372 373 376 381 383 385 386 387 388 391 395 396 398 399 401 404 406 409 410 421 424 431 432 433 441 445 446 450 452 456 470 472 479 481 486 487 489 496 497 499 506 509 512 515 518 520 527 529 531 532 533 534 535 540 541 547 550 555 563 567 573 577 582 585 587 588 597 608 610 615 616 618 620 632 633 635 638 639 649 656 660 662 665 667 671 673 674 676 682 686 688 690 691 702 704 706 708 711 712 715 716 717 718 721 724 725 730 732 733 734 737 742 743 746 748 749 753 756 757 759 760 771 773 778 780 782 783 784 789 793 795 796 800 804 805 811 812 814 818 819 831 833 834 836 842 844 860 863 864 865 866 870 872 873 874 875 876 882 883 886 893 901 910 911 915 920 923 927 928 929 930 931 932 934 939 940 947 948 951 954 957 960 961 962 963 965 968 973 978 983 984 989 990 995 997 998 1007 1009 1011 1013 1014 1025 1029 1033 1037 1041 1043 1044 1046 1048 1049 1056 1060 1061 1062 1063 1065 1067 1069 1070 1075 1079 1083 1084 1086 1087 1096 1097 
349: 2 7 8 12 13 17 18 19 20 25 27 28 29 33 34 38 39 49 52 57 58 61 67 68 71 78 79 87 90 91 92 94 96 99 102 104 105 109 114 116 119 120 124 126 129 132 133 136 138 141 143 146 151 156 157 162 164 165 172 179 183 184 186 195 196 203 212 213 216 221 222 223 224 232 235 236 241 242 244 245 246 257 275 276 278 279 282 285 288 289 290 291 296 312 314 316 317 322 324 329 333 339 340 342 347 349 352 358 365 366 371 373 378 380 383 387 389 390 400 404 408 411 412 413 415 417 420 421 422 431 437 439 446 448 460 462 464 465 467 468 472 474 476 479 480 482 483 490 493 494 497 505 508 509 510 513 515 520 524 525 527 532 533 535 538 540 542 546 555 557 558 563 564 566 569 571 572 575 578 579 584 590 594 595 597 600 605 606 609 610 611 613 616 617 619 620 622 624 628 630 631 635 638 642 643 652 661 670 677 682 684 685 686 687 693 699 700 705 708 711 718 720 723 724 731 732 734 738 741 743 746 751 752 753 754 755 757 761 763 765 766 769 779 782 789 793 795 805 808 809 810 811 820 828 829 830 832 834 837 851 853 857 863 864 865 870 872 874 878 881 885 886 887 888 890 893 895 897 902 903 909 912 914 915 916 919 920 922 923 926 931 934 940 941 944 949 950 952 954 957 959 961 962 963 964 965 966 969 970 971 972 974 979 981 982 986 987 988 991 1001 1009 1012 1016 1017 1020 1025 1029 1031 1034 1035 1036 1037 1041 1047 1048 1049 1054 1059 1064 1069 1072 1074 1080 1084 1085 1089 1090 1091 1096 
313: 1 7 8 9 13 23 25 27 30 33 35 39 40 41 43 47 48 51 60 61 63 65 66 75 77 91 95 101 103 107 108 109 110 111 115 117 121 124 125 128 129 133 137 141 142 146 150 151 156 157 161 164 171 176 177 186 188 189 195 198 199 202 205 207 211 216 220 222 225 231 233 234 237 239 241 242 247 248 253 256 270 280 282 284 286 288 291 299 307 310 311 312 313 315 319 320 324 326 328 331 333 335 336 338 341 342 343 346 348 352 355 358 360 363 371 372 374 381 383 387 392 393 395 396 398 401 402 403 405 411 413 415 423 425 432 438 441 442 445 446 450 455 456 461 464 465 476 478 479 491 495 496 497 500 504 506 508 509 512 513 514 516 518 520 526 531 532 535 536 539 548 549 551 553 555 580 584 586 590 596 601 603 606 608 611 613 617 620 621 624 626 628 631 632 638 640 642 653 656 657 662 670 675 679 682 683 689 696 699 700 703 710 716 719 720 725 726 731 737 738 742 748 752 754 762 763 764 768 769 771 775 778 780 783 784 787 788 796 798 801 802 805 810 816 820 823 824 828 835 845 846 849 850 855 856 861 863 865 872 873 876 883 890 891 894 896 905 908 912 917 918 919 920 924 928 929 931 938 941 943 944 951 954 957 958 960 961 963 964 967 969 971 977 988 989 996 1006 1008 1013 1015 1024 1029 1047 1054 1055 1059 1062 1068 1085 1087 1089 1095 1098 
310: 2 8 10 15 20 22 24 35 36 38 41 46 49 53 55 58 65 66 68 69 70 76 77 79 83 85 92 93 95 97 100 105 108 109 110 111 112 115 123 125 126 130 133 134 143 144 145 147 149 150 153 158 160 166 170 174 180 181 183 184 195 208 212 215 217 222 225 226 231 234 240 241 245 246 249 250 255 256 257 259 261 265 266 267 269 270 274 280 282 290 292 293 299 300 309 310 315 317 319 322 324 327 328 331 332 334 336 349 356 357 360 361 362 363 364 366 370 371 373 374 385 386 389 392 395 399 402 404 406 408 409 411 417 424 425 426 427 428 431 432 435 438 439 449 458 462 464 465 466 476 477 485 493 498 502 506 513 514 515 516 518 525 529 530 533 537 538 540 543 545 554 556 557 560 564 572 582 586 592 594 598 606 608 612 613 619 623 625 629 633 637 640 641 653 658 660 665 669 671 672 674 676 677 679 681 684 687 691 695 696 698 704 716 722 730 741 746 753 755 767 768 773 774 775 782 786 790 791 794 801 808 809 815 817 818 828 837 843 847 848 855 858 869 871 876 879 880 882 887 888 890 894 897 899 902 904 914 919 921 924 927 928 934 937 941 952 954 957 967 971 973 975 981 983 987 991 992 994 999 1002 1005 1006 1009 1012 1013 1017 1019 1022 1031 1033 1036 1038 1039 1043 1046 1049 1050 1052 1053 1054 1057 1065 1071 1072 1074 1075 1079 1081 1086 1087 
311: 1 2 3 8 12 14 15 26 29 30 35 39 40 45 46 47 48 52 54 57 67 69 72 80 85 89 93 97 99 107 112 116 125 127 129 131 138 150 151 152 155 157 162 172 174 175 181 183 185 188 191 193 195 201 216 223 228 232 237 241 243 245 247 249 251 253 257 260 263 265 269 276 278 280 281 283 288 294 298 300 304 306 307 308 311 313 318 319 321 326 331 332 336 339 352 353 354 355 360 365 367 370 371 374 375 376 382 387 388 392 396 397 402 407 410 413 414 415 416 418 421 422 428 429 443 445 463 466 472 475 476 480 481 482 484 490 491 493 496 497 501 502 509 513 515 516 517 519 522 523 525 527 529 535 537 540 542 544 556 558 559 562 568 569 571 572 573 574 579 583 584 586 594 599 600 601 606 607 609 612 614 615 616 621 623 624 634 635 638 640 643 651 652 657 659 669 674 679 680 684 685 689 691 692 701 705 711 720 726 731 733 734 735 743 744 748 751 755 762 769 770 780 781 782 791 793 794 801 803 806 807 809 810 812 814 825 834 836 837 838 846 847 848 849 850 856 858 859 867 871 874 880 882 883 885 887 889 897 899 900 906 908 909 918 927 929 934 941 947 952 953 954 965 971 973 975 977 979 981 984 994 995 997 1001 1003 1006 1007 1016 1017 1018 1019 1022 1031 1032 1035 1046 1055 1058 1059 1065 1069 1070 1074 1076 1079 1080 1082 1084 1093 1094 1097 
321: 0 4 6 7 8 13 15 27 29 31 32 34 56 62 66 74 75 78 80 83 85 87 88 89 91 93 101 106 111 112 115 119 122 125 127 134 135 139 143 144 145 146 148 152 153 155 156 163 164 172 177 180 182 185 186 189 192 199 200 203 209 212 214 218 219 220 222 224 225 226 231 232 233 238 242 247 254 256 258 261 268 274 275 280 282 286 291 294 302 303 304 306 310 312 315 332 333 334 337 339 342 344 347 348 350 357 360 363 370 372 376 377 378 380 381 382 383 387 388 395 399 400 401 406 407 410 411 425 426 429 430 431 437 451 456 458 459 460 464 466 473 475 477 482 486 487 488 491 499 503 505 506 508 509 518 526 530 532 537 542 546 555 561 562 567 571 572 575 576 577 584 585 587 589 593 600 603 605 612 613 615 616 617 618 626 627 633 637 638 639 641 645 646 655 656 663 665 666 675 676 678 679 681 682 683 686 697 700 702 703 706 708 715 716 718 719 720 721 725 728 730 734 736 737 738 742 751 752 753 761 768 772 773 774 776 777 780 787 796 799 803 807 808 812 813 815 820 821 825 827 833 834 838 839 842 850 857 864 865 869 870 874 876 878 881 885 887 888 892 893 896 907 910 911 918 924 927 930 932 933 936 938 939 942 943 944 947 949 952 965 977 989 993 1000 1002 1005 1006 1008 1009 1011 1016 1018 1022 1023 1030 1031 1039 1041 1046 1048 1055 1057 1062 1063 1071 1073 1075 1077 1084 1085 1090 
341: 1 2 8 9 10 18 26 28 29 31 33 34 35 39 40 48 55 59 60 62 63 65 69 70 71 72 75 79 83 88 89 91 94 96 97 101 103 105 107 111 115 121 124 125 126 127 128 129 130 131 132 136 144 145 147 148 149 156 159 164 165 166 183 184 188 192 194 196 198 200 201 206 207 208 210 211 214 215 216 219 221 227 231 234 235 239 244 247 250 251 256 267 269 275 277 282 283 287 292 293 294 295 296 297 300 308 310 313 319 323 328 332 335 338 341 350 354 355 356 358 360 362 363 365 369 371 372 375 378 379 382 383 387 393 400 408 411 417 426 427 434 435 441 443 445 447 448 449 451 452 460 461 462 463 464 465 471 478 482 488 491 492 500 501 504 519 526 533 536 537 541 544 545 546 548 550 552 553 555 562 563 564 569 580 585 586 587 589 593 596 599 606 620 623 624 625 627 628 631 632 637 648 650 654 655 658 660 662 665 666 667 679 680 685 691 695 696 699 704 710 711 714 717 718 722 723 731 732 734 736 738 744 747 748 755 762 765 769 770 776 777 779 784 785 787 790 795 801 802 804 811 813 815 816 821 823 836 837 841 844 845 848 849 850 851 855 859 876 881 883 885 891 898 903 904 913 918 919 920 924 931 932 935 938 940 945 946 947 951 952 954 958 959 962 964 967 970 972 973 977 980 984 985 986 991 997 1000 1001 1002 1006 1007 1011 1021 1023 1025 1027 1029 1031 1034 1039 1044 1045 1047 1050 1051 1053 1056 1058 1059 1066 1068 1073 1074 1077 1079 1081 1086 1094 1096 1097 1098 
291: 1 4 27 28 31 33 34 35 42 43 48 55 56 59 60 71 72 77 78 82 84 96 101 104 106 110 111 114 116 120 121 125 126 129 137 144 147 159 164 169 172 173 176 177 178 184 188 193 199 201 204 207 210 211 214 219 221 222 228 229 235 236 238 245 250 253 254 259 263 265 271 272 273 282 287 297 300 304 307 314 325 328 335 338 339 346 349 356 364 366 369 370 371 378 384 386 387 388 389 392 395 396 397 405 406 408 412 418 419 420 422 423 431 437 440 442 443 450 451 454 461 462 467 470 473 477 478 479 482 485 486 491 495 496 499 500 501 502 504 506 508 518 520 521 526 527 528 531 532 538 541 546 548 550 553 559 566 570 571 573 576 586 588 589 592 594 595 596 601 603 604 608 609 610 611 614 617 619 620 623 645 646 651 657 660 661 664 667 671 672 676 680 687 688 690 693 697 698 706 707 714 716 717 726 733 734 737 740 741 746 760 761 772 774 775 777 779 787 791 792 795 798 799 805 810 812 822 831 834 841 845 849 850 851 854 855 865 870 874 879 883 888 890 899 900 906 907 908 909 914 915 919 921 926 932 938 939 941 943 949 951 955 958 964 970 976 980 981 987 993 995 1004 1015 1017 1021 1023 1025 1041 1042 1044 1046 1057 1065 1066 1070 1071 1080 1092 1095 1097 1098 
353: 2 5 9 12 15 22 23 24 31 33 36 39 42 44 45 52 55 56 58 59 61 62 66 69 70 71 82 84 88 90 92 94 103 104 108 111 112 114 115 116 118 122 125 128 134 136 146 147 148 149 150 154 157 162 164 170 171 175 177 180 181 182 188 190 191 200 205 209 211 214 216 218 220 226 227 229 232 236 240 253 259 261 263 264 268 272 284 289 291 292 293 297 298 301 303 305 306 307 309 311 316 318 319 320 330 331 335 339 341 347 350 353 355 359 362 364 366 369 372 377 378 383 384 385 388 390 392 396 397 398 399 400 405 406 411 412 413 423 424 426 427 430 435 436 439 440 442 446 447 448 449 461 463 475 478 479 480 482 485 487 488 489 495 497 498 500 505 511 512 513 515 518 522 524 525 531 536 544 546 555 561 562 565 570 573 577 580 583 586 589 590 594 596 597 600 601 605 608 610 612 619 623 625 629 633 634 636 641 643 645 649 674 677 678 681 682 685 686 689 690 693 694 696 697 705 706 711 716 718 722 726 727 738 740 744 746 752 754 755 756 764 767 776 780 783 786 787 788 790 793 796 797 799 802 806 812 826 828 829 832 833 834 835 836 838 839 842 844 845 848 849 851 852 853 854 855 865 866 869 875 877 879 881 882 884 885 886 887 891 892 894 898 901 903 912 914 923 924 926 929 935 938 941 952 953 956 957 961 962 965 974 975 976 977 980 982 986 1000 1001 1002 1003 1004 1005 1010 1016 1018 1019 1020 1028 1029 1031 1032 1037 1038 1039 1046 1048 1055 1056 1057 1058 1062 1069 1070 1071 1074 1075 1081 1085 1089 1092 1095 1096 
333: 1 7 8 18 21 24 26 27 39 41 44 47 50 51 52 54 57 61 73 75 85 90 91 92 96 99 101 107 108 120 127 130 131 132 135 136 138 142 143 145 158 163 172 173 174 176 178 179 189 191 195 197 200 201 204 205 211 218 224 230 232 233 235 239 240 242 256 259 263 264 266 269 270 276 278 289 290 292 294 295 296 298 300 301 302 307 311 313 317 321 325 326 331 334 336 341 342 343 346 348 349 350 352 353 354 360 361 363 368 369 370 371 375 383 384 385 386 391 398 399 403 404 407 411 412 415 416 420 422 428 429 433 435 436 439 444 448 457 463 464 465 466 468 469 470 472 474 476 488 492 493 494 501 503 511 517 519 521 522 529 535 537 538 539 543 545 548 553 558 563 573 574 575 576 579 580 581 582 583 595 596 597 598 602 604 607 615 622 625 630 631 636 637 642 650 651 652 654 655 658 659 660 666 668 669 672 673 675 688 690 698 701 702 703 704 712 714 716 717 719 720 723 727 731 733 741 742 743 747 748 751 753 756 757 758 760 766 768 771 773 777 779 780 781 784 787 789 796 807 813 814 815 816 822 841 845 848 851 855 856 858 860 862 866 871 872 878 879 880 882 884 895 899 900 911 912 913 918 919 920 921 922 927 928 931 933 942 946 947 950 951 953 961 966 967 968 970 973 974 975 976 977 978 982 984 991 994 997 998 1003 1005 1008 1010 1012 1013 1018 1020 1021 1022 1023 1035 1036 1042 1043 1044 1061 1063 1076 1081 1083 1089 1090 1095 
341: 0 4 5 9 11 13 14 28 32 33 35 38 40 46 47 48 53 57 60 62 66 71 74 76 82 85 87 90 96 100 101 103 105 106 108 109 111 112 114 120 121 125 128 137 143 150 151 152 153 155 156 164 168 169 173 193 201 202 206 214 217 218 227 228 229 230 241 243 250 251 253 256 258 263 270 277 279 280 286 288 289 290 292 293 298 299 302 305 312 313 317 318 322 327 329 334 336 337 342 347 354 364 365 367 369 375 389 390 391 392 398 400 403 406 409 410 412 415 421 428 432 440 441 442 447 450 454 455 458 459 464 469 470 477 479 480 482 486 487 492 499 510 511 512 515 517 519 525 526 527 529 530 532 540 545 547 549 551 553 557 560 566 571 572 578 579 583 588 590 593 598 599 600 601 603 604 605 609 613 616 620 622 626 629 632 637 639 641 648 650 653 656 657 658 659 660 663 671 676 678 679 683 689 693 694 701 703 704 710 712 714 717 719 722 724 725 726 728 729 730 733 734 735 740 744 747 748 751 756 760 762 765 770 772 773 775 778 780 781 786 787 788 789 791 792 799 800 801 803 805 810 812 817 820 823 829 833 834 839 842 844 846 847 857 862 863 868 875 883 889 894 896 897 899 905 908 911 912 915 923 926 928 932 934 935 937 939 940 946 951 952 958 959 960 964 965 966 968 969 973 976 978 982 983 984 986 990 991 994 997 998 1001 1004 1006 1013 1020 1021 1025 1027 1028 1029 1032 1034 1035 1037 1038 1040 1050 1054 1056 1057 1059 1064 1067 1068 1083 1084 1085 1090 1093 1095 
333: 0 4 6 7 10 12 14 15 17 18 21 24 25 28 29 31 35 38 40 41 43 45 47 50 52 53 56 59 60 61 62 65 66 71 74 76 78 82 84 85 89 95 96 97 102 104 106 108 110 112 113 114 116 120 130 135 139 143 148 149 153 155 159 161 163 172 177 182 186 188 190 191 192 194 196 197 199 205 208 219 225 229 236 242 250 251 253 254 256 261 262 267 268 274 275 278 281 286 289 290 294 295 296 299 304 305 308 309 311 313 317 320 321 324 326 332 334 336 338 340 345 348 353 354 355 357 358 361 372 373 374 377 378 380 387 395 397 405 408 412 417 421 428 433 448 450 451 458 460 462 463 466 467 468 471 472 473 474 483 486 499 503 504 505 509 510 514 519 530 531 535 538 540 543 545 546 547 548 550 552 564 569 573 576 583 588 591 592 608 616 620 624 627 629 630 632 633 634 635 637 639 640 644 646 648 651 655 656 662 666 671 673 675 679 688 689 693 694 696 697 701 704 706 708 710 712 713 717 723 733 736 738 744 745 746 750 751 768 771 787 788 789 793 794 795 797 804 812 813 815 821 822 824 828 830 833 834 836 841 849 852 854 855 868 869 872 873 885 888 890 891 898 900 902 917 922 923 930 933 935 936 938 939 940 944 946 947 955 956 957 963 964 965 967 968 969 970 976 984 996 1007 1008 1009 1012 1015 1016 1017 1024 1025 1036 1039 1040 1042 1044 1046 1047 1048 1051 1052 1053 1054 1059 1060 1063 1064 1065 1073 1074 1078 1082 1088 1090 1093 
327: 0 2 7 11 14 15 23 25 26 36 39 40 55 64 65 67 69 76 84 85 86 89 96 97 98 99 100 101 109 111 116 117 118 121 122 125 131 134 136 147 148 150 153 158 159 163 164 168 169 176 182 183 185 189 190 191 193 194 195 198 202 205 212 213 214 217 220 221 224 226 231 235 237 238 244 246 248 249 261 271 274 275 276 277 283 284 286 287 292 294 298 302 309 311 319 323 330 332 336 338 346 350 351 353 354 360 361 366 371 375 376 385 387 389 390 391 393 394 400 401 404 405 406 407 408 415 419 422 429 430 432 433 438 439 443 445 447 448 450 454 459 460 462 463 466 471 475 480 482 486 491 493 496 509 513 516 519 520 524 525 528 536 539 542 558 560 565 567 572 574 576 579 583 584 585 589 591 601 602 607 610 612 613 615 616 621 624 634 636 637 640 643 644 645 655 657 663 666 674 678 683 692 693 695 696 697 698 700 712 713 714 716 718 720 725 727 734 737 739 748 753 755 756 757 760 761 763 766 770 774 776 783 784 786 788 797 800 803 806 807 808 819 822 841 847 850 853 855 856 859 862 864 866 867 870 872 873 875 877 881 882 884 888 892 893 897 898 899 902 906 907 910 913 917 920 922 923 927 936 937 943 951 952 953 960 963 964 966 969 975 976 979 982 983 990 992 1002 1007 1008 1010 1011 1014 1016 1018 1019 1022 1026 1029 1033 1049 1051 1054 1057 1060 1064 1068 1070 1071 1073 1075 1076 1077 1082 1085 1091 1096 1098 
322: 3 7 9 11 15 17 18 19 21 22 25 28 33 34 41 59 64 65 78 79 84 85 88 89 90 91 94 96 103 105 109 113 114 120 122 123 129 133 137 143 147 148 153 159 162 166 168 178 186 189 192 195 198 199 203 210 213 214 218 221 222 225 228 229 231 235 242 244 250 253 255 264 268 274 276 292 294 295 300 307 308 311 313 317 320 321 323 327 329 337 339 341 342 344 347 355 361 363 367 368 372 373 375 380 384 394 396 398 403 406 409 410 413 417 418 421 423 433 434 439 441 449 450 452 456 466 469 472 474 477 479 480 482 484 485 489 492 497 501 504 505 506 509 510 514 515 518 521 522 523 526 533 534 536 537 538 540 542 545 553 560 561 567 569 573 574 579 586 590 591 592 597 599 604 609 620 622 627 641 644 645 648 651 660 661 662 665 670 672 676 678 682 684 687 688 689 690 693 697 699 700 711 716 718 720 726 729 734 738 749 752 753 754 756 761 762 767 768 770 774 775 776 778 781 783 787 788 789 790 791 797 800 801 804 805 811 812 817 821 823 824 825 839 841 843 845 846 847 848 849 856 862 865 871 872 876 885 886 889 890 891 896 902 908 916 918 919 921 922 923 934 941 944 945 947 953 955 956 959 961 964 965 967 968 973 975 986 988 994 1013 1016 1017 1021 1023 1028 1030 1031 1032 1034 1035 1043 1048 1049 1054 1055 1057 1058 1062 1066 1069 1076 1080 1082 1084 1086 1088 1089 1092 1093 1094 1095 1096 
331: 1 3 4 7 11 12 14 27 32 38 39 44 46 47 50 54 56 58 60 70 75 76 81 82 84 85 94 95 97 98 99 102 103 108 115 121 125 126 127 128 129 132 134 136 137 141 150 153 157 159 160 161 162 170 171 173 174 176 177 179 183 187 192 205 208 210 211 218 221 226 229 233 235 238 245 250 253 259 264 270 271 272 274 282 284 285 286 288 289 296 297 302 303 305 307 308 311 314 326 327 328 331 334 335 340 342 345 356 367 369 371 372 373 378 381 382 385 387 390 394 397 398 407 408 411 415 424 430 432 442 448 449 455 456 459 461 462 464 466 467 468 472 477 479 480 481 484 485 486 488 490 495 503 507 509 510 512 513 515 521 533 534 536 539 540 541 546 553 556 557 558 561 563 564 569 570 577 580 581 584 588 592 593 599 601 605 607 608 610 611 614 615 617 618 619 620 621 622 623 625 627 628 630 631 638 642 643 654 655 659 671 672 673 674 675 678 679 681 682 685 689 694 701 702 708 714 721 722 723 728 730 731 734 735 736 741 742 743 747 749 752 753 756 758 770 772 773 778 784 786 794 796 798 804 813 819 824 830 833 834 835 836 837 839 841 846 848 854 855 860 866 867 871 874 877 879 883 884 889 890 896 898 901 911 924 925 927 942 945 947 960 962 963 964 981 983 984 987 988 989 992 997 1000 1003 1006 1010 1012 1014 1015 1016 1017 1018 1020 1027 1031 1034 1039 1047 1052 1054 1059 1060 1064 1070 1077 1082 1086 1087 1089 1096 1097 
339: 0 1 4 12 15 17 20 24 31 40 43 45 49 50 54 55 59 60 66 68 70 78 79 80 86 90 98 99 100 102 103 115 118 121 122 123 124 127 128 130 132 133 140 143 145 146 147 153 154 155 158 160 161 164 168 169 172 175 178 179 182 185 189 190 196 202 203 205 208 214 220 222 228 229 236 241 244 246 247 249 254 256 260 262 264 271 276 278 279 281 283 286 295 296 299 302 305 309 313 315 317 318 320 321 322 323 324 328 331 339 344 352 357 358 360 364 366 367 371 373 377 381 384 390 395 397 398 407 410 425 426 432 436 438 439 441 448 449 450 452 456 458 462 463 464 465 469 470 471 472 475 476 477 487 490 491 499 500 501 502 516 518 523 530 532 533 541 542 543 546 547 548 552 553 556 558 559 563 564 570 571 572 573 574 576 578 584 586 589 597 598 599 600 602 603 607 610 613 614 617 619 620 621 632 633 634 639 640 652 653 660 664 665 668 672 675 683 695 696 698 704 707 710 715 716 718 720 736 739 741 745 750 754 756 760 766 777 778 779 780 791 794 797 798 799 801 802 805 806 807 808 810 812 813 819 825 829 833 836 838 840 841 842 843 849 850 852 858 860 864 868 872 874 875 886 891 894 898 901 912 915 918 919 922 927 930 932 933 935 936 937 940 941 942 944 951 958 959 966 968 974 976 978 981 982 996 997 1002 1006 1008 1010 1013 1016 1018 1020 1026 1027 1032 1035 1042 1044 1051 1052 1053 1058 1060 1061 1062 1065 1070 1078 1079 1082 1084 1089 1091 1093 1095 1096 
338: 1 2 9 13 16 23 24 26 29 32 35 39 44 47 51 53 58 74 76 80 81 87 91 104 110 113 114 116 117 119 121 125 127 129 132 134 135 137 138 143 145 147 149 171 178 180 182 188 189 190 194 195 198 203 206 208 209 213 217 218 222 223 225 233 243 250 255 259 267 272 277 278 289 292 302 305 311 315 316 317 318 324 328 330 332 333 338 339 348 349 353 358 359 361 364 366 368 370 375 376 380 381 382 383 384 388 392 397 401 404 406 410 419 420 421 422 423 428 431 433 434 438 442 444 445 446 452 455 457 462 469 470 471 479 480 481 482 491 497 501 502 503 505 509 510 513 520 521 524 530 532 533 535 536 539 541 542 547 551 553 556 559 560 562 563 566 567 569 570 571 578 580 581 585 587 588 589 594 595 600 601 603 605 607 608 610 616 620 622 627 630 632 636 638 641 642 643 644 645 660 666 667 669 672 676 677 679 681 684 688 691 692 693 696 701 702 706 712 718 719 722 724 725 729 731 732 736 737 740 748 751 753 760 761 768 770 772 779 781 782 785 789 792 793 794 795 798 799 803 805 806 810 812 816 820 825 827 831 837 849 850 854 856 859 867 870 871 875 876 877 879 881 883 890 891 894 895 897 899 908 915 916 918 923 930 931 937 938 940 945 963 964 974 980 983 984 985 986 988 991 992 995 1001 1004 1005 1006 1017 1018 1023 1024 1027 1029 1036 1040 1043 1044 1046 1051 1053 1057 1059 1061 1064 1068 1070 1071 1072 1074 1076 1078 1080 1081 1083 1085 1087 1088 1090 1091 
324: 5 12 13 15 16 17 18 23 24 26 28 37 38 39 41 47 49 55 56 57 58 60 63 68 73 75 77 83 84 86 90 92 93 95 99 101 107 111 113 118 119 123 131 133 139 141 143 148 151 159 160 164 168 169 173 177 179 183 184 188 189 190 191 196 197 198 200 202 208 211 212 221 225 226 227 233 234 237 239 249 250 253 254 259 261 262 266 267 269 276 277 283 284 288 293 296 297 298 299 300 303 308 312 314 315 325 328 330 333 334 342 343 344 347 348 349 352 358 359 361 363 364 366 373 375 377 378 384 385 387 389 394 396 397 405 410 423 425 433 438 440 441 445 453 455 463 464 469 471 477 486 490 495 498 499 506 507 509 511 519 522 524 527 530 532 533 535 541 544 545 546 548 553 554 568 573 576 577 580 583 586 591 594 595 597 600 608 614 615 618 626 627 629 641 647 653 654 657 660 663 669 670 672 676 685 687 690 691 697 700 702 708 709 710 712 717 719 721 724 729 739 742 746 747 748 749 751 753 754 756 758 760 762 763 773 775 776 777 782 783 792 796 800 807 808 812 818 821 825 826 827 828 830 832 834 841 842 846 849 851 853 855 857 865 876 879 880 886 903 904 905 908 909 910 913 914 918 920 922 929 930 931 939 945 953 956 967 968 970 973 976 981 989 994 997 999 1001 1002 1003 1009 1010 1011 1013 1017 1021 1022 1030 1037 1038 1041 1042 1045 1046 1051 1053 1054 1060 1062 1074 1075 1083 1088 1089 1095 
322: 0 1 2 6 11 14 17 20 21 24 25 26 29 33 39 41 43 49 54 56 58 61 63 66 68 70 72 84 97 100 107 109 115 122 123 124 128 129 133 135 137 142 147 153 154 158 166 167 171 172 178 180 181 183 191 193 195 198 201 221 222 224 233 235 237 240 241 244 247 252 254 255 261 264 266 268 269 278 279 281 286 289 294 296 301 308 313 315 318 319 320 321 331 339 340 342 344 345 347 352 353 360 362 364 368 370 374 375 376 379 381 385 386 391 395 403 405 412 416 426 427 431 433 434 438 440 450 452 453 455 458 459 460 462 467 470 480 481 482 493 494 496 501 512 519 520 521 523 525 529 533 536 537 538 542 544 545 550 551 554 556 557 559 562 566 573 579 581 590 593 597 599 605 606 607 610 617 618 627 632 633 634 636 637 640 642 643 644 658 664 666 667 668 669 670 672 674 676 681 685 686 691 695 696 698 709 710 712 716 718 720 735 737 740 743 746 747 751 754 757 759 762 765 768 769 770 771 774 775 776 777 778 789 794 796 802 808 811 813 816 817 819 820 821 825 828 829 832 833 834 840 845 847 850 852 858 860 862 864 866 877 884 888 889 890 892 895 898 903 907 909 910 913 920 922 924 925 927 941 946 947 950 960 976 981 986 987 1001 1007 1008 1009 1012 1014 1015 1016 1017 1018 1021 1038 1040 1041 1042 1050 1051 1054 1056 1058 1060 1061 1062 1065 1067 1070 1072 1074 1075 1087 1089 1090 1091 1092 1094 
356: 3 5 6 14 20 27 29 30 35 38 40 41 44 45 49 57 71 73 80 83 84 85 91 93 94 102 106 115 118 120 121 122 124 126 128 130 132 133 134 137 139 148 151 153 155 158 159 162 166 172 173 175 178 180 183 184 187 188 189 191 192 193 198 203 209 211 212 213 214 217 218 225 228 236 237 241 244 251 252 261 263 264 265 274 278 282 286 293 298 301 305 306 307 310 312 315 322 324 326 332 333 337 338 342 346 347 355 357 361 362 363 366 367 373 381 384 385 389 396 400 401 403 406 407 412 413 419 420 422 427 435 439 445 446 451 453 455 460 462 464 465 469 472 473 474 478 481 482 487 489 490 492 501 503 508 510 513 515 516 518 523 524 537 539 540 541 547 548 556 558 563 565 566 567 569 574 578 579 580 585 587 588 596 603 604 605 610 611 617 618 620 625 626 628 629 631 633 634 637 638 639 640 642 644 645 646 648 653 656 660 663 665 668 679 680 685 688 689 697 699 701 706 709 711 712 720 721 724 730 733 736 737 741 743 744 745 747 748 750 751 752 757 761 763 765 767 774 776 779 780 783 785 786 787 792 793 797 800 801 804 807 811 819 820 822 823 830 831 834 836 839 843 846 848 851 856 860 861 864 865 866 869 872 873 877 878 883 886 888 890 891 898 901 904 906 908 909 915 921 926 930 933 936 938 945 953 962 964 966 967 968 972 980 981 983 986 987 993 994 1000 1002 1007 1014 1016 1018 1023 1027 1029 1032 1033 1036 1039 1042 1044 1045 1046 1047 1049 1054 1057 1058 1059 1065 1066 1070 1072 1075 1077 1079 1082 1084 1086 1088 1090 1094 1098 
321: 0 2 3 8 17 23 24 26 30 32 33 35 38 46 48 49 51 52 54 56 57 61 62 65 71 72 74 75 82 86 95 97 101 105 115 116 119 122 127 128 129 132 133 135 138 141 143 145 149 161 165 168 170 176 177 178 183 187 189 190 191 196 199 201 202 203 206 208 218 224 227 229 230 240 242 243 246 248 253 254 257 259 265 266 269 276 279 285 287 288 292 293 294 297 298 303 304 306 307 310 313 320 326 328 331 337 351 352 358 360 362 365 370 372 374 379 388 389 398 399 400 405 407 408 412 419 421 424 427 429 430 431 435 437 449 453 455 458 459 463 464 466 467 470 473 475 476 485 489 492 500 512 513 516 518 521 524 526 529 534 538 543 549 552 553 558 564 565 566 570 572 574 575 576 578 588 589 592 595 600 608 613 622 626 633 634 635 639 641 643 647 649 654 655 658 669 673 674 678 683 684 686 691 703 706 710 713 714 716 727 730 732 734 735 744 747 750 751 756 757 760 763 764 765 778 781 784 793 797 803 812 815 816 818 822 824 825 826 829 836 845 846 847 849 851 852 854 860 863 869 879 883 886 890 891 898 900 901 910 911 914 916 917 918 922 925 926 929 933 938 939 940 944 949 952 954 962 966 970 972 973 974 976 978 980 981 984 986 988 998 999 1001 1005 1007 1009 1014 1020 1021 1024 1027 1028 1032 1035 1036 1040 1045 1047 1048 1049 1052 1057 1058 1060 1076 1082 1085 1086 1092 1094 1095 1097 
314: 8 9 10 11 13 14 17 18 19 30 32 33 35 38 44 45 46 47 50 52 59 60 61 66 67 68 71 84 88 89 91 92 94 95 96 104 112 117 119 130 131 137 143 147 149 151 157 163 164 167 169 176 178 179 188 191 196 200 214 218 219 220 222 224 227 237 241 249 251 253 255 258 259 267 270 272 273 276 279 284 285 290 291 303 305 306 308 309 310 313 317 320 326 330 342 352 353 354 355 356 357 359 361 362 363 367 368 384 388 390 391 396 400 401 404 407 408 410 415 421 425 426 435 436 443 444 445 446 447 454 455 457 460 461 463 464 468 470 473 478 480 481 482 483 484 489 492 495 496 497 505 509 511 513 514 515 517 518 533 536 540 541 543 546 548 550 553 561 565 566 568 569 573 579 581 582 583 584 587 590 591 594 597 599 601 604 606 607 609 610 625 627 631 636 639 643 647 648 670 671 675 680 683 694 701 715 722 726 730 734 735 741 744 750 751 756 762 763 768 772 777 779 781 783 784 785 786 789 790 791 795 797 802 806 809 819 823 826 827 830 831 836 837 838 848 851 860 864 865 868 875 876 878 880 881 882 889 894 895 902 909 911 916 917 926 930 931 932 937 942 943 946 950 953 954 955 960 961 965 968 972 973 978 980 981 985 987 989 998 1002 1003 1005 1012 1015 1017 1021 1023 1024 1026 1029 1045 1053 1054 1055 1056 1063 1066 1068 1079 1083 1087 1091 1094 1095 
334: 1 3 5 7 11 13 15 26 31 34 39 42 43 46 51 52 53 55 56 58 59 65 69 74 77 81 83 84 93 94 97 105 108 110 114 118 119 120 121 122 125 126 129 132 134 135 137 138 140 145 148 150 151 152 161 165 167 169 170 174 180 181 185 186 187 189 192 194 198 199 201 202 211 215 217 225 233 236 237 239 241 245 248 252 254 255 263 266 269 273 275 284 285 288 292 294 295 297 298 301 305 306 307 309 312 318 322 325 330 342 345 346 347 348 352 354 362 368 369 373 374 375 377 380 385 386 387 389 401 403 404 409 416 425 426 429 430 434 436 437 441 444 447 452 454 458 468 474 476 485 486 487 489 496 499 501 504 510 525 526 527 528 539 540 542 544 545 551 552 553 554 561 570 573 577 583 594 598 601 602 604 608 613 614 616 617 619 624 626 630 633 635 636 637 648 652 655 657 658 659 661 671 673 674 675 677 683 685 689 690 698 700 701 703 709 710 712 714 716 719 724 729 731 733 736 737 739 740 745 746 749 753 754 757 773 776 788 792 793 795 801 806 810 813 819 830 831 832 833 834 841 842 848 849 852 856 857 858 861 862 863 867 870 871 875 879 880 881 882 885 887 890 891 895 896 897 903 905 907 908 910 925 927 932 936 937 939 942 949 950 951 953 955 957 960 961 962 964 965 968 970 971 972 974 976 978 992 993 999 1005 1013 1014 1019 1022 1023 1027 1029 1035 1038 1040 1045 1054 1055 1065 1066 1070 1071 1073 1077 1079 1081 1085 1094 1098 
327: 0 1 17 18 21 24 26 28 30 33 42 43 50 57 58 64 65 66 68 69 71 73 78 82 84 87 92 97 99 101 103 115 116 117 118 119 121 122 129 136 137 139 141 143 144 146 148 149 150 152 156 160 166 167 169 174 175 179 180 182 191 192 195 199 202 204 205 208 209 214 216 219 221 223 224 227 236 239 241 242 245 248 250 252 254 260 261 265 266 267 268 270 272 279 282 285 289 292 301 312 326 332 335 339 351 353 355 356 358 359 361 362 363 364 366 367 368 370 373 374 377 386 389 392 395 407 408 412 413 414 415 417 418 421 422 428 429 433 434 435 440 450 456 461 464 465 468 469 470 477 484 487 492 497 503 504 505 510 512 514 524 526 535 541 544 549 555 561 563 571 572 576 577 579 587 590 591 595 597 599 603 607 608 609 611 619 620 621 625 627 634 635 637 638 648 650 655 656 663 665 668 671 686 690 692 695 698 703 704 708 709 710 714 717 718 721 724 731 734 735 736 740 741 742 744 753 757 758 762 765 766 767 771 774 775 777 780 781 785 789 794 795 797 805 807 809 815 825 829 831 833 836 840 841 842 847 855 860 862 863 864 865 867 871 873 878 884 885 887 890 891 894 897 898 904 908 909 911 916 917 921 925 934 938 939 940 943 946 951 955 958 961 963 965 966 970 976 993 994 996 997 1012 1016 1018 1028 1029 1035 1036 1037 1038 1039 1051 1052 1053 1058 1063 1070 1071 1072 1073 1080 1081 1085 1086 1089 1090 1096 
307: 4 6 8 12 14 15 16 17 18 23 25 26 28 29 31 33 35 36 44 46 47 48 49 51 53 56 58 59 61 69 77 79 82 88 92 100 101 106 108 109 110 115 138 140 141 143 149 152 162 165 168 176 178 181 185 189 199 207 210 212 224 225 228 230 232 233 234 236 243 249 252 265 266 269 274 275 278 292 299 307 310 311 312 314 316 318 321 323 328 329 330 332 336 337 341 345 352 358 361 366 367 368 381 385 386 390 393 395 397 398 400 403 404 405 409 411 416 426 436 439 443 446 447 451 455 458 460 464 465 469 470 475 481 485 486 491 492 494 496 497 498 499 515 518 523 528 529 534 537 539 542 553 557 559 561 570 571 574 575 577 578 582 593 598 603 607 608 614 621 626 627 631 633 635 637 639 660 664 667 672 674 682 685 689 697 707 710 711 712 713 714 715 721 726 730 733 738 740 743 751 753 755 764 771 775 778 780 785 787 791 796 797 798 799 800 802 803 805 806 807 808 811 812 822 824 826 827 830 831 836 840 842 843 844 846 849 852 857 858 859 860 861 863 864 869 870 874 879 881 882 893 894 895 907 913 914 917 921 928 930 939 945 947 951 957 959 962 965 967 968 969 971 974 978 980 981 984 991 992 993 994 998 1002 1011 1016 1019 1027 1032 1033 1035 1036 1037 1042 1055 1056 1069 1071 1073 1078 1079 1080 1083 1088 1089 1092 1095 1097 
318: 3 4 8 12 16 19 21 29 30 33 43 49 53 59 63 67 71 73 75 77 80 82 83 90 91 92 93 97 98 107 108 113 116 122 124 129 132 134 136 137 139 145 147 149 151 152 153 155 157 160 161 163 166 167 174 179 181 184 186 190 196 198 208 216 217 218 232 233 234 235 236 240 241 246 250 251 254 258 266 269 273 274 279 290 296 312 316 321 329 333 335 340 342 347 350 359 362 363 366 369 371 376 377 378 379 384 389 397 399 403 407 409 416 420 421 423 424 427 435 437 440 443 449 450 456 458 459 462 464 465 473 474 477 480 485 488 489 497 498 500 508 511 515 516 526 528 531 533 536 543 545 546 554 557 560 561 562 563 566 570 572 576 578 580 585 595 597 598 599 601 603 604 611 614 617 619 624 634 638 641 647 649 655 657 660 663 665 666 673 676 681 686 688 691 693 696 697 699 701 704 709 713 714 717 723 724 729 732 737 752 755 758 770 772 774 776 781 784 786 787 789 792 796 801 802 803 805 806 810 815 816 821 824 825 827 829 833 834 835 837 845 849 863 865 867 870 872 882 886 887 889 891 893 894 898 904 906 909 911 913 917 921 923 926 927 931 932 933 942 951 952 956 961 963 964 967 969 974 976 991 993 995 998 999 1001 1002 1005 1006 1008 1022 1026 1027 1028 1029 1030 1033 1034 1036 1037 1038 1039 1040 1047 1059 1061 1066 1069 1071 1072 1076 1077 1079 1080 1084 1085 1086 1096 1098 
322: 1 11 13 15 17 23 24 28 31 32 39 45 46 53 54 55 56 59 65 67 70 73 75 80 82 83 88 93 98 101 105 119 120 123 127 129 134 136 139 140 146 151 154 156 157 165 168 171 173 179 182 186 189 191 192 194 196 202 205 207 212 213 217 219 222 223 235 236 238 239 242 247 249 250 253 260 267 269 271 286 293 294 295 296 300 301 302 306 313 318 323 327 328 329 332 335 344 345 346 353 354 364 374 375 378 379 382 387 389 392 400 403 404 406 407 408 410 414 427 431 434 437 441 442 443 445 446 448 449 455 457 462 463 465 468 472 474 475 484 486 488 490 493 497 500 501 503 509 513 514 515 521 523 524 530 532 536 537 541 545 547 549 551 552 553 554 560 563 564 571 572 576 582 583 585 586 588 592 593 596 599 600 601 603 604 609 610 612 614 619 620 621 622 623 624 626 628 630 631 632 633 643 644 648 650 655 661 668 670 671 676 679 680 682 686 688 690 696 697 701 702 705 706 713 718 719 721 727 729 730 731 736 739 743 747 749 750 757 761 767 768 770 775 786 788 798 799 805 811 813 817 822 823 825 836 846 847 852 859 861 862 864 869 871 876 877 881 883 884 886 887 888 892 893 897 901 904 909 911 921 922 925 930 933 938 940 941 958 965 971 973 974 975 979 980 994 997 1000 1004 1011 1015 1025 1026 1029 1031 1033 1044 1046 1049 1054 1067 1069 1074 1081 1082 1083 1089 1090 1091 1093 1095 1097 
319: 6 8 9 11 13 16 30 32 36 37 45 50 58 64 69 72 76 77 78 80 88 93 96 99 103 105 107 108 113 115 116 123 125 126 127 129 132 136 139 141 142 143 156 165 175 178 180 182 187 189 190 192 204 210 214 222 228 235 251 256 258 262 265 272 273 275 286 287 290 302 306 307 312 313 315 323 325 331 341 343 347 351 353 356 359 362 363 367 368 370 373 377 378 380 381 384 393 398 405 407 410 413 414 416 420 428 435 440 441 443 444 445 446 453 455 456 458 462 464 467 471 472 475 478 479 480 489 495 499 500 503 505 509 511 514 516 522 523 524 525 526 531 533 535 536 545 547 549 552 555 560 562 563 571 573 579 582 591 597 599 603 608 614 617 618 619 625 628 638 646 647 648 650 657 661 665 669 670 671 677 678 681 682 683 684 687 688 691 692 693 694 695 696 699 715 718 719 722 724 726 727 731 732 734 741 742 744 747 750 752 755 759 760 761 762 764 766 773 780 781 784 785 789 790 794 800 810 818 819 822 823 824 829 831 833 834 837 839 842 854 855 857 865 866 871 873 876 877 881 886 887 889 890 891 892 894 897 901 904 906 908 911 914 915 916 917 919 920 922 923 926 928 935 936 939 941 952 953 957 963 966 968 975 976 983 984 989 990 1002 1005 1009 1011 1012 1014 1016 1018 1023 1025 1027 1028 1036 1038 1042 1045 1054 1057 1065 1066 1069 1071 1073 1074 1078 1080 1084 1085 1090 1093 1098 
Days = 7
Shift constraints
2 6
2 5
1 6
0 7
1 6
3 4
true
true
Forbidden sequences = 2
3 1 
2 3 

