# Randomly generated data for the integrated task scheduling and personnel rostering problem, skilling=0,300 and tightness=0,900 seed=15120
Tasks = 1138
653 770 2
424 494 2
646 708 0
420 526 6
595 671 3
647 709 1
420 508 0
650 750 3
739 785 6
421 476 1
736 842 1
645 714 0
647 711 0
645 727 1
431 544 5
747 869 3
422 472 0
433 537 4
420 467 3
645 703 6
647 696 2
647 714 1
645 747 3
432 500 1
424 555 4
421 495 4
647 759 0
766 874 2
421 470 1
736 800 3
422 502 2
646 753 4
645 772 0
420 527 6
775 816 2
646 752 3
744 826 1
421 462 2
735 788 1
647 730 0
421 497 4
645 717 2
736 818 4
647 738 4
737 800 1
710 774 1
421 484 0
819 919 4
437 546 5
741 800 1
752 841 3
746 878 2
653 726 5
760 824 0
422 510 0
528 626 6
646 719 6
735 769 4
424 531 6
754 812 3
648 784 0
703 766 6
661 737 0
735 860 4
645 736 5
696 798 2
645 703 5
738 848 6
719 849 6
433 573 4
878 930 3
657 740 1
421 460 4
736 794 4
655 761 5
472 560 1
555 657 4
920 964 4
742 787 2
800 865 2
649 733 2
648 680 5
804 894 1
657 709 3
501 567 2
423 506 5
735 784 6
421 514 1
424 520 6
646 695 0
420 510 5
736 807 5
420 491 1
769 871 4
432 500 5
647 759 2
735 808 2
670 726 4
645 730 1
484 549 0
474 564 2
747 829 3
531 602 6
474 592 3
649 719 6
421 465 2
898 952 2
506 584 5
809 924 4
736 775 2
425 500 0
645 747 1
715 770 0
744 888 2
787 880 0
829 898 2
793 902 6
420 515 0
735 854 2
842 974 3
646 695 3
646 713 5
876 976 2
547 655 5
645 703 3
727 867 4
739 837 1
567 643 2
654 717 2
602 661 6
421 531 3
781 866 3
774 898 0
501 634 1
735 854 2
735 846 5
428 576 5
509 595 0
420 512 5
727 787 1
461 518 4
522 614 1
699 791 3
794 876 3
510 629 0
645 744 5
502 545 2
933 1038 4
657 732 0
465 524 2
421 469 4
430 543 6
548 642 2
736 770 2
425 454 0
889 1012 2
510 579 5
498 550 4
643 689 2
802 877 1
427 475 5
702 787 0
512 588 5
420 518 0
421 504 1
747 837 0
512 601 0
647 707 6
644 684 2
815 882 0
762 824 0
646 744 6
747 789 1
906 975 2
760 842 2
421 463 2
497 561 4
740 848 6
556 628 0
508 557 1
542 601 4
744 813 6
719 815 0
425 474 1
645 692 3
479 590 1
940 1044 3
690 800 4
650 714 5
660 774 6
736 808 5
735 786 4
741 835 5
715 777 0
773 826 2
772 839 0
437 543 3
730 812 5
431 479 1
909 982 6
420 526 4
420 461 1
485 582 1
735 870 3
659 754 6
738 813 1
856 961 2
674 797 6
466 520 4
737 845 1
1041 1139 4
783 911 0
421 464 5
840 913 3
718 829 2
842 898 0
599 650 1
753 875 4
449 527 1
863 988 4
825 903 1
434 498 2
808 835 2
603 705 1
787 873 2
807 900 5
735 816 2
686 817 5
420 484 6
879 979 2
744 859 5
487 548 1
752 805 0
481 604 4
747 791 3
743 847 5
626 691 6
791 867 3
515 594 0
1045 1166 3
827 904 1
894 1025 1
645 727 0
736 864 4
735 794 0
465 554 5
785 853 6
840 921 0
605 659 3
420 516 2
805 868 3
646 762 4
739 858 6
830 861 0
978 1038 2
745 819 0
651 725 3
422 497 3
579 650 5
859 912 5
846 930 5
912 1015 5
788 868 4
868 909 4
910 976 4
650 739 5
432 519 2
835 902 2
421 486 5
852 947 6
432 521 2
826 912 2
614 715 1
494 561 1
888 978 0
752 869 4
557 686 1
703 847 5
501 572 6
865 906 2
647 734 6
849 893 6
785 878 0
715 770 1
435 516 1
736 802 5
531 637 3
977 1026 3
645 716 6
787 876 1
788 855 1
992 1098 4
1105 1160 4
571 635 2
657 715 3
708 749 6
686 738 1
966 1009 2
876 950 3
708 773 1
813 883 5
650 734 4
423 514 5
650 720 1
420 502 0
722 788 3
559 612 6
800 884 4
714 757 5
977 1072 4
754 850 6
1015 1089 5
735 818 1
906 964 2
427 542 0
591 672 5
738 815 6
744 814 5
557 681 1
735 821 5
588 657 5
638 696 3
791 859 1
804 884 5
425 469 4
661 782 2
856 934 1
518 649 5
421 501 2
922 1021 0
802 891 6
507 601 2
430 554 5
546 648 3
843 963 2
566 671 1
655 749 5
646 692 1
810 902 5
819 896 3
767 865 6
693 755 1
936 1022 1
657 748 5
473 555 4
847 905 5
823 853 2
554 675 5
777 872 2
643 763 0
739 847 3
862 949 0
743 866 0
774 832 1
518 625 4
1035 1131 2
722 813 1
815 925 1
763 812 5
930 971 5
902 942 2
853 910 6
794 856 0
1048 1103 2
978 1056 0
772 901 1
900 994 5
817 893 5
420 489 4
746 819 6
488 557 0
735 837 3
737 826 6
820 909 0
884 944 5
900 946 3
1034 1120 1
794 861 3
882 968 0
988 1067 2
594 658 0
733 797 0
742 860 4
516 586 2
869 930 3
625 720 4
676 778 5
1140 1220 4
522 590 0
872 977 4
895 949 5
694 752 3
959 1068 0
869 949 4
813 880 5
651 788 0
756 820 3
501 618 5
755 864 4
528 635 2
904 994 4
741 840 0
522 625 2
831 877 6
915 991 1
844 930 0
577 659 5
893 972 6
951 1066 5
499 579 4
688 784 2
749 831 6
650 715 5
849 950 5
643 711 2
883 1011 5
759 827 1
625 703 6
635 717 1
674 753 1
562 624 4
505 568 3
604 665 2
953 1026 2
625 678 4
662 730 3
527 590 6
776 915 4
730 832 1
845 907 1
1074 1143 0
891 966 4
832 942 1
838 946 5
862 917 1
856 898 0
890 988 3
646 735 4
562 657 4
735 841 4
725 784 4
821 893 3
837 958 3
578 708 6
591 687 6
914 956 2
964 1013 4
728 807 3
718 801 1
911 1006 1
931 999 0
990 1086 3
912 1040 0
608 678 4
739 794 5
740 803 0
850 927 3
550 694 4
906 960 5
826 910 6
692 783 6
554 640 5
767 829 0
876 998 1
748 832 5
744 846 6
606 745 4
808 866 3
687 743 3
875 955 1
586 659 2
737 819 4
1086 1154 0
973 1051 2
422 545 1
750 819 5
852 937 6
524 598 1
942 1083 1
785 863 6
547 662 1
948 1025 5
1019 1099 4
760 840 1
658 711 0
964 1086 6
740 794 1
677 768 5
448 574 0
821 874 5
732 800 2
651 708 6
477 519 0
602 676 1
1167 1223 3
911 993 6
1121 1223 1
965 1026 2
785 868 4
940 1060 6
1008 1083 1
465 555 1
657 735 0
646 711 3
619 699 5
872 949 2
870 926 3
949 1092 2
1068 1110 2
631 679 0
893 938 6
491 608 5
968 1043 4
647 787 6
532 573 3
794 892 0
1024 1153 0
817 880 5
856 906 1
864 928 6
894 946 3
675 766 1
886 1019 5
1029 1072 2
981 1088 0
964 1043 2
687 755 6
721 767 6
460 534 0
748 831 1
960 1084 3
937 1026 1
681 763 4
954 1019 3
525 654 6
959 1079 1
562 640 1
627 685 2
1023 1095 1
716 805 5
950 1016 4
1070 1151 5
658 719 4
720 799 4
868 949 3
837 920 1
819 951 1
1031 1126 1
1054 1150 2
915 967 6
420 497 2
662 752 6
661 765 0
908 994 1
947 1031 5
549 622 0
799 884 0
980 1104 2
829 888 2
910 992 5
992 1090 6
612 662 4
870 999 6
871 959 4
868 960 0
507 596 0
593 635 0
773 863 0
705 808 3
1100 1224 4
707 809 5
832 930 5
909 954 3
835 892 1
849 965 6
654 722 3
806 837 2
518 628 2
476 560 5
644 730 5
438 523 6
947 1045 3
532 635 2
854 973 2
819 887 4
998 1087 1
723 826 3
814 942 6
810 841 5
843 928 1
907 1007 1
887 971 4
735 832 4
824 892 5
887 981 5
794 847 5
994 1111 1
665 752 4
901 1023 1
898 1006 0
1021 1087 5
743 824 4
844 945 3
968 1081 6
1084 1163 6
1020 1082 3
929 1048 3
704 799 6
502 576 0
695 732 2
902 993 0
920 963 0
714 814 3
950 1004 3
712 793 6
1102 1204 6
880 936 6
894 960 5
1074 1220 2
1111 1154 2
1055 1153 3
893 963 1
999 1087 0
752 822 6
750 817 4
835 914 4
974 1067 2
1031 1100 5
678 730 4
636 691 2
808 907 6
711 837 6
1026 1090 5
838 914 6
585 667 3
984 1065 5
942 1017 6
774 845 1
913 1029 0
1098 1223 1
499 567 3
735 828 2
1113 1220 1
654 751 2
603 656 0
668 722 2
565 657 1
832 926 0
1129 1171 1
580 725 4
829 916 1
947 1000 3
869 930 3
528 621 6
766 807 2
842 940 0
824 905 4
974 1040 5
1021 1137 4
633 718 6
1028 1091 2
696 826 4
1009 1085 1
828 913 5
755 858 6
1168 1208 6
841 963 3
793 917 6
779 871 1
1092 1133 3
1095 1153 0
751 825 3
809 872 3
738 847 4
673 754 3
1105 1149 5
737 871 4
567 630 6
807 879 0
553 620 0
711 796 0
685 810 1
534 638 1
871 924 4
772 826 5
888 926 0
802 928 1
733 815 3
830 938 0
643 734 1
1065 1147 6
832 920 5
915 987 6
1057 1146 3
1087 1224 3
600 698 4
1091 1186 1
872 950 3
1135 1211 2
931 1043 1
863 921 3
857 945 2
576 669 0
1067 1131 2
737 797 2
971 1028 4
702 768 2
638 783 0
1005 1064 4
1093 1171 5
939 1001 0
1023 1094 5
731 844 4
429 535 3
727 832 6
1029 1112 4
964 1036 1
716 844 2
678 765 0
1098 1217 0
994 1060 0
1136 1223 3
1017 1063 6
1079 1171 4
426 481 5
1151 1220 5
1061 1154 0
796 887 0
794 891 6
1070 1149 5
970 1048 3
952 1017 1
797 866 2
629 737 2
1087 1155 1
809 937 2
951 1029 3
957 1012 2
973 1051 6
1051 1154 6
785 912 2
1115 1213 2
659 718 2
619 715 0
1018 1094 1
942 1020 2
848 931 4
865 950 6
837 920 4
877 925 1
933 1066 0
1172 1216 1
928 1014 3
896 968 6
817 923 3
1172 1220 5
1006 1069 0
1089 1142 5
877 950 4
1038 1080 0
1005 1112 3
1071 1146 3
983 1035 6
953 1073 5
1005 1053 3
763 866 3
950 1017 4
836 935 6
850 917 5
758 845 5
941 1015 6
1064 1154 6
994 1062 5
1091 1178 6
718 827 2
1147 1222 4
796 831 6
727 830 4
1036 1115 6
873 987 4
595 700 0
1027 1100 3
1102 1202 4
877 929 1
827 929 2
681 726 0
558 633 0
768 885 2
921 985 4
569 613 5
800 924 0
963 1003 3
728 827 4
946 977 6
1113 1154 4
736 813 0
952 1020 6
950 1045 6
943 1033 4
699 821 3
991 1092 6
932 998 0
997 1093 4
752 834 4
737 852 1
569 610 3
756 856 3
1059 1108 4
620 712 5
869 902 0
521 592 2
933 1005 4
1008 1089 4
669 738 0
1043 1164 2
725 846 2
829 929 2
1020 1128 4
804 861 1
1131 1224 2
868 929 4
767 849 6
851 920 6
610 730 5
845 922 5
1095 1224 1
986 1055 4
1092 1167 2
556 646 5
1033 1120 3
832 872 1
1047 1154 4
1059 1143 3
933 1007 3
760 841 0
466 521 2
878 949 0
1129 1196 4
826 911 6
1101 1144 5
676 787 5
961 1038 5
1121 1152 3
952 1061 3
847 930 5
847 927 0
1011 1086 2
925 985 0
1112 1154 3
968 1008 6
843 899 4
1038 1129 5
655 725 6
966 1044 0
558 629 4
1013 1056 2
834 892 6
721 811 5
682 818 1
1143 1224 5
1127 1221 2
1040 1120 5
960 1023 5
764 850 4
854 928 4
986 1091 0
800 837 4
947 1020 3
634 755 0
923 1052 6
976 1018 0
739 826 4
821 927 3
1095 1154 6
919 1012 4
923 991 3
890 929 2
723 858 1
867 938 2
743 824 6
1052 1153 6
1108 1218 4
1072 1150 0
911 1034 6
832 943 6
1099 1160 2
947 1071 2
730 855 5
1045 1154 6
1012 1070 6
589 689 5
646 773 4
710 757 5
993 1034 3
851 923 4
993 1038 5
925 993 1
522 641 2
1045 1153 1
728 776 6
1036 1153 1
1020 1125 2
1167 1224 2
924 979 5
745 829 3
889 996 2
636 735 0
1082 1154 3
886 944 4
1020 1117 1
659 698 1
854 924 1
646 782 2
748 835 5
983 1040 6
822 907 0
1034 1087 0
756 811 0
1029 1172 4
701 805 0
1006 1080 3
899 991 4
710 792 1
1099 1154 0
451 517 4
806 887 0
1080 1143 1
1085 1160 1
808 882 5
1064 1127 2
1128 1224 2
1077 1125 6
1073 1146 0
1062 1117 5
581 634 3
665 734 3
826 927 4
780 917 3
1126 1159 6
949 999 3
1168 1223 2
728 827 0
651 726 5
947 1067 0
937 979 1
1129 1224 5
819 874 1
1019 1154 4
992 1085 1
760 829 5
1081 1153 0
722 833 2
740 865 0
864 929 5
875 928 1
736 850 0
845 928 2
887 930 0
939 1079 2
1080 1163 5
715 797 5
1012 1073 6
945 1021 6
1118 1153 6
884 922 5
874 926 1
847 922 5
827 928 0
1043 1094 5
1162 1224 1
978 1081 4
831 971 2
1092 1152 2
868 919 1
976 1066 2
1078 1151 2
1162 1224 6
850 929 6
773 848 4
913 996 0
815 927 0
790 922 0
1081 1148 4
616 682 0
1072 1149 2
1072 1148 0
688 755 6
860 922 1
659 742 1
728 820 5
1106 1223 3
1091 1215 0
991 1114 1
841 914 2
1042 1161 3
1083 1154 1
783 918 2
984 1020 5
1092 1153 1
843 896 0
800 918 5
1149 1224 4
1027 1142 4
822 929 6
1125 1224 2
696 789 0
1014 1062 3
1074 1152 6
1160 1223 0
858 929 6
526 650 4
839 921 2
1179 1221 6
796 923 1
1058 1142 4
644 751 0
856 926 1
1092 1151 4
946 1000 4
737 856 2
746 809 1
783 929 5
1089 1154 5
876 923 5
793 917 6
896 969 6
1058 1118 6
955 1025 5
844 928 4
1019 1067 6
539 612 3
976 1056 6
1022 1154 5
1023 1154 1
931 1034 4
869 952 6
851 925 0
1053 1139 5
1035 1086 0
612 713 3
1157 1217 6
995 1085 6
1119 1221 1
721 815 3
1171 1219 3
816 926 3
1123 1224 5
1165 1221 5
872 929 0
813 902 5
667 774 4
651 730 3
1035 1153 6
1041 1143 4
856 924 3
996 1076 2
1117 1154 5
1024 1084 5
1126 1198 6
875 1009 3
1086 1142 6
849 927 4
596 681 2
1058 1153 6
836 929 5
1043 1143 0
1187 1223 1
1003 1047 0
1021 1112 3
839 923 3
1049 1142 0
1161 1222 4
1096 1196 3
859 921 2
1126 1221 3
815 918 3
1062 1138 3
753 845 0
1157 1224 4
1021 1151 3
681 745 2
1011 1064 4
1012 1121 0
1158 1224 3
711 807 3
1070 1149 3
806 923 0
1074 1154 0
746 840 2
1177 1224 4
808 885 3
850 929 2
841 929 4
909 1010 0
927 1012 4
1101 1200 5
845 909 2
1076 1154 2
1067 1154 6
734 799 3
887 979 3
831 905 4
1094 1151 4
836 928 3
835 907 5
1145 1215 4
1012 1154 4
1134 1209 0
1088 1223 0
953 1099 6
1066 1142 4
1142 1223 6
1056 1123 6
983 1045 3
852 929 0
600 708 5
775 895 6
1021 1134 0
1119 1222 1
673 803 4
1042 1152 6
1065 1154 3
1084 1153 2
1097 1195 0
779 880 3
887 929 0
811 918 4
1174 1215 4
1172 1218 2
915 1010 0
1021 1134 0
1116 1180 6
1097 1224 3
817 923 1
1048 1153 3
1143 1218 4
802 921 5
1084 1154 5
Shifts = 4
0 0 0 0 0 0
420 0 0 510 0 0
645 0 0 510 0 0
735 0 0 490 0 0
Employees = 40
347: 10 15 19 22 24 26 28 31 33 38 39 40 42 43 52 53 57 59 61 67 68 72 74 77 79 80 83 85 87 88 91 97 101 107 113 114 125 130 133 142 147 148 150 152 153 155 157 161 162 167 168 171 174 176 177 182 186 188 190 191 192 193 195 196 197 208 209 210 212 228 233 237 239 245 246 247 248 249 255 257 260 264 270 273 276 282 285 287 292 293 295 297 300 301 304 305 313 318 319 324 329 331 332 333 335 341 346 353 354 355 362 371 373 378 392 396 398 404 407 408 411 412 416 421 422 425 427 431 433 437 438 439 445 446 448 453 454 455 456 461 465 467 469 471 472 485 491 493 495 498 499 500 505 509 510 513 515 518 524 527 528 529 533 535 552 553 557 564 569 570 572 575 579 581 584 590 591 592 594 595 599 601 603 604 609 611 612 615 623 624 625 627 628 634 635 636 639 640 642 644 651 655 656 657 660 662 665 666 668 674 676 677 680 687 688 689 690 697 703 704 705 710 711 713 714 715 717 721 722 728 729 731 732 734 735 736 745 747 750 751 755 756 761 767 770 772 785 789 793 794 797 798 799 802 806 807 809 817 818 824 827 834 839 840 841 844 855 859 864 872 875 878 880 884 887 889 893 895 902 906 910 913 914 915 921 929 934 936 937 938 939 941 946 949 953 954 956 957 958 962 963 964 969 975 985 988 991 992 997 999 1000 1004 1008 1011 1026 1028 1029 1044 1047 1050 1051 1053 1054 1058 1063 1064 1066 1067 1072 1074 1079 1083 1091 1094 1098 1099 1101 1114 1121 1122 1123 1127 1129 1130 1133 1134 1136 
347: 0 4 5 8 9 11 12 13 16 21 23 27 30 31 36 37 39 42 45 49 52 55 56 58 74 79 81 83 91 94 97 98 104 105 107 109 110 111 115 116 117 121 122 128 131 132 135 136 139 143 144 145 148 149 159 160 165 166 170 171 178 179 182 184 186 189 193 195 197 200 205 207 210 214 220 225 230 238 240 241 243 245 248 253 257 258 262 263 264 265 266 270 280 281 283 288 290 297 300 302 304 308 312 318 322 330 338 342 354 358 368 369 371 375 376 377 379 382 386 388 393 406 408 411 413 418 422 428 437 446 454 456 463 464 466 470 471 473 474 475 476 483 486 488 490 494 495 500 501 503 508 514 515 524 527 530 535 538 539 540 551 552 555 557 558 570 572 577 579 583 593 594 598 599 601 603 611 612 614 615 619 620 621 624 625 631 634 635 638 648 652 656 662 670 672 675 684 688 689 690 698 699 702 707 708 709 710 712 715 719 721 726 727 729 730 734 735 738 741 748 749 751 753 756 757 758 759 760 761 766 768 771 773 777 778 780 788 789 794 796 797 812 813 814 817 821 826 830 837 839 840 845 849 850 852 855 859 862 864 865 869 879 881 884 885 886 887 893 895 896 905 907 909 911 912 914 917 920 924 927 928 930 934 936 937 938 940 944 946 950 952 953 955 956 960 961 964 970 973 976 977 979 981 983 984 989 993 1007 1008 1009 1022 1023 1025 1029 1032 1035 1038 1040 1044 1046 1054 1059 1065 1068 1074 1077 1078 1081 1085 1086 1090 1094 1095 1096 1099 1104 1108 1113 1114 1116 1118 1124 1127 1129 1132 1134 1136 
333: 0 2 4 5 13 14 22 24 25 28 30 32 38 48 50 51 55 56 58 66 67 69 71 75 82 85 86 88 89 94 97 112 114 126 130 134 135 140 146 148 152 157 159 160 162 165 169 178 180 181 187 189 190 193 195 199 203 216 226 227 229 232 236 238 240 248 253 254 260 269 270 271 274 277 280 281 285 287 292 293 294 300 303 306 320 322 329 333 336 337 341 342 346 348 349 359 360 362 365 366 367 369 372 379 382 387 389 390 400 401 412 418 424 427 430 438 439 440 446 451 456 458 462 464 468 470 472 473 475 476 482 485 487 506 507 515 517 520 522 529 530 531 532 536 541 544 548 549 551 553 568 571 574 576 578 579 587 592 600 602 603 606 607 610 612 613 614 617 618 623 624 626 638 641 646 649 653 655 657 658 660 667 668 669 671 673 676 683 686 693 701 702 705 708 714 717 721 724 733 736 737 741 743 746 748 751 753 754 755 757 761 766 767 768 772 773 776 778 780 781 787 788 790 792 793 795 800 803 806 813 815 819 820 821 823 825 826 837 838 839 846 848 850 851 852 853 855 858 861 864 868 881 882 883 887 889 890 892 895 899 900 902 905 906 910 912 917 920 922 924 928 929 930 935 936 942 943 944 950 954 956 959 960 961 962 965 968 969 970 976 981 985 987 988 989 990 991 997 1000 1002 1013 1014 1016 1017 1025 1033 1037 1044 1046 1052 1063 1064 1070 1071 1072 1075 1080 1087 1088 1094 1098 1100 1104 1106 1107 1113 1122 1128 1129 1130 1133 1134 1135 
343: 6 8 11 14 17 24 28 30 31 34 38 46 47 48 49 60 67 68 73 74 76 79 87 88 89 93 94 96 97 98 108 109 110 114 116 120 122 125 134 139 142 145 146 151 152 153 161 162 172 175 180 189 194 195 199 201 202 204 208 209 211 212 216 217 222 224 225 230 231 234 235 242 243 252 254 255 259 260 261 262 270 271 275 279 282 283 295 301 303 310 311 312 318 323 325 326 331 332 334 337 338 339 342 343 344 345 347 349 350 351 355 358 365 366 370 373 379 381 386 393 398 399 402 403 407 409 414 417 421 423 425 428 431 432 435 443 445 451 456 457 460 462 466 468 469 471 476 477 483 493 496 499 503 506 511 514 516 517 518 525 545 546 549 553 558 560 564 566 568 572 574 577 581 586 587 592 597 601 603 607 609 611 612 617 619 626 627 629 635 637 638 639 641 644 648 652 656 658 660 661 665 666 668 669 670 671 672 678 680 681 683 689 694 695 697 702 706 709 713 714 731 738 740 741 742 748 754 761 762 763 764 767 768 773 774 777 778 786 787 788 789 790 791 795 799 803 810 811 814 820 822 827 830 833 836 840 842 845 848 849 852 856 857 858 860 868 870 872 879 883 885 886 887 888 889 891 895 896 898 904 907 909 910 912 914 917 918 919 921 923 928 940 941 943 945 948 949 957 970 971 975 980 984 988 989 990 994 996 998 1004 1005 1006 1008 1011 1012 1014 1015 1016 1019 1021 1022 1024 1031 1033 1035 1038 1040 1045 1047 1055 1061 1062 1065 1069 1075 1076 1081 1088 1098 1113 1119 1133 1135 
321: 6 8 10 11 15 16 23 31 32 39 42 44 45 46 55 57 58 63 70 79 80 82 83 89 99 100 110 113 115 116 120 121 123 127 128 129 132 135 142 143 147 148 151 154 156 167 168 174 175 178 179 183 184 186 200 202 204 205 206 207 212 215 224 232 235 238 241 243 244 253 266 270 273 279 285 286 289 290 291 292 295 298 299 302 303 306 308 314 316 321 326 332 335 336 338 344 346 347 348 349 351 352 359 366 368 376 379 381 382 383 384 386 387 388 389 391 393 395 396 397 407 409 413 418 422 423 429 430 433 438 441 442 448 451 452 458 468 469 473 475 482 486 487 488 490 492 493 494 496 502 511 520 527 532 533 534 538 549 561 567 572 576 579 580 581 582 586 594 597 610 616 619 620 628 632 636 641 644 645 650 651 653 654 655 658 659 662 663 679 684 688 689 691 693 695 700 701 706 707 708 710 712 718 722 723 725 726 727 729 733 735 743 745 752 753 756 758 763 768 771 772 774 777 782 784 794 795 800 801 804 805 806 808 811 813 818 823 830 834 836 840 841 842 845 856 861 868 879 882 883 886 887 889 894 900 903 904 911 912 917 923 924 935 936 937 939 940 951 953 955 956 958 961 962 966 967 969 972 973 976 977 983 988 993 1003 1004 1006 1011 1012 1015 1022 1024 1026 1031 1032 1037 1038 1039 1052 1056 1057 1062 1068 1070 1073 1080 1089 1090 1097 1100 1102 1103 1104 1108 1114 1116 1121 1122 1125 1128 1134 
365: 2 6 12 13 17 18 20 29 34 35 38 41 45 51 54 58 61 64 68 81 82 83 85 90 95 96 99 101 102 105 111 113 114 117 118 119 120 122 125 127 128 129 133 136 137 142 145 149 158 159 161 164 168 169 170 173 177 180 183 190 191 192 194 200 214 215 223 228 234 235 236 247 248 255 256 259 260 264 267 272 273 275 276 278 280 291 296 297 298 301 302 303 309 312 318 320 321 322 331 334 335 340 343 347 348 353 356 358 362 369 374 375 379 382 384 386 387 394 395 396 399 401 405 406 407 408 409 414 415 417 418 420 430 434 437 440 443 445 449 450 454 456 460 463 466 468 469 472 474 480 481 482 484 487 503 509 511 512 513 514 517 518 519 520 521 522 524 526 532 533 536 538 539 543 545 546 547 549 551 555 556 557 559 561 570 571 573 577 579 581 585 589 590 594 596 612 613 614 619 622 623 624 625 628 629 631 637 638 642 645 647 652 653 656 666 672 673 675 678 679 681 684 685 691 693 694 696 697 701 706 708 712 717 719 721 724 728 729 735 736 737 740 743 744 755 759 767 769 774 775 780 781 783 785 786 790 796 800 806 811 816 818 821 823 824 825 828 830 831 833 834 838 846 847 849 851 852 867 871 878 881 882 883 884 885 886 887 890 892 896 904 906 909 910 911 912 917 922 923 926 930 934 935 937 939 944 947 949 950 951 954 956 962 963 969 972 976 983 984 986 989 990 994 1001 1003 1007 1013 1015 1016 1019 1023 1024 1026 1029 1032 1033 1040 1041 1045 1046 1054 1056 1057 1059 1060 1066 1068 1070 1071 1077 1082 1092 1101 1104 1105 1111 1112 1113 1117 1118 1119 1121 1124 1134 1135 
331: 0 1 3 7 9 15 23 26 28 30 34 40 44 47 51 56 57 62 72 80 81 85 86 93 95 110 116 117 123 126 130 136 140 141 143 146 147 151 152 154 159 163 164 165 170 171 173 174 181 187 200 201 202 214 217 222 224 226 229 233 236 237 242 246 247 248 249 255 258 260 274 276 283 289 295 297 307 308 309 311 317 323 330 333 334 338 340 342 346 347 348 351 355 360 361 362 365 367 368 372 375 381 382 385 387 389 393 395 399 411 412 416 419 420 424 425 426 430 446 447 450 452 457 461 463 469 473 475 481 486 489 491 492 493 494 495 498 500 505 518 519 522 526 528 530 534 543 545 546 548 551 553 556 558 562 564 567 570 574 575 578 584 585 586 595 598 603 607 610 611 613 619 620 621 626 633 643 644 660 661 667 670 671 674 677 679 681 690 697 701 704 708 717 719 721 722 723 726 728 729 736 737 740 742 743 745 746 751 756 757 763 769 770 771 774 779 784 789 790 793 799 801 803 804 807 809 811 813 816 821 822 823 826 845 849 853 859 861 863 864 866 867 870 873 878 880 882 884 886 888 891 899 904 905 906 909 913 914 916 918 923 924 930 932 940 943 944 945 950 951 953 956 957 959 962 964 965 967 969 970 972 973 975 982 984 993 996 997 998 1000 1001 1002 1003 1008 1009 1011 1024 1034 1041 1042 1046 1047 1049 1050 1051 1054 1057 1060 1061 1063 1069 1072 1076 1078 1084 1087 1090 1094 1095 1099 1103 1111 1112 1117 1120 1122 1123 1125 1127 1130 1133 
347: 7 13 15 19 23 24 29 32 34 35 39 40 42 43 47 48 51 53 57 64 68 75 77 80 82 83 85 87 88 98 99 101 107 108 110 120 121 122 128 133 134 136 142 157 160 162 163 165 166 170 173 176 180 183 186 187 191 192 194 196 201 205 207 213 214 216 217 220 224 225 226 229 231 232 234 235 236 244 247 253 255 264 268 270 281 282 285 289 290 291 293 294 296 302 308 309 310 311 316 319 322 324 325 327 338 340 342 344 349 357 360 362 363 369 370 380 381 382 384 389 394 396 397 398 399 404 406 407 408 413 414 418 424 425 430 432 433 435 444 446 448 449 454 455 457 459 460 466 468 477 481 482 488 495 501 510 511 513 514 516 521 523 525 528 536 542 544 548 549 551 554 557 565 566 569 570 576 582 587 589 590 592 605 606 616 621 622 626 629 631 634 636 641 650 651 652 657 659 663 668 669 671 674 676 680 681 687 688 689 695 699 700 702 706 707 709 715 720 727 734 736 737 741 743 745 746 748 756 758 767 778 787 789 791 792 793 795 797 798 802 804 806 808 815 816 818 823 824 825 827 829 831 835 847 848 850 853 855 856 860 861 862 863 876 877 883 885 887 893 896 897 907 908 911 918 921 923 925 926 927 929 930 932 938 944 945 948 951 953 960 962 966 967 968 978 979 985 986 988 1004 1007 1010 1011 1016 1017 1018 1023 1026 1027 1029 1036 1040 1042 1043 1044 1046 1047 1048 1049 1053 1055 1057 1058 1059 1064 1065 1066 1070 1072 1073 1079 1080 1081 1085 1089 1093 1108 1112 1115 1118 1121 1122 1123 1124 1127 1129 1136 
356: 3 9 10 11 13 15 21 22 24 37 39 43 54 55 56 62 63 64 68 70 71 76 77 78 81 87 90 91 97 102 104 107 108 113 114 118 121 124 128 130 132 137 141 142 146 151 153 154 156 157 158 161 163 164 172 174 177 178 179 185 186 187 196 199 202 205 216 217 218 220 222 224 232 234 235 237 240 242 248 250 258 262 263 265 266 270 281 284 287 293 295 296 297 298 299 301 302 303 307 315 318 324 325 326 327 328 329 331 333 334 336 339 341 345 346 347 348 350 353 354 356 360 366 367 370 372 374 379 381 382 386 390 394 401 403 406 407 408 409 412 413 417 419 422 424 430 434 435 439 441 444 448 454 456 460 463 468 471 472 475 478 483 491 496 501 503 506 509 513 514 516 518 521 526 528 531 536 539 540 544 549 557 570 575 581 584 585 586 591 592 593 595 597 598 599 602 605 609 613 615 616 623 625 627 633 636 637 638 639 642 644 645 649 652 658 660 664 669 670 673 674 679 680 681 690 696 699 710 716 721 724 729 731 734 738 739 746 750 758 760 762 763 765 766 774 783 785 787 793 795 808 809 811 815 818 820 821 824 825 833 834 838 841 843 844 847 848 851 852 853 855 856 858 860 861 863 867 870 872 874 878 883 885 886 887 892 894 898 900 901 904 905 908 910 917 920 921 926 934 942 944 945 946 965 967 968 971 973 980 982 987 988 989 991 992 997 999 1007 1013 1014 1015 1018 1021 1027 1028 1033 1035 1036 1040 1054 1059 1070 1073 1077 1081 1084 1085 1088 1091 1092 1093 1094 1096 1100 1102 1104 1110 1112 1114 1115 1119 1120 1127 1128 1133 1136 
340: 1 3 9 11 15 17 24 26 31 32 33 34 35 39 45 48 54 61 62 63 74 76 81 82 83 89 92 96 98 102 107 115 118 121 126 129 135 140 141 142 143 144 147 151 155 156 157 159 163 167 171 173 174 175 177 183 189 190 195 201 202 207 215 217 218 220 221 223 225 227 228 231 245 249 254 262 264 266 270 274 276 277 278 284 286 295 297 298 299 300 311 312 315 316 318 320 327 328 331 334 335 339 340 344 347 352 354 358 366 368 371 375 377 379 380 384 390 391 394 395 396 401 402 403 405 406 408 412 413 415 416 419 426 428 429 432 433 435 437 441 443 444 447 448 455 462 464 466 469 478 480 482 483 486 494 495 496 503 509 511 513 515 517 518 526 538 539 541 551 559 561 566 570 572 576 578 579 587 589 590 595 597 600 603 605 607 610 611 619 625 634 636 640 642 643 644 647 648 649 653 655 658 662 664 667 668 673 675 677 679 691 696 697 702 706 709 711 718 725 730 733 738 741 742 750 753 758 764 766 769 773 776 777 781 782 785 788 792 793 794 796 798 805 806 807 809 813 816 819 825 827 830 831 832 835 839 841 844 848 853 854 858 859 860 862 863 864 869 871 875 879 881 889 892 897 898 899 911 912 918 919 925 926 935 941 943 947 949 955 967 968 976 981 982 987 990 992 995 996 1000 1001 1002 1006 1009 1014 1016 1017 1018 1021 1023 1030 1033 1034 1035 1042 1048 1055 1063 1067 1070 1072 1075 1078 1080 1089 1092 1099 1101 1103 1107 1108 1114 1115 1117 1118 1127 1128 1129 1130 1137 
354: 0 3 6 10 11 16 17 18 19 27 31 35 39 41 44 47 49 51 53 59 60 65 68 70 72 82 84 85 86 90 95 101 102 103 104 105 106 109 110 111 114 115 116 121 125 130 138 139 145 147 150 156 161 162 164 172 173 174 175 179 181 183 192 193 194 203 207 208 210 211 214 225 226 227 229 230 231 242 243 247 248 249 250 255 263 267 279 281 282 285 292 294 297 315 319 322 327 329 331 332 342 343 350 356 359 360 361 367 371 376 378 381 382 383 391 400 403 412 414 415 420 421 423 425 429 432 441 449 451 454 456 457 460 461 463 464 467 469 479 481 483 487 489 491 494 495 497 500 501 503 509 515 520 524 532 536 541 543 546 547 552 553 558 560 569 574 575 578 581 582 588 591 593 596 597 598 601 605 610 613 615 618 620 623 627 628 632 634 637 642 644 648 654 656 657 663 666 670 672 673 680 687 689 690 691 696 699 700 701 702 706 707 708 712 715 716 717 726 727 729 736 737 738 750 752 753 754 756 759 760 761 762 772 774 782 783 784 787 788 794 798 799 800 805 808 811 821 822 823 826 832 837 843 844 848 849 852 855 859 861 863 867 870 871 872 873 876 877 879 890 891 894 897 898 900 901 905 906 907 909 913 921 922 927 928 931 934 935 936 940 941 943 946 948 949 950 954 964 969 970 972 974 975 976 981 985 986 987 988 989 992 994 1000 1002 1003 1004 1006 1007 1009 1016 1019 1022 1025 1026 1029 1031 1033 1036 1038 1042 1047 1052 1055 1056 1061 1063 1065 1068 1072 1076 1078 1079 1090 1096 1097 1100 1104 1108 1109 1110 1111 1113 1118 1133 
330: 0 1 2 3 7 8 9 11 15 19 20 24 26 30 33 40 45 54 55 61 77 83 87 90 91 94 95 98 103 116 117 120 123 125 126 127 128 129 132 133 135 138 142 143 144 146 149 150 159 165 166 167 168 169 174 179 180 182 184 186 187 190 191 194 195 198 209 210 211 212 215 217 222 223 224 225 227 228 232 240 243 244 245 249 252 257 259 260 263 264 265 267 273 276 282 286 287 288 289 290 291 292 298 299 301 306 307 312 316 322 324 325 327 329 331 332 334 335 337 340 342 344 346 352 356 359 360 361 362 364 367 368 370 379 387 389 390 391 399 405 406 414 415 420 422 424 438 444 445 448 451 452 454 464 470 472 489 492 497 499 505 508 510 516 518 520 526 529 532 533 535 537 543 555 558 559 563 565 566 568 571 577 585 588 594 595 596 605 606 608 616 617 619 624 625 634 637 638 639 640 643 647 648 649 661 662 663 673 675 676 684 695 701 706 707 708 709 711 713 718 733 735 740 742 744 747 748 753 758 760 761 763 765 767 773 776 779 781 786 787 790 791 794 796 797 798 803 810 811 812 821 827 828 831 836 843 853 854 856 858 863 865 867 870 874 881 888 893 894 899 900 905 907 916 918 921 925 926 927 928 933 936 939 940 941 944 945 954 957 960 962 967 968 975 981 984 985 989 991 993 1012 1025 1031 1035 1042 1046 1048 1049 1053 1054 1056 1057 1071 1073 1078 1079 1080 1088 1096 1098 1099 1100 1112 1116 1119 1125 1126 1128 1132 1136 
339: 2 3 4 5 11 12 16 19 24 33 43 45 47 52 53 63 65 66 71 75 78 80 81 84 85 90 92 93 95 102 107 109 111 112 119 121 126 130 132 133 138 139 140 141 142 143 146 150 152 153 157 161 165 167 168 171 172 176 178 180 183 186 187 190 194 195 196 198 199 200 201 204 205 210 213 214 215 218 220 221 230 231 234 235 237 238 239 240 242 243 245 252 256 259 262 264 265 266 268 269 274 279 283 286 288 292 297 299 303 307 308 311 313 314 315 316 317 321 323 324 329 331 333 335 338 343 344 349 350 361 362 364 368 378 380 387 390 394 405 406 408 411 412 413 414 416 421 424 427 435 436 437 440 442 445 446 447 449 457 458 464 465 466 467 468 469 473 476 478 484 487 491 492 496 501 502 505 507 508 511 512 515 525 527 530 536 539 540 541 545 546 548 553 555 560 562 570 571 575 578 580 587 596 601 604 606 611 615 625 632 638 642 655 657 658 659 661 664 670 671 672 676 678 679 682 689 690 696 702 706 714 720 724 728 732 733 738 739 751 753 759 763 772 780 792 799 801 803 805 808 814 816 820 822 824 825 834 838 845 851 855 857 859 864 867 872 874 876 878 881 883 888 898 900 901 908 918 919 920 927 931 940 943 944 948 950 952 953 955 956 958 959 963 968 970 972 974 980 981 986 989 991 992 993 996 999 1006 1021 1022 1024 1026 1031 1035 1038 1045 1047 1048 1049 1053 1057 1058 1068 1070 1075 1079 1081 1089 1091 1096 1099 1105 1108 1111 1115 1118 1124 1128 1129 1131 
361: 3 4 9 11 16 23 25 32 33 35 38 40 45 47 48 51 52 60 67 69 70 72 73 75 77 78 81 88 90 91 102 104 105 108 110 112 113 114 117 118 121 123 126 128 131 132 133 140 142 143 146 147 150 158 160 164 167 172 175 176 180 181 182 185 191 196 203 204 212 213 215 216 218 224 232 238 242 246 251 252 254 255 259 263 264 265 266 269 271 273 275 280 281 282 284 286 287 290 291 292 293 303 306 307 308 310 311 312 315 316 317 318 330 332 345 348 350 352 354 356 357 358 363 367 370 375 376 388 395 396 399 403 404 407 410 411 414 424 428 432 435 436 438 439 441 443 446 448 449 450 453 457 458 459 461 463 469 472 477 483 484 485 486 492 493 494 497 502 514 515 516 519 524 526 530 531 533 535 537 538 541 542 545 550 556 557 559 563 565 566 573 576 577 580 581 582 595 597 599 607 608 611 612 615 616 623 634 635 636 637 638 645 646 647 653 655 660 663 673 675 676 687 689 693 694 701 712 714 720 722 732 737 738 743 745 746 747 750 751 752 753 754 758 761 762 763 766 769 772 773 778 787 794 795 796 799 801 802 803 816 819 824 826 835 840 842 843 844 854 870 873 875 876 879 880 882 894 899 903 908 910 915 916 918 919 923 926 933 936 938 940 942 943 945 953 961 966 970 971 976 983 992 994 997 998 999 1000 1001 1006 1007 1008 1012 1016 1017 1020 1022 1024 1028 1029 1031 1032 1034 1035 1040 1042 1045 1046 1047 1048 1051 1053 1054 1058 1059 1061 1063 1067 1071 1072 1074 1077 1080 1081 1088 1089 1093 1094 1096 1102 1105 1109 1113 1115 1116 1117 1121 1122 1124 1125 1132 1134 
329: 0 2 4 5 12 15 21 22 25 26 28 30 34 36 40 41 45 46 48 50 51 57 66 68 70 71 73 78 81 84 87 89 91 95 98 99 103 104 105 106 109 110 112 114 116 118 129 130 134 139 140 143 144 149 156 159 161 165 171 174 177 182 186 188 190 193 201 202 206 207 208 211 216 217 220 222 223 228 230 238 239 240 243 254 255 263 266 267 276 284 285 287 304 306 307 311 313 314 322 325 326 332 333 334 335 338 345 346 350 351 354 360 363 371 372 374 375 379 382 385 390 393 395 396 401 405 410 413 416 417 423 425 444 445 446 449 450 451 452 453 463 467 477 485 489 493 494 496 506 507 510 511 513 514 516 520 522 523 524 539 540 546 552 558 561 572 574 575 579 585 586 590 592 593 596 597 598 602 604 608 609 614 615 616 618 623 624 626 629 630 631 633 643 646 649 650 652 653 658 667 670 671 675 677 681 686 689 693 696 699 700 703 704 706 707 713 714 715 716 720 726 741 747 756 758 764 768 775 776 783 785 787 792 797 803 810 815 816 819 822 824 829 830 832 836 840 842 844 848 850 851 856 860 862 868 869 873 874 883 888 889 892 894 907 913 916 923 924 927 929 935 938 943 949 951 953 954 961 964 975 976 980 982 990 992 994 1000 1003 1009 1014 1016 1019 1022 1025 1031 1036 1037 1047 1053 1055 1060 1062 1063 1065 1073 1074 1076 1078 1079 1080 1082 1083 1087 1088 1089 1095 1096 1102 1106 1110 1113 1117 1123 1131 1132 1133 1134 1135 1137 
350: 2 3 5 8 10 13 14 19 26 30 34 36 37 40 46 50 51 54 60 61 62 66 71 72 77 85 88 90 93 96 98 101 102 104 107 112 114 117 122 125 130 131 134 135 139 140 141 142 144 155 159 163 167 173 180 186 187 189 192 193 201 216 220 222 227 238 241 248 250 255 262 265 266 267 268 270 274 275 277 278 287 291 292 294 296 298 302 307 309 310 314 315 318 322 326 331 336 338 339 343 344 349 351 353 355 356 357 359 360 362 364 367 369 373 375 377 378 382 383 384 386 388 390 391 394 401 405 407 411 412 413 414 425 427 430 431 438 440 442 443 444 445 449 450 451 460 462 463 464 465 466 473 475 479 483 484 486 487 491 494 498 503 509 510 511 512 515 521 526 529 530 531 534 547 551 552 555 558 562 567 572 581 583 589 591 595 596 599 608 610 614 616 620 625 627 629 635 637 638 639 641 646 648 651 657 658 662 666 667 669 675 680 684 687 691 696 700 703 705 706 707 709 711 712 713 716 727 728 730 736 740 745 747 750 753 759 761 768 769 770 784 789 790 797 802 803 807 808 815 819 821 824 828 830 834 839 847 849 852 854 862 867 868 877 881 885 886 887 890 893 894 897 900 901 907 916 922 925 934 941 944 946 947 948 955 957 962 965 968 970 972 974 975 977 979 981 982 986 987 990 991 992 993 998 1004 1009 1013 1014 1016 1023 1024 1033 1034 1035 1038 1040 1044 1046 1048 1049 1050 1051 1054 1057 1059 1060 1061 1062 1063 1067 1073 1077 1078 1092 1094 1098 1102 1103 1109 1111 1112 1117 1118 1119 1120 1124 1130 1131 1136 1137 
334: 1 10 12 13 17 29 33 51 53 58 63 65 73 74 76 77 79 81 82 84 86 87 96 97 100 110 111 115 117 122 123 126 131 134 136 142 145 147 148 149 156 158 165 177 181 182 185 186 187 189 190 194 197 206 207 210 211 212 215 219 221 230 232 236 241 245 250 260 263 264 270 271 273 276 278 281 297 298 308 309 317 324 328 329 332 333 335 339 345 346 354 357 359 362 363 368 369 379 386 387 388 390 393 394 397 398 399 422 425 430 432 433 434 435 436 437 438 439 444 446 448 451 453 460 469 473 478 490 493 499 501 505 511 516 525 528 529 530 531 536 541 543 547 549 550 552 554 559 565 566 576 579 582 586 589 590 593 595 596 607 610 616 617 621 624 627 628 629 630 633 634 636 642 643 646 648 649 650 657 667 669 671 673 678 683 685 688 692 693 696 697 701 702 704 709 711 713 714 717 721 723 732 734 737 743 745 747 749 751 755 756 764 766 767 774 776 778 783 785 787 790 794 796 798 799 800 801 803 804 808 811 813 815 816 817 819 821 823 827 838 844 846 850 852 858 860 863 864 867 868 875 876 878 879 880 881 884 885 900 901 902 912 913 916 918 920 923 925 926 927 932 934 939 941 948 951 955 956 959 962 963 969 972 974 975 977 979 984 988 990 993 998 1002 1005 1008 1010 1011 1012 1013 1016 1017 1021 1029 1032 1033 1037 1044 1048 1052 1065 1066 1067 1072 1075 1076 1080 1082 1085 1089 1099 1103 1106 1107 1108 1110 1112 1118 1120 1121 1122 1126 1128 1131 1136 
352: 3 5 6 7 8 10 11 12 18 19 29 32 36 38 40 45 51 53 54 55 56 58 59 60 67 71 76 79 89 90 92 93 95 102 103 105 106 107 109 110 115 116 121 124 125 130 131 135 137 138 143 146 147 149 151 154 156 159 160 164 165 169 172 174 176 186 191 192 197 199 201 202 204 209 212 222 228 230 234 236 242 245 247 249 253 259 260 262 266 268 269 270 278 280 282 284 285 287 289 290 293 302 303 305 307 310 315 321 333 334 336 341 344 345 347 349 358 360 362 363 365 366 371 374 380 382 383 386 390 391 402 417 418 421 424 427 428 433 434 436 437 441 443 445 448 450 453 454 457 459 460 462 468 469 470 472 473 474 477 479 483 486 487 488 489 491 495 498 499 505 507 510 514 516 517 519 520 521 523 530 532 542 543 547 550 552 554 555 556 564 567 570 580 581 587 588 589 590 593 594 595 596 597 601 603 607 610 615 620 621 622 637 638 644 665 668 674 675 677 689 692 693 696 701 703 704 707 716 717 719 720 721 722 724 729 731 734 737 739 742 750 754 758 759 760 762 763 765 767 768 769 774 780 784 787 789 794 797 806 809 810 811 813 822 827 830 833 834 839 843 850 851 855 858 860 861 863 868 869 871 873 874 879 880 883 889 891 895 896 897 899 917 918 919 925 930 936 943 946 953 956 957 965 971 972 974 978 980 981 983 984 989 1002 1003 1007 1008 1011 1014 1015 1017 1018 1019 1021 1030 1036 1040 1041 1046 1047 1048 1052 1053 1054 1059 1060 1061 1073 1075 1077 1079 1085 1100 1102 1104 1106 1107 1109 1110 1118 1121 1125 1134 
330: 0 2 3 8 10 12 20 25 28 31 33 34 35 39 44 47 48 51 52 54 56 59 62 65 66 67 70 72 74 76 80 81 84 85 87 88 89 90 101 103 105 109 111 114 115 116 123 128 140 141 145 146 147 156 158 159 162 163 166 168 169 173 178 180 188 189 200 205 206 208 212 213 215 217 227 228 232 239 247 248 250 251 254 256 257 264 270 275 277 280 283 286 288 290 291 297 299 303 306 307 310 313 329 332 333 337 338 341 344 347 351 354 360 361 363 370 372 378 380 383 385 386 387 391 392 393 402 407 413 416 417 421 422 423 429 431 433 440 442 445 446 452 457 465 470 473 475 477 480 481 482 484 485 488 492 494 498 501 508 510 513 521 522 529 533 534 537 539 542 543 544 546 547 556 559 566 567 568 572 576 580 582 588 600 605 607 608 609 612 617 619 634 635 636 642 644 647 649 650 652 656 680 682 684 690 691 694 696 699 703 705 715 724 729 731 741 750 754 755 759 761 762 764 768 770 773 775 787 788 789 790 791 792 799 802 805 806 808 814 819 820 821 826 829 830 832 833 839 840 841 855 857 861 868 869 871 872 874 875 883 889 893 898 903 906 911 913 918 919 921 925 930 932 938 943 945 949 960 965 967 968 974 977 979 980 981 983 985 989 991 994 995 996 998 1008 1010 1015 1016 1019 1022 1027 1029 1034 1035 1041 1043 1055 1062 1064 1065 1068 1072 1074 1076 1083 1090 1091 1100 1104 1106 1112 1113 1119 1125 1126 1129 1133 1134 1135 1136 
354: 3 4 5 14 17 19 20 21 26 28 31 32 36 39 41 42 47 49 50 53 54 57 58 61 62 69 70 72 73 78 79 87 99 106 110 119 121 122 123 127 129 130 131 132 139 141 142 145 146 153 162 164 165 166 171 174 175 183 186 189 190 193 194 198 203 205 217 223 225 232 235 236 239 241 242 243 244 246 247 249 255 258 261 263 268 272 276 279 283 284 286 287 289 290 297 304 307 312 315 319 321 326 327 328 338 344 345 347 351 352 353 354 357 358 360 361 365 367 368 373 376 379 381 382 388 390 395 396 401 403 408 411 413 417 425 427 428 433 438 442 443 444 446 452 456 458 460 461 464 466 467 468 469 473 474 475 478 487 488 489 490 492 494 500 505 506 507 508 509 513 515 524 528 530 538 539 542 550 556 559 560 562 577 580 581 582 584 585 590 596 598 602 604 606 614 615 616 620 622 624 625 627 629 637 638 641 642 645 647 650 654 659 663 675 677 681 693 694 695 703 704 707 708 715 720 724 729 731 732 734 738 741 744 745 752 761 762 763 764 765 766 767 769 773 776 779 797 801 806 808 812 813 814 820 823 824 826 829 831 833 834 843 846 852 853 854 856 859 865 866 869 874 876 880 883 884 887 888 891 895 900 901 909 911 914 924 925 926 927 934 935 936 942 944 949 953 958 959 960 961 963 965 966 967 968 975 976 978 989 992 993 995 996 998 999 1005 1006 1008 1009 1010 1011 1014 1017 1019 1020 1032 1033 1034 1038 1042 1050 1058 1060 1065 1072 1078 1081 1083 1087 1095 1104 1106 1109 1111 1116 1118 1121 1124 1125 1127 1129 1134 1135 1136 
334: 0 4 10 16 19 21 23 29 31 34 36 37 45 48 54 55 57 58 63 67 69 70 75 82 87 91 106 108 109 111 118 120 128 130 135 138 152 153 154 157 160 163 171 174 181 182 185 190 194 195 200 208 209 212 213 215 219 222 223 224 230 233 234 241 243 252 256 257 258 259 262 269 270 280 295 296 298 299 307 308 309 310 311 312 313 318 319 321 322 333 339 341 348 354 361 366 368 369 377 382 383 384 387 388 392 394 395 398 400 402 404 411 416 425 429 431 435 436 438 440 442 449 452 460 463 464 467 471 473 475 478 479 481 482 497 498 509 510 511 522 527 530 532 534 536 541 548 550 552 554 556 561 562 563 566 572 574 576 577 583 584 585 588 589 593 594 597 599 604 606 610 612 613 617 631 635 640 646 649 651 652 653 656 659 664 665 675 676 680 682 689 690 699 700 701 705 718 721 722 725 726 733 736 737 740 742 744 745 747 752 753 758 764 775 777 778 784 788 790 794 796 798 803 805 807 811 812 815 819 823 824 826 831 835 837 838 840 841 847 850 851 854 857 859 860 861 865 871 872 873 879 880 886 888 893 896 897 899 900 903 906 912 913 918 925 929 933 934 935 937 939 943 944 945 955 957 961 968 972 973 980 981 988 989 992 993 996 1006 1007 1008 1009 1010 1011 1016 1019 1024 1025 1027 1028 1032 1033 1034 1035 1036 1040 1044 1046 1051 1052 1059 1061 1062 1070 1071 1073 1075 1076 1079 1082 1089 1096 1099 1100 1107 1108 1110 1115 1117 1121 1122 1127 1130 1131 1134 
322: 0 4 7 8 10 15 20 22 24 27 28 32 35 36 46 49 50 53 56 59 62 65 66 69 78 79 87 88 89 97 105 110 114 117 118 120 121 123 125 130 133 135 138 140 144 153 160 161 167 175 181 185 186 188 189 195 196 199 206 209 217 219 224 228 231 233 234 237 240 246 247 252 253 255 257 259 263 267 275 279 288 290 296 308 312 313 321 322 325 329 339 344 351 352 353 355 358 365 367 372 373 381 386 395 396 397 398 400 402 411 415 416 431 440 443 449 450 451 452 455 459 461 467 469 480 482 485 487 491 497 500 503 506 513 516 519 522 527 528 533 545 546 550 553 554 558 561 563 569 571 582 583 593 598 600 602 610 612 614 615 623 626 628 631 639 644 653 654 660 661 662 663 664 665 670 671 674 678 684 690 692 693 696 700 709 711 714 715 718 719 720 723 727 728 729 730 733 735 739 746 747 749 750 753 755 761 762 763 767 771 778 789 792 793 799 802 815 817 830 837 838 841 842 846 850 855 858 860 861 862 863 864 869 872 873 888 891 892 899 900 904 911 914 917 920 922 924 929 930 932 934 937 939 940 948 949 950 963 972 973 974 977 978 980 982 983 986 991 994 995 998 999 1001 1008 1011 1012 1013 1017 1018 1020 1023 1028 1032 1033 1034 1038 1039 1041 1044 1048 1049 1050 1054 1055 1057 1060 1063 1065 1069 1070 1071 1073 1076 1081 1083 1084 1087 1088 1094 1095 1100 1106 1110 1111 1112 1119 1123 1125 1126 1128 1134 1135 
347: 4 6 7 13 14 19 20 21 46 49 51 52 57 62 63 66 71 75 77 80 81 82 83 92 93 96 97 98 100 101 108 112 114 116 123 126 128 131 133 139 141 142 144 149 150 151 155 157 158 159 160 161 166 168 169 171 172 173 180 185 188 189 195 200 203 208 209 210 211 212 213 217 222 227 232 235 238 242 253 255 257 262 265 267 268 270 272 274 279 280 282 283 289 292 297 302 309 311 312 313 314 318 319 320 327 328 329 332 336 339 342 344 346 348 351 357 360 367 368 369 376 378 379 380 383 384 387 390 391 395 400 409 412 413 415 416 418 421 423 429 431 433 436 444 449 450 455 456 457 458 463 467 468 469 470 471 473 474 475 481 483 489 492 496 498 500 501 506 507 513 517 520 523 526 527 528 536 537 546 549 550 553 554 555 557 558 559 562 571 578 579 580 584 585 586 602 606 616 618 632 635 639 643 647 649 653 654 656 664 675 679 682 688 690 692 693 697 699 702 706 709 718 721 725 728 730 734 737 738 739 749 751 757 765 770 774 775 777 778 779 782 791 792 796 799 804 805 808 811 813 814 817 821 823 826 827 832 834 839 841 844 845 848 857 859 861 865 866 869 871 873 874 888 889 891 892 903 904 905 906 907 912 916 922 923 926 930 936 939 942 951 952 960 962 963 971 974 975 976 982 983 986 989 999 1005 1006 1010 1017 1020 1022 1023 1024 1028 1031 1033 1034 1038 1041 1050 1052 1053 1062 1065 1070 1071 1078 1084 1085 1087 1096 1098 1099 1100 1101 1103 1105 1106 1109 1110 1111 1113 1114 1122 1125 1128 1135 1136 
361: 1 4 8 12 16 17 20 25 26 28 29 35 39 40 41 47 50 51 55 56 60 66 68 69 71 72 74 75 79 82 84 89 90 96 106 108 114 119 130 133 134 138 150 154 155 157 158 160 162 165 166 168 172 177 191 197 202 208 209 211 212 213 214 215 220 231 233 234 239 241 242 246 250 251 253 254 256 263 265 266 270 271 273 278 279 280 284 287 288 291 296 303 304 305 306 307 314 315 316 320 324 326 327 328 335 339 340 342 343 344 350 351 353 354 360 361 365 367 368 370 372 373 378 384 387 390 393 394 399 403 405 406 418 419 426 430 434 435 436 439 442 443 447 452 453 454 457 458 464 466 467 470 471 472 483 486 489 495 497 500 506 507 508 510 515 519 520 524 525 530 535 537 538 539 541 550 552 556 561 562 565 566 570 571 577 584 585 586 587 588 592 593 595 596 603 606 608 615 616 618 622 623 624 625 627 630 633 637 639 644 646 647 652 653 655 661 668 669 672 673 677 679 686 692 695 699 700 702 703 706 709 719 737 738 740 748 751 752 753 756 757 758 759 760 765 766 771 775 782 790 794 796 805 808 810 813 817 818 819 823 831 833 834 838 842 843 844 848 852 855 858 859 861 862 869 871 872 875 877 879 881 882 886 888 892 896 899 901 902 903 906 908 910 911 916 920 921 923 925 928 931 932 933 935 936 938 939 943 946 951 952 955 956 959 973 976 981 983 990 991 996 1003 1004 1005 1009 1020 1021 1023 1026 1027 1028 1033 1034 1041 1046 1048 1050 1051 1057 1058 1059 1061 1065 1070 1073 1074 1075 1076 1082 1085 1087 1093 1095 1098 1107 1112 1114 1123 1130 1132 1134 
323: 3 5 10 15 17 20 21 24 27 30 31 34 41 42 43 45 51 60 61 62 73 76 79 80 82 86 90 93 95 103 108 110 111 113 114 115 123 126 132 133 141 143 145 147 149 157 162 164 165 169 172 176 177 181 183 186 189 192 194 199 200 201 202 203 210 211 217 221 234 236 237 241 249 251 255 256 260 262 265 268 269 270 272 273 274 279 284 289 295 302 304 305 307 315 317 324 325 326 327 328 335 338 339 341 348 351 361 362 364 365 367 368 371 373 380 387 391 394 402 407 412 413 416 425 426 433 437 442 445 447 456 461 464 468 477 482 484 486 487 492 494 501 505 508 511 521 527 529 531 536 537 539 540 544 548 553 558 560 565 566 569 575 576 581 583 585 587 588 597 598 607 609 610 616 618 621 623 628 629 634 635 637 639 640 643 645 652 653 654 656 660 663 667 671 680 681 682 684 685 701 706 707 708 709 710 712 714 716 719 725 726 731 733 736 739 744 746 748 749 751 756 757 764 768 777 779 785 788 791 793 798 811 814 815 819 846 849 852 854 855 859 861 862 864 871 875 876 877 886 889 890 892 893 896 902 904 907 909 910 913 923 931 932 936 938 939 946 948 951 953 957 971 974 982 985 987 989 990 993 1000 1002 1006 1008 1010 1015 1025 1027 1029 1034 1039 1040 1041 1049 1055 1059 1065 1066 1067 1075 1078 1080 1081 1088 1098 1099 1102 1104 1106 1107 1108 1111 1112 1114 1115 1117 1119 1124 1127 1129 1131 1132 1134 1136 
328: 1 3 4 6 10 11 12 13 16 18 25 26 33 35 36 38 41 43 48 51 52 59 70 72 79 81 82 83 86 87 92 93 94 100 105 106 109 117 118 122 123 126 130 134 136 137 142 145 151 155 157 160 162 168 174 175 181 186 189 190 193 195 197 204 207 208 209 212 214 215 218 219 227 229 232 234 237 242 243 247 249 252 253 256 264 271 273 274 279 280 282 294 301 305 310 321 322 323 327 330 331 333 335 337 338 339 340 341 348 350 357 358 361 367 368 372 375 378 382 383 386 390 394 395 400 402 408 418 419 420 423 425 429 430 439 441 444 448 450 451 459 460 462 464 465 466 468 469 470 471 472 481 483 485 486 489 491 502 503 509 510 514 515 516 519 520 523 528 536 541 543 545 546 547 548 552 553 554 556 572 573 576 577 583 584 589 591 593 598 599 610 611 612 613 615 618 620 628 633 641 643 647 651 652 675 689 690 691 698 701 705 706 708 709 711 712 715 717 722 726 728 733 736 743 744 745 747 749 757 761 763 764 766 770 781 782 783 784 786 792 793 798 799 800 801 804 806 810 816 818 824 825 832 839 840 843 849 859 862 872 874 875 877 888 889 890 892 899 910 911 914 916 920 929 933 940 942 944 945 946 949 952 953 955 959 961 964 968 973 979 989 992 1005 1007 1021 1026 1027 1028 1036 1038 1041 1043 1050 1052 1053 1058 1061 1062 1069 1070 1072 1074 1078 1080 1081 1083 1086 1087 1096 1098 1108 1109 1115 1120 1125 1126 1129 1134 
343: 0 2 6 9 10 14 15 16 20 23 25 26 28 30 32 33 36 38 40 46 47 48 53 54 56 58 61 62 65 67 74 79 81 82 91 92 94 95 98 99 106 108 109 111 114 115 121 125 126 128 130 147 148 149 151 152 156 163 165 168 169 175 176 177 179 182 183 188 192 195 199 203 206 208 215 217 220 221 225 230 233 235 238 240 241 242 244 245 249 251 253 254 267 277 281 285 288 289 290 292 298 306 311 315 323 326 329 334 336 337 339 342 343 344 345 346 351 352 354 356 367 368 369 371 372 377 382 385 386 390 391 392 393 394 397 403 409 412 414 417 419 425 426 427 429 430 439 442 445 452 454 456 462 464 466 470 471 472 474 477 485 498 501 511 513 518 520 529 530 535 539 541 542 543 547 550 553 556 561 566 567 574 582 583 584 585 587 590 594 596 599 605 611 619 621 631 635 639 643 644 645 646 648 652 654 657 660 661 662 668 675 677 678 686 690 691 693 694 696 700 705 707 708 710 712 716 725 728 732 733 734 735 751 752 754 755 759 761 763 764 774 778 786 789 798 800 803 810 814 816 818 822 830 831 840 841 842 843 849 850 853 854 859 872 882 887 892 897 898 908 919 925 927 931 934 936 945 946 947 951 952 967 971 973 974 975 976 979 980 984 986 988 991 992 993 995 998 999 1002 1003 1005 1009 1011 1015 1019 1021 1024 1033 1034 1038 1047 1052 1055 1056 1058 1059 1062 1065 1066 1070 1081 1083 1088 1090 1093 1095 1096 1097 1098 1100 1102 1103 1104 1105 1106 1109 1112 1115 1116 1124 1127 1128 1130 
329: 2 16 19 27 29 33 37 39 51 53 56 59 67 70 71 75 78 79 80 81 84 85 86 89 92 95 96 98 99 109 111 117 119 128 132 139 142 148 149 158 162 168 170 175 178 179 183 185 187 191 192 198 200 201 202 207 210 212 213 215 219 223 229 234 238 240 245 247 248 253 254 256 262 263 264 265 267 270 272 275 277 280 287 289 293 297 298 299 303 309 314 316 317 318 319 323 333 340 342 345 346 349 351 353 354 358 359 360 361 362 363 370 371 379 381 392 394 397 398 409 410 411 413 416 419 423 426 429 434 436 439 441 448 449 451 452 453 454 456 458 459 462 464 466 470 476 480 487 494 498 499 503 504 506 513 514 517 520 522 523 524 526 534 535 537 539 542 545 547 548 549 550 552 555 566 568 570 571 577 578 584 586 587 596 597 600 603 604 606 607 608 609 614 618 619 623 625 626 627 634 635 636 647 650 651 659 661 669 670 671 673 674 691 694 697 699 700 712 713 716 717 719 723 725 732 733 738 741 747 757 762 763 765 766 767 776 778 782 787 792 801 802 803 805 808 812 814 820 822 824 830 831 833 836 838 841 843 848 858 859 861 863 875 878 879 883 884 887 888 890 891 894 895 898 899 905 912 938 941 946 947 948 952 956 962 965 967 971 980 981 983 984 986 988 990 1003 1004 1005 1012 1013 1016 1019 1021 1024 1025 1033 1034 1036 1044 1052 1055 1058 1066 1067 1072 1073 1074 1080 1081 1088 1092 1095 1098 1108 1109 1121 1123 1127 1135 
339: 5 7 9 16 20 22 24 30 34 37 38 39 40 42 45 49 50 55 56 57 64 73 75 76 79 88 90 91 92 94 95 96 98 100 102 105 110 111 113 117 118 120 129 134 137 139 142 143 145 146 152 154 155 157 158 170 173 174 175 177 184 195 196 197 209 210 215 218 223 226 228 232 235 236 241 248 249 250 257 258 269 272 278 280 283 284 305 306 311 313 319 327 330 332 333 355 362 363 366 368 374 378 379 385 387 388 395 397 401 411 413 415 422 423 424 434 442 443 445 447 448 451 453 454 457 459 463 468 475 476 477 479 480 483 485 486 489 493 502 504 509 512 520 526 529 531 535 536 539 540 541 548 551 553 554 555 559 563 566 567 570 572 573 574 579 582 589 592 600 608 609 611 613 614 621 623 625 628 630 637 638 639 640 641 643 647 648 649 656 663 664 667 669 672 673 675 683 686 690 691 694 697 698 699 700 702 703 704 707 708 710 712 713 716 720 721 725 726 727 730 734 736 739 749 750 752 757 758 762 772 773 775 776 777 781 787 791 797 799 800 801 802 808 816 822 825 826 828 834 839 842 844 845 848 854 862 866 867 875 876 877 879 884 891 892 894 898 900 902 904 906 907 908 913 914 923 926 928 930 931 932 940 943 950 951 952 954 956 962 963 965 972 974 975 976 978 981 983 984 988 989 998 999 1000 1002 1004 1012 1014 1015 1019 1023 1024 1034 1038 1039 1040 1053 1059 1061 1066 1069 1072 1077 1079 1081 1092 1096 1097 1100 1101 1103 1106 1118 1124 1128 1129 1130 1133 1137 
350: 3 6 16 19 21 23 24 29 35 37 41 43 45 50 51 63 65 70 72 81 92 95 96 99 102 103 104 105 109 111 113 117 119 126 130 133 139 141 150 154 155 158 161 163 168 169 176 177 179 186 188 192 193 198 201 204 207 210 212 215 218 229 230 237 238 243 245 246 251 252 257 261 263 267 268 270 273 278 287 289 292 297 300 302 310 316 317 324 327 331 333 336 340 345 348 351 355 359 363 364 369 370 377 378 379 380 383 387 395 396 397 404 405 412 414 416 417 418 422 427 428 430 433 437 446 448 449 450 453 454 456 458 460 464 470 471 473 475 477 481 484 494 496 499 500 504 505 506 508 509 512 515 517 518 519 522 527 529 535 542 544 545 549 550 557 558 560 562 563 564 568 571 574 579 584 585 590 592 595 596 599 602 607 608 609 613 616 623 624 625 626 629 632 634 637 641 642 645 647 649 657 660 661 664 665 671 674 679 680 683 686 687 690 692 698 700 702 708 709 718 719 724 725 726 727 729 732 736 739 746 750 751 752 755 758 765 767 775 777 781 785 793 794 795 799 800 804 806 808 810 811 812 815 820 821 824 826 830 832 834 838 839 844 845 847 849 850 853 854 861 874 879 880 882 884 889 890 893 894 895 896 897 899 905 908 911 912 913 916 917 923 930 931 933 934 937 938 941 942 944 950 953 955 957 958 959 962 969 971 973 975 976 984 987 990 996 1002 1006 1009 1012 1015 1016 1021 1023 1034 1038 1042 1043 1044 1050 1052 1056 1059 1064 1069 1075 1078 1082 1083 1085 1088 1093 1095 1101 1106 1108 1113 1129 1132 1133 
340: 2 4 7 11 14 21 22 24 34 40 42 45 47 50 55 57 63 66 67 69 71 72 80 83 84 87 88 90 94 95 98 101 106 107 108 109 113 114 115 117 120 121 125 131 132 137 138 142 150 158 159 163 164 165 173 177 180 181 189 191 194 202 209 210 219 222 223 226 228 240 241 244 245 254 258 260 261 263 265 275 277 279 284 285 291 292 293 294 305 308 309 310 312 316 320 322 323 326 329 330 345 348 354 359 360 362 363 364 368 376 377 379 384 389 396 398 399 400 407 410 415 419 421 422 429 433 436 441 443 447 450 452 453 454 455 458 464 467 475 476 477 483 484 485 486 488 492 493 504 505 509 511 514 515 517 520 522 526 532 534 545 553 555 561 564 570 573 576 578 582 585 592 593 599 600 601 605 606 608 612 613 618 620 622 627 634 636 638 644 645 646 647 648 649 654 655 656 657 661 662 663 669 673 674 676 677 678 679 680 684 685 686 690 700 701 702 705 706 708 710 711 713 715 718 724 726 727 735 738 743 744 746 754 756 757 759 763 764 769 771 773 776 777 781 782 783 785 786 803 808 812 816 818 827 828 835 852 861 862 864 867 870 871 890 892 894 895 896 899 905 906 907 908 909 914 915 923 929 930 932 940 942 946 947 952 953 957 965 966 967 969 970 974 980 982 986 991 992 993 996 998 1002 1004 1007 1017 1018 1020 1024 1025 1028 1034 1039 1051 1052 1054 1055 1057 1067 1069 1071 1072 1075 1080 1084 1085 1089 1100 1109 1112 1115 1117 1119 1120 1121 1125 1126 1128 1130 1135 1137 
365: 1 8 13 16 17 18 20 25 29 32 38 42 43 44 46 48 49 50 52 53 55 60 63 64 66 67 69 73 86 87 89 92 94 96 98 99 102 103 108 109 112 117 118 119 121 123 128 135 141 142 150 154 158 159 161 166 168 172 180 182 184 188 189 200 203 206 207 208 209 218 221 223 226 228 233 235 238 244 245 247 250 251 254 259 267 270 273 274 285 289 293 295 308 312 317 319 322 323 325 329 333 335 338 346 347 348 349 354 358 359 367 372 374 383 385 389 392 401 406 408 413 414 415 422 427 428 429 432 447 448 456 457 461 467 468 469 471 473 474 477 480 482 486 487 491 492 493 505 506 507 509 510 514 517 522 525 527 531 535 541 542 544 545 551 552 554 555 567 572 573 575 576 578 581 590 591 592 593 595 606 607 608 609 615 622 627 631 633 634 641 644 645 650 652 654 655 664 665 666 668 669 671 673 675 676 677 678 682 687 689 692 694 695 698 700 703 707 713 714 716 719 720 721 723 724 725 728 735 737 741 742 744 746 750 751 753 756 758 760 761 763 764 765 766 769 775 787 788 792 799 800 801 803 809 815 819 821 823 825 827 837 843 852 855 858 859 861 864 866 867 868 871 872 873 884 887 889 894 901 902 904 905 909 914 917 920 922 926 928 934 942 943 949 952 961 963 964 968 970 976 979 981 983 987 988 990 996 997 999 1006 1008 1009 1010 1011 1013 1016 1018 1019 1020 1024 1026 1027 1030 1035 1037 1039 1041 1042 1043 1044 1045 1047 1049 1051 1052 1063 1064 1065 1067 1070 1073 1074 1077 1078 1082 1083 1092 1095 1099 1100 1102 1105 1109 1110 1112 1113 1116 1121 1122 1123 1124 1125 1127 1129 1133 
343: 1 2 6 11 13 16 17 21 27 38 39 41 43 44 45 46 48 50 55 57 58 64 65 69 72 76 77 82 90 92 94 107 110 111 112 114 116 117 118 121 124 125 129 131 132 133 139 142 143 147 151 157 158 160 163 166 167 169 170 171 174 181 192 200 202 204 207 211 213 215 221 224 231 234 239 242 243 244 247 249 252 260 265 269 270 273 274 277 278 280 283 287 289 292 294 295 299 301 302 306 308 309 315 316 317 321 324 325 326 334 335 336 339 341 342 343 344 345 350 351 356 361 362 364 366 367 375 377 381 382 385 387 388 389 395 396 399 400 401 402 407 418 420 421 428 429 430 431 434 441 442 452 458 459 460 465 467 482 485 490 496 498 499 500 503 504 509 512 513 514 522 530 531 532 534 539 540 541 549 550 556 558 562 568 571 572 579 586 587 591 595 599 600 606 608 609 610 611 613 622 623 625 626 632 634 636 640 641 642 643 649 651 656 657 658 660 663 664 665 666 668 673 681 685 693 696 699 700 706 714 717 718 722 723 724 728 729 733 736 737 741 743 744 746 747 756 758 763 764 765 766 771 776 782 791 793 796 804 810 811 812 817 823 826 827 829 836 843 851 853 854 857 858 860 861 866 868 870 882 884 903 908 913 915 918 920 922 925 926 935 937 942 945 952 953 961 966 968 975 976 980 984 997 1002 1003 1007 1010 1016 1017 1018 1020 1022 1030 1034 1038 1043 1046 1049 1065 1068 1070 1071 1072 1074 1077 1078 1081 1083 1084 1086 1088 1097 1105 1108 1109 1112 1115 1122 1123 1126 1128 1132 1135 
338: 8 11 14 16 17 18 19 20 22 27 31 38 40 44 54 59 69 75 78 80 83 90 91 92 95 98 101 102 109 117 118 119 122 125 126 128 136 143 144 150 152 162 171 175 176 177 183 186 188 190 195 198 199 204 208 214 217 218 222 224 231 233 234 236 238 246 248 249 250 254 255 256 259 266 272 273 276 282 283 292 296 300 308 310 314 326 327 333 334 338 344 345 359 369 373 379 382 385 390 392 393 394 399 403 408 410 416 424 425 428 434 438 440 443 449 451 453 455 457 460 464 465 466 467 468 476 482 483 484 485 486 487 488 491 492 496 498 499 505 506 508 514 522 526 530 534 539 542 543 545 554 556 560 561 562 564 566 567 569 572 573 578 581 582 585 588 590 595 599 604 611 612 615 616 621 625 626 628 630 632 635 641 651 652 653 657 658 662 663 666 668 671 674 678 688 689 690 691 693 700 703 705 706 709 712 713 715 716 717 718 720 724 728 730 738 740 741 742 744 745 748 749 750 751 757 759 760 761 762 763 768 772 773 774 775 777 780 781 785 786 789 794 795 797 805 811 813 818 819 821 825 830 837 839 840 841 848 849 856 859 860 864 865 869 872 877 878 879 885 887 889 893 897 900 903 905 908 914 920 922 928 934 935 941 944 949 954 955 964 973 975 976 979 980 983 984 989 990 993 996 1001 1002 1003 1005 1007 1016 1017 1020 1028 1029 1030 1032 1033 1035 1039 1042 1044 1054 1058 1059 1060 1066 1068 1070 1081 1082 1084 1085 1086 1087 1089 1099 1104 1116 1118 1125 1132 1135 
307: 0 8 9 10 11 18 21 25 31 35 36 37 39 41 42 43 44 45 62 69 71 77 80 82 86 91 93 97 102 104 110 111 112 122 126 136 137 139 144 149 162 164 173 174 176 177 184 189 193 207 216 222 224 228 231 238 240 243 244 245 248 263 267 277 282 297 301 302 303 304 320 324 325 329 332 333 335 336 339 344 361 369 373 375 377 378 379 380 382 388 392 395 404 407 409 414 415 426 427 428 430 431 433 436 438 440 442 443 444 449 450 455 459 461 465 470 478 487 493 499 501 506 509 520 530 531 534 539 540 542 543 558 560 564 571 575 576 586 589 592 593 594 595 602 604 605 606 609 610 611 614 618 620 626 627 633 635 639 643 645 646 647 650 654 656 657 658 663 665 671 672 674 675 680 681 683 687 688 694 705 710 713 714 715 717 721 726 733 734 738 743 747 748 749 752 756 757 758 761 766 767 772 777 779 783 788 789 790 791 793 795 796 797 800 801 803 809 813 814 816 822 824 828 832 833 834 835 837 843 847 850 853 855 858 860 861 863 865 866 875 876 878 880 884 888 889 892 893 899 917 922 923 928 932 938 940 942 945 951 952 955 956 958 966 968 977 989 992 997 999 1000 1001 1004 1008 1018 1024 1026 1027 1029 1032 1040 1041 1042 1049 1051 1056 1064 1067 1069 1074 1079 1084 1085 1090 1092 1094 1100 1101 1104 1109 1117 1121 1122 1128 1129 1130 1132 
350: 1 3 5 10 17 18 19 20 32 34 36 37 47 54 56 57 58 61 64 69 71 73 79 83 84 85 86 87 91 93 96 100 101 102 109 113 114 115 117 119 123 127 128 132 137 141 145 146 147 148 156 158 162 164 165 166 168 171 172 175 182 188 191 193 195 198 199 204 205 207 208 213 215 218 222 225 228 230 231 233 236 240 241 243 244 245 257 262 263 269 270 271 272 276 278 283 286 289 295 299 301 302 316 322 329 334 340 343 350 353 355 358 364 366 372 376 380 384 387 388 390 391 398 399 400 408 410 427 432 435 440 444 449 452 459 460 461 468 469 470 472 475 476 482 484 485 486 493 497 505 506 507 510 512 513 515 521 535 536 548 549 551 552 553 565 566 567 569 570 572 574 576 577 579 582 585 591 601 602 603 604 605 610 612 616 618 621 622 633 640 641 642 645 647 651 652 657 658 660 664 665 667 668 670 673 675 676 678 686 687 689 692 693 694 698 699 707 708 711 715 723 724 725 726 728 731 733 736 737 740 741 746 748 754 755 758 762 766 767 769 770 772 774 776 777 779 782 785 787 797 799 800 802 803 808 815 817 818 819 823 836 837 841 842 846 849 850 851 854 856 870 873 875 877 879 886 887 893 894 917 918 921 933 934 940 943 948 950 951 957 962 963 965 966 972 974 977 982 987 988 992 994 996 998 1002 1003 1004 1018 1020 1021 1023 1025 1026 1037 1042 1044 1048 1049 1050 1051 1054 1056 1058 1059 1061 1063 1066 1067 1068 1071 1073 1076 1082 1084 1086 1092 1093 1101 1102 1103 1108 1109 1112 1117 1118 1122 1125 1128 1134 1135 
362: 3 5 6 8 11 19 20 22 27 42 43 48 50 55 57 65 67 71 72 77 78 80 85 87 89 90 91 95 97 102 109 110 114 117 120 121 126 128 130 133 140 146 147 155 157 158 159 161 164 167 169 170 172 175 176 177 184 186 188 194 196 199 200 207 214 215 216 224 225 226 227 229 230 234 236 238 241 244 248 250 254 259 260 263 264 265 266 267 274 279 281 282 286 288 290 293 297 303 304 308 311 312 313 315 320 321 324 328 332 333 337 338 341 349 350 353 355 364 368 370 377 379 380 382 392 395 397 399 404 406 408 411 412 415 417 421 427 428 430 439 441 449 451 452 454 456 458 459 461 462 464 471 475 476 478 479 480 496 497 498 502 504 510 513 514 518 519 525 526 527 528 530 531 538 539 540 541 542 545 547 548 554 555 557 562 564 565 566 568 571 572 573 578 579 581 583 584 586 590 593 596 601 616 620 624 625 628 629 647 649 653 656 660 662 663 667 669 674 676 677 678 685 687 692 694 697 698 700 703 705 708 715 722 723 725 726 727 741 748 751 752 765 766 770 772 779 780 781 782 788 792 797 800 801 804 806 807 808 809 810 815 817 821 822 823 824 826 833 835 836 838 840 844 845 846 854 859 865 869 880 882 887 888 892 893 895 899 900 904 909 913 914 915 921 923 925 929 936 937 945 948 955 957 960 961 966 967 969 971 972 975 977 981 982 984 987 989 997 1000 1002 1013 1015 1016 1017 1018 1019 1026 1027 1034 1037 1040 1044 1051 1052 1056 1057 1063 1064 1066 1068 1070 1071 1074 1076 1077 1087 1092 1095 1096 1098 1099 1104 1105 1111 1112 1119 1121 1123 1125 1126 1129 1133 
346: 0 1 3 5 10 12 14 16 17 18 20 21 23 27 34 36 42 44 45 51 63 65 69 74 79 81 82 84 85 94 99 101 105 106 107 110 117 120 121 122 128 130 132 134 136 138 143 150 151 152 153 154 157 161 168 170 171 173 176 177 178 180 183 187 188 189 193 196 198 205 207 208 211 212 214 223 225 233 239 241 242 243 248 251 252 255 258 262 265 270 272 274 275 282 283 284 286 290 292 293 298 300 301 303 306 310 314 315 321 327 332 336 337 338 340 347 349 355 356 358 363 365 366 377 378 381 383 386 387 390 392 394 396 398 401 402 403 404 408 409 411 417 418 421 422 425 426 428 440 446 448 450 455 463 464 466 467 468 469 475 476 480 481 487 489 490 496 497 501 503 504 507 511 512 513 515 522 524 525 530 538 541 545 547 551 556 557 560 566 568 571 575 585 588 591 598 599 605 606 607 609 618 629 630 631 632 633 636 639 646 649 652 654 660 662 664 668 673 674 681 685 688 689 698 700 702 705 710 714 715 726 727 732 737 739 741 747 757 758 770 771 783 784 785 788 790 794 795 796 798 799 802 812 814 822 829 843 846 847 849 850 851 858 865 868 871 877 884 890 892 893 900 902 905 908 910 913 915 920 921 923 924 926 937 942 944 948 952 955 957 958 960 969 977 982 984 988 995 996 997 998 1000 1004 1007 1008 1009 1010 1011 1022 1027 1028 1033 1034 1035 1036 1037 1046 1053 1059 1065 1066 1067 1070 1071 1077 1080 1084 1090 1091 1092 1095 1098 1100 1105 1107 1109 1110 1113 1115 1117 1118 1119 1120 1125 1131 1134 
332: 1 5 8 10 25 26 27 30 37 39 41 42 43 44 46 47 48 51 54 57 59 65 68 71 73 74 76 80 84 86 87 89 91 93 94 100 101 103 106 110 111 117 119 120 122 124 125 128 129 139 140 143 144 148 153 154 155 157 161 166 167 172 173 176 177 182 198 199 205 208 213 215 225 229 231 238 242 244 246 248 249 250 255 256 261 262 267 270 273 279 285 291 292 293 297 298 304 306 309 310 316 320 322 323 325 326 331 335 336 337 338 341 345 349 350 355 359 362 364 369 373 379 381 386 388 389 390 393 395 396 403 405 408 421 422 427 432 435 436 439 444 454 460 462 469 470 476 478 485 486 490 493 495 498 505 507 508 510 511 516 521 524 526 527 529 531 532 535 539 547 552 553 554 555 557 559 561 566 568 570 571 576 577 579 582 585 590 593 596 598 600 601 602 606 607 610 616 618 619 625 628 631 632 634 638 639 642 646 647 654 656 657 665 672 679 697 701 702 703 704 705 706 708 711 714 717 718 720 725 726 729 736 746 747 754 756 759 762 763 764 774 777 780 781 795 798 802 804 810 816 825 829 830 832 842 845 847 853 855 856 862 863 864 866 870 876 881 883 891 893 894 898 903 909 912 913 915 916 918 919 920 922 925 926 927 934 943 948 952 964 966 972 981 984 987 993 996 998 1000 1002 1004 1005 1011 1012 1016 1027 1039 1040 1041 1043 1049 1050 1057 1060 1072 1082 1084 1087 1088 1090 1097 1104 1108 1115 1120 1122 1125 1126 1129 1130 1131 1136 
334: 4 21 22 38 39 46 49 53 62 63 64 65 67 68 71 83 84 88 89 96 100 102 107 109 115 118 119 121 128 129 131 134 135 153 155 159 160 161 162 164 169 170 171 172 174 177 179 182 186 196 200 202 204 210 211 213 216 217 223 226 229 234 237 238 240 241 252 256 257 258 263 264 268 269 284 286 294 301 310 312 313 314 319 320 324 325 328 329 338 339 340 342 343 346 351 353 355 356 374 377 382 386 387 391 394 395 396 404 412 418 421 422 426 430 432 437 438 445 451 454 456 459 463 467 468 470 471 474 476 477 478 480 482 484 493 494 495 497 498 514 516 519 522 528 534 537 540 541 544 546 551 554 555 562 566 571 572 574 575 578 579 582 583 586 589 593 596 597 602 609 612 614 619 626 630 633 637 639 642 645 648 650 653 657 660 662 674 675 682 683 688 689 690 693 700 701 703 704 705 709 710 713 718 721 722 724 726 729 731 735 736 742 744 745 752 754 756 763 766 770 771 774 775 776 779 780 789 796 798 804 805 807 808 809 814 815 817 819 823 825 827 837 841 843 851 853 855 857 858 859 864 868 875 880 885 887 890 891 896 897 899 904 906 909 919 922 927 933 935 937 938 939 953 956 957 958 961 963 973 975 978 982 986 987 988 990 999 1003 1005 1006 1010 1011 1012 1013 1015 1022 1024 1025 1027 1030 1033 1034 1037 1039 1041 1043 1049 1052 1056 1061 1062 1069 1071 1074 1085 1090 1091 1094 1095 1098 1103 1106 1108 1109 1111 1113 1114 1121 1122 1126 1131 1134 1135 1137 
Days = 7
Shift constraints
2 6
2 5
1 6
0 7
1 6
3 4
true
true
Forbidden sequences = 2
3 1 
2 3 

