# Randomly generated data for the integrated task scheduling and personnel rostering problem, skilling=0,300 and tightness=0,899 seed=37800
Tasks = 1016
624 707 3
407 504 0
620 707 4
405 550 2
405 481 3
407 511 1
615 693 1
724 776 5
409 466 4
725 800 6
638 706 2
622 697 3
617 700 0
720 785 1
722 805 3
616 686 3
726 771 6
411 492 3
722 828 3
405 464 0
624 727 0
720 782 6
742 853 5
722 782 0
724 777 6
720 801 3
406 522 2
406 481 6
722 801 6
408 499 6
720 795 2
702 757 0
720 789 1
405 464 3
405 452 4
743 868 4
405 446 1
729 765 2
406 463 0
618 711 0
412 497 2
784 896 0
617 706 3
406 472 1
723 813 5
615 732 2
696 817 1
408 531 6
722 807 1
659 711 5
553 640 2
899 989 4
406 470 4
633 670 5
823 890 1
406 505 6
516 620 1
723 754 3
405 478 5
497 554 5
615 676 0
623 718 5
670 788 4
624 665 0
412 453 3
411 518 4
406 477 1
418 516 2
714 785 0
405 453 4
455 547 4
408 460 6
405 485 2
407 532 4
527 616 2
725 838 3
790 822 1
808 912 1
468 611 4
723 823 0
993 1100 4
502 583 6
619 681 2
722 814 2
772 849 6
667 755 0
468 539 0
405 463 5
623 751 4
484 567 3
721 767 5
446 525 1
724 846 5
405 482 1
801 891 6
720 804 3
505 591 6
723 809 0
727 808 4
760 842 0
405 505 6
727 801 6
551 641 4
617 679 5
726 786 0
737 849 4
615 675 3
626 700 1
406 446 4
724 810 5
422 498 1
568 647 3
723 802 0
522 613 4
463 586 5
464 554 6
405 532 2
615 722 1
720 756 2
616 692 5
413 471 1
464 511 3
726 813 2
615 670 2
495 577 3
720 823 0
720 802 6
405 477 5
720 793 4
631 710 4
816 876 5
406 489 6
629 753 3
721 827 5
727 812 5
893 924 1
720 831 2
556 658 6
831 925 3
405 467 2
778 850 3
615 737 3
892 990 6
853 944 6
665 746 6
1104 1187 4
615 731 5
724 808 5
411 516 3
828 922 5
914 943 1
457 559 3
617 757 5
992 1070 6
406 486 5
408 498 0
408 504 3
828 898 1
618 732 2
943 990 1
509 543 6
793 912 4
748 809 6
815 850 5
470 540 2
720 796 3
806 859 6
617 715 6
786 878 0
705 789 3
725 829 0
745 853 2
739 823 5
434 529 0
722 800 1
806 891 3
629 692 6
407 487 4
407 492 3
533 573 2
517 579 2
612 639 4
405 480 0
498 586 2
741 854 1
507 590 0
804 867 3
482 535 1
542 673 4
878 911 6
643 725 4
720 844 1
487 522 4
480 604 1
818 894 5
405 486 0
615 714 0
822 913 5
818 944 1
544 618 6
927 1040 5
512 640 3
647 717 3
707 804 3
878 956 5
725 840 1
899 951 1
720 806 6
423 476 0
720 798 5
616 697 0
700 771 4
476 556 1
421 493 2
421 510 2
617 723 1
618 696 4
405 503 2
724 838 1
615 695 2
847 950 5
929 1031 1
722 846 3
805 861 0
480 591 0
594 664 0
630 687 2
679 808 5
788 887 0
722 768 4
768 831 5
818 873 4
795 844 2
412 498 6
405 492 2
405 518 1
922 1020 5
876 961 4
581 677 2
722 799 4
501 550 4
789 851 0
837 944 2
715 824 6
824 950 0
499 582 6
726 801 1
494 580 3
726 831 6
627 707 4
601 663 6
676 730 3
620 688 2
866 915 0
595 662 0
694 768 2
720 776 0
811 851 6
535 655 5
494 612 2
623 736 6
642 713 2
733 779 6
458 532 0
686 766 0
734 835 1
850 949 0
406 511 6
857 944 3
737 837 6
1032 1072 1
591 683 6
452 518 4
412 483 3
723 845 0
781 862 5
616 749 6
729 864 0
684 775 6
464 531 0
730 801 5
867 918 3
710 833 4
590 680 2
408 521 1
721 845 5
863 954 1
461 596 5
871 952 0
714 767 0
703 826 1
895 952 5
789 868 3
534 642 1
535 602 1
829 939 1
540 628 2
406 464 0
955 1065 5
450 535 4
1066 1123 5
855 920 5
769 850 4
881 924 3
945 1054 1
516 616 3
421 489 2
405 485 5
733 837 2
531 562 0
499 593 1
505 572 6
928 981 3
533 647 4
531 640 6
883 966 5
967 1068 1
982 1030 3
888 976 0
879 940 0
739 838 3
594 685 1
901 979 0
801 854 5
810 917 5
450 490 2
681 748 5
731 799 5
587 630 5
615 722 0
856 932 5
721 804 6
573 611 2
914 976 4
447 510 4
756 842 2
842 929 2
754 814 5
858 918 0
687 766 2
618 703 0
842 908 3
525 642 1
917 1008 5
688 758 3
1049 1121 5
505 611 2
564 652 3
633 733 4
924 1008 3
631 718 5
916 1019 0
717 840 4
991 1057 1
506 570 6
771 894 2
616 694 2
832 892 0
552 659 4
588 691 6
752 862 4
806 933 6
714 823 4
1030 1124 3
776 875 0
826 873 6
834 882 0
783 859 6
702 777 5
984 1108 5
640 685 6
619 765 6
876 957 0
663 714 3
728 807 3
847 900 5
944 1037 2
952 1021 5
806 896 3
721 845 6
1072 1188 6
516 641 3
749 831 6
750 858 3
810 933 3
856 965 1
773 856 0
405 494 4
896 992 3
736 812 3
836 896 6
478 524 5
848 948 6
503 570 2
799 888 3
791 891 6
864 950 3
412 452 4
773 859 0
676 770 2
993 1081 3
616 690 4
521 640 5
1124 1189 5
514 570 4
697 801 4
756 810 5
908 980 3
518 601 1
837 905 2
574 669 2
665 760 0
714 792 2
853 967 6
840 896 6
884 934 0
891 951 3
635 707 2
845 950 1
501 577 0
899 1012 6
493 598 2
492 571 3
708 814 2
405 481 1
580 661 3
686 739 1
976 1040 6
906 992 2
722 781 1
405 464 1
842 915 4
979 1101 1
573 646 4
1082 1189 3
487 576 5
519 590 4
582 682 3
718 789 5
575 640 6
753 875 5
950 1071 5
619 700 3
643 697 1
772 826 2
699 763 0
920 997 3
933 1022 5
493 610 2
838 925 3
902 985 5
495 621 4
466 544 0
555 600 5
703 802 2
427 501 6
735 798 4
918 982 4
853 936 4
685 770 3
790 860 4
953 991 6
622 682 1
620 700 1
706 802 0
416 499 6
845 924 2
1026 1128 5
1067 1174 6
590 728 4
698 789 1
611 671 2
938 1021 4
642 688 6
892 931 0
665 753 4
651 734 5
666 758 3
630 757 2
1025 1107 5
844 964 4
809 866 1
824 957 4
928 983 3
682 780 1
408 514 4
992 1074 2
502 549 6
983 1074 4
693 764 4
721 783 3
722 832 0
530 606 2
535 619 0
782 886 6
676 755 0
814 945 2
594 670 4
932 1031 6
490 601 2
683 785 2
604 701 1
702 765 1
891 1009 3
935 987 0
607 730 2
621 693 6
694 740 2
984 1074 3
964 1031 4
711 779 2
720 771 6
976 1037 4
805 930 6
850 945 5
818 867 3
953 1026 0
728 814 4
832 937 5
807 886 1
611 718 2
773 875 5
997 1116 6
462 489 4
958 1024 0
493 577 1
507 598 0
804 878 6
616 731 3
680 720 2
510 581 0
649 772 3
781 864 1
493 559 4
951 1057 0
1057 1189 1
615 745 2
994 1064 0
874 962 0
760 861 0
896 963 6
625 705 5
791 865 5
631 720 0
805 877 6
580 690 1
472 556 1
868 948 1
736 788 2
1112 1187 5
947 1079 2
545 615 0
792 863 2
962 1074 5
562 659 0
808 885 4
959 1098 1
562 668 4
706 820 2
410 489 6
877 937 6
748 815 2
836 888 5
885 964 4
659 731 0
754 856 1
1060 1183 1
839 936 1
1023 1101 0
829 928 2
726 782 6
926 1013 2
571 686 3
958 1021 3
980 1074 0
729 792 4
1122 1185 6
725 806 4
622 664 4
540 596 0
674 765 4
832 887 2
951 1072 1
412 468 1
934 1017 3
786 906 6
580 628 0
807 873 3
1016 1135 2
786 821 1
719 796 2
732 794 3
937 1067 5
732 809 0
776 863 4
630 768 3
873 1008 3
631 663 6
515 598 6
886 1015 6
993 1092 0
464 568 1
771 801 2
799 866 4
1012 1073 3
954 1030 3
783 856 3
760 862 2
475 530 1
862 985 0
721 791 2
615 659 1
657 740 5
596 708 0
898 1003 6
612 701 2
1106 1183 1
755 851 4
629 730 0
410 519 3
750 844 5
762 856 3
822 907 5
1075 1122 0
938 1059 6
949 1033 6
611 694 2
525 585 5
865 942 0
708 768 3
805 902 0
876 982 3
836 888 6
906 973 5
640 709 3
1124 1187 3
644 698 4
889 954 6
766 841 4
867 933 4
875 966 6
1008 1067 3
798 862 3
830 893 2
1059 1134 0
1126 1185 1
936 998 4
740 852 2
972 1071 0
1000 1129 4
796 864 2
569 687 1
962 1068 4
763 868 0
772 859 6
953 1049 3
771 821 4
1023 1094 3
962 1059 6
766 863 1
689 746 1
1010 1092 3
664 758 4
770 837 3
931 1046 6
790 866 2
922 995 0
930 1021 2
499 531 6
1037 1161 4
819 884 2
901 971 5
1100 1187 0
622 692 0
663 776 4
973 1073 4
951 1067 1
700 771 1
745 854 0
698 731 4
984 1122 3
602 682 6
709 772 0
832 926 0
414 558 5
687 793 3
1022 1126 2
939 1041 0
581 653 5
829 860 4
721 778 4
789 864 5
929 1000 2
1035 1127 4
795 863 3
965 1067 6
757 800 1
1122 1186 0
803 916 4
768 857 3
862 988 4
811 894 4
954 1067 0
687 780 2
722 793 6
1135 1188 0
809 864 0
907 1041 2
424 508 5
927 1034 0
941 996 0
904 986 0
987 1086 5
747 856 5
900 990 5
671 744 2
773 862 3
874 985 5
936 988 1
869 945 2
865 996 4
952 1003 5
654 737 4
1028 1072 0
881 966 4
1019 1070 6
693 781 6
920 1007 2
568 686 1
1083 1186 5
755 880 0
1003 1080 0
693 788 0
736 819 4
1067 1143 1
1017 1099 6
767 894 2
692 785 1
570 647 6
607 652 2
789 864 1
582 697 0
794 925 4
559 611 5
840 944 3
1023 1104 4
697 778 2
698 777 6
831 970 4
803 872 2
818 864 4
688 790 6
1094 1189 0
757 858 4
738 809 4
586 659 3
690 789 6
896 969 4
1132 1188 4
425 500 0
1021 1086 2
933 1000 6
1055 1132 6
663 769 1
977 1072 5
1037 1099 0
776 852 5
655 740 2
949 1044 4
624 723 5
1133 1186 6
1039 1120 2
948 1003 3
767 834 0
809 864 6
1034 1121 6
954 1066 2
1059 1128 6
869 956 5
693 780 6
1101 1183 5
1128 1184 5
872 1002 2
791 864 6
1003 1073 3
1090 1173 2
416 481 6
1136 1189 2
702 764 2
909 965 2
908 997 6
1003 1083 0
665 750 6
740 862 5
870 934 5
805 864 2
1162 1189 4
603 706 1
1031 1108 3
815 902 2
488 596 6
997 1084 4
1005 1072 2
1011 1074 5
1001 1072 6
730 810 1
759 864 4
682 779 6
1083 1184 2
723 768 0
782 852 1
812 929 3
1011 1099 5
1058 1189 3
1128 1181 5
803 864 1
821 901 1
997 1071 4
873 981 0
1134 1183 2
890 981 1
533 617 6
559 614 1
837 913 1
521 658 6
753 825 3
866 975 3
1008 1097 6
1060 1189 6
519 609 4
986 1074 0
586 667 5
788 862 1
1102 1187 0
792 889 2
1073 1128 0
1075 1171 1
904 972 2
1106 1188 4
618 697 6
643 790 1
793 860 2
688 815 1
794 861 4
710 803 3
942 1066 5
661 749 6
989 1088 4
765 856 2
1133 1184 0
989 1071 0
792 862 1
610 672 6
834 920 0
607 731 5
805 867 6
998 1033 1
1112 1189 5
751 838 6
795 863 6
1104 1186 3
790 864 0
947 1028 0
510 608 5
972 1052 2
553 658 6
937 1051 3
919 987 6
826 942 6
770 859 0
983 1044 4
627 711 4
1084 1188 0
980 1072 3
1126 1189 2
787 878 6
988 1062 1
889 1000 6
611 739 5
910 977 2
898 964 2
605 659 2
773 864 0
826 934 1
973 1065 5
706 759 1
772 862 1
1121 1188 3
729 824 0
785 860 3
719 808 4
790 859 6
1104 1183 0
1104 1186 6
922 1015 1
1121 1187 6
881 921 0
913 1033 6
651 750 6
622 734 1
550 651 0
1017 1071 1
745 822 2
970 1071 6
1072 1189 6
669 787 5
972 1074 2
1047 1188 4
993 1068 6
809 858 4
980 1055 5
984 1070 3
1004 1081 5
908 961 5
765 857 6
754 848 2
526 603 0
684 756 2
781 860 6
939 1045 1
1142 1188 4
979 1048 2
920 1005 0
860 993 5
660 751 6
544 656 1
997 1083 3
919 1046 4
1095 1176 4
749 850 4
1046 1164 1
1098 1189 3
822 864 2
902 956 1
991 1055 2
1035 1074 0
994 1055 5
862 962 1
1056 1153 5
1124 1163 6
619 704 0
922 986 0
987 1064 6
887 972 3
988 1072 0
746 849 1
1088 1142 3
852 956 2
969 1100 5
956 1000 2
965 1073 4
1104 1183 6
1030 1073 3
759 849 2
990 1072 3
660 772 5
888 1018 6
789 864 5
1102 1189 5
956 1033 1
696 768 0
659 761 3
749 862 5
1047 1162 1
740 806 5
1128 1189 6
1105 1189 6
700 783 6
1063 1173 1
1123 1189 3
775 853 3
971 1068 4
669 782 1
756 855 6
786 863 0
713 861 6
1021 1074 6
1060 1149 2
1047 1117 6
1086 1186 5
813 864 4
1054 1183 4
780 859 4
737 773 5
989 1071 1
672 799 0
987 1074 0
888 1009 2
1143 1188 1
1013 1071 2
864 989 5
774 850 5
1051 1183 6
1000 1070 2
1033 1107 1
784 863 2
816 864 1
1095 1162 4
1029 1152 0
716 805 0
1142 1189 3
1108 1189 1
756 849 6
773 863 5
759 864 1
963 1073 1
791 861 1
1024 1127 5
780 859 2
1045 1143 0
1129 1187 5
785 864 6
791 864 2
1003 1074 2
1005 1075 0
809 864 3
Shifts = 4
0 0 0 0 0 0
405 0 0 460 0 0
615 0 0 460 0 0
720 0 0 470 0 0
Employees = 40
310: 2 3 4 8 9 15 21 24 25 30 33 34 37 41 42 46 47 49 51 52 55 57 59 61 65 66 68 72 76 77 78 79 82 83 84 88 91 96 97 101 104 110 111 112 114 117 120 121 122 124 125 134 135 145 146 152 153 154 156 158 159 164 166 167 169 173 179 180 181 183 184 188 191 192 194 200 201 208 212 215 225 226 227 229 232 238 240 243 244 251 253 254 257 261 262 263 265 267 275 277 278 279 281 293 299 303 306 307 308 309 313 322 323 326 334 343 345 346 349 351 356 360 362 363 365 369 370 375 376 380 381 382 387 388 395 397 399 401 403 404 419 421 423 424 435 436 443 445 455 461 466 467 471 475 477 480 481 485 489 492 508 513 515 518 524 533 542 546 561 566 569 571 572 577 579 586 588 592 594 595 596 599 600 603 606 616 617 627 628 631 633 634 638 640 641 642 643 646 649 665 666 668 672 674 677 679 681 684 688 691 692 694 699 700 704 705 707 708 713 718 721 723 724 729 731 732 735 737 738 739 740 743 747 748 754 755 756 770 772 773 774 775 783 785 787 789 795 816 822 824 828 833 834 835 836 839 841 843 844 845 848 850 858 859 863 870 875 876 877 895 896 897 899 900 903 904 911 914 923 925 936 943 945 946 952 954 955 962 964 966 974 976 977 978 979 984 985 986 987 992 994 999 1000 1003 1005 1006 1008 1010 1011 1015 
324: 2 18 20 25 26 28 30 33 34 35 36 37 38 42 43 46 54 57 59 65 68 78 86 91 92 93 97 98 100 102 103 106 107 109 113 116 120 123 124 125 127 128 131 132 133 136 144 146 150 153 160 167 168 171 172 175 179 186 189 190 193 194 198 199 200 204 205 206 207 208 209 214 230 231 232 234 240 242 249 254 256 257 258 260 267 268 269 277 278 281 284 292 293 296 297 299 300 301 303 304 309 316 318 323 328 333 340 341 345 348 352 353 358 359 360 363 369 372 376 382 383 387 399 404 405 409 412 413 416 418 419 420 421 422 423 424 429 431 435 445 446 449 451 452 458 461 462 472 473 474 481 487 488 493 495 496 499 500 501 502 506 511 514 517 518 519 522 525 527 529 532 534 536 538 539 541 542 546 547 551 554 559 561 565 573 578 581 583 585 590 592 593 596 599 600 602 603 604 606 608 609 614 620 624 625 630 633 634 638 644 647 650 657 658 659 660 662 664 666 667 668 673 675 677 680 684 685 687 690 700 701 702 703 719 723 728 731 732 739 753 755 756 760 763 764 767 772 781 785 791 797 798 799 800 802 804 806 811 815 820 821 823 828 834 837 841 843 846 847 853 854 856 858 860 861 862 863 866 869 877 882 884 887 890 891 892 894 898 900 905 907 911 912 917 918 920 922 925 926 929 930 933 935 945 946 947 948 950 951 952 963 970 975 980 984 986 987 989 990 995 1000 1001 1003 1005 
314: 6 7 10 17 25 29 37 42 43 44 48 51 52 58 65 66 67 68 72 81 86 90 96 99 107 108 111 113 117 127 132 135 136 139 145 146 149 151 153 156 165 166 173 175 177 184 186 187 189 193 195 196 199 201 206 212 223 231 232 233 236 239 240 242 248 249 251 253 254 257 260 263 266 267 274 276 277 279 281 282 283 292 294 297 298 299 303 306 308 311 312 317 321 327 329 331 348 351 356 363 370 371 376 377 386 388 389 390 397 401 404 405 407 409 417 419 420 422 425 430 434 436 443 446 447 450 451 452 460 463 465 468 469 470 471 474 475 476 479 480 481 482 485 489 492 495 503 509 510 511 513 520 522 525 526 529 530 531 544 546 556 557 559 560 565 567 572 573 581 588 590 594 600 603 608 611 617 618 622 624 626 635 636 637 638 642 644 650 652 653 655 656 660 666 670 673 675 676 681 682 683 685 687 689 692 696 699 700 703 707 708 710 712 715 718 721 722 724 727 736 737 739 742 744 748 750 751 753 754 755 760 762 763 765 767 771 772 779 780 783 789 797 801 802 805 810 811 813 815 818 819 821 825 826 828 829 833 834 838 841 842 854 858 865 867 873 875 876 877 878 880 881 884 886 888 891 893 897 898 900 903 906 912 914 915 919 921 924 932 933 938 943 945 952 955 958 960 963 965 968 974 978 980 985 988 990 991 992 995 997 998 999 1005 1015 
298: 1 2 6 13 18 24 30 41 43 45 46 47 61 63 66 67 78 85 86 87 88 92 97 98 109 112 113 117 120 122 130 131 135 136 140 141 149 152 153 155 156 158 159 162 174 179 180 181 184 188 189 191 193 201 203 204 209 210 215 217 221 225 230 238 239 241 244 245 250 251 254 255 256 263 266 267 268 273 276 290 295 299 302 304 307 310 311 313 317 320 322 323 327 331 332 342 349 352 354 359 363 364 366 368 370 373 381 384 391 398 415 419 420 421 426 429 430 432 433 434 437 439 442 443 447 450 452 466 472 473 474 475 477 480 481 482 483 490 491 492 493 499 500 504 513 516 519 520 521 522 523 529 530 531 533 539 542 544 547 548 553 554 558 565 566 568 570 572 573 575 578 588 595 597 598 599 600 601 606 607 609 610 613 615 616 617 622 623 633 635 637 643 646 647 648 650 652 656 662 665 667 671 681 684 689 690 691 694 695 696 700 704 705 707 709 715 718 726 728 742 744 751 757 760 765 767 768 772 776 779 787 789 797 801 803 807 809 810 812 820 826 832 839 842 843 846 850 852 853 857 858 865 867 879 880 881 886 888 889 894 895 899 903 914 915 918 920 922 925 930 943 948 949 950 953 960 963 967 969 972 982 984 987 988 989 992 995 996 1000 1002 1003 1004 1005 1007 1009 1011 1012 1013 
288: 1 12 13 16 18 22 24 26 28 39 41 42 49 54 55 61 63 64 65 69 73 74 76 80 83 84 88 99 101 103 106 107 111 113 119 121 124 125 126 127 129 133 143 145 147 151 152 156 158 159 161 162 163 171 172 184 185 189 190 192 193 202 203 210 214 217 218 224 229 231 233 234 238 242 250 254 260 261 267 272 280 284 285 286 291 301 304 311 312 320 324 326 328 334 340 341 345 346 347 349 351 352 360 363 370 372 373 378 380 382 383 393 395 400 401 402 404 412 415 418 421 422 430 433 435 436 438 442 444 452 453 461 462 463 464 468 469 471 476 477 479 484 485 489 492 511 514 517 522 528 533 534 547 555 561 565 573 576 582 593 598 599 602 603 605 607 608 614 617 619 622 626 630 636 638 639 647 648 650 652 653 654 657 662 670 672 677 679 694 698 701 705 707 708 713 723 725 726 729 731 733 734 735 736 740 746 750 756 757 760 766 770 774 775 776 780 781 783 788 792 794 797 799 801 813 815 818 824 829 831 837 839 842 845 846 851 854 855 861 873 874 877 878 881 883 884 895 896 899 904 906 907 910 911 912 920 927 930 936 938 940 941 944 953 954 955 958 964 970 971 973 974 975 978 980 981 983 988 994 996 998 1000 1001 1006 1007 1008 1012 1013 
306: 0 3 7 10 12 13 22 23 24 25 29 43 46 49 52 54 56 59 64 66 75 76 77 78 82 83 87 89 101 110 116 120 123 126 136 145 148 155 158 159 162 163 165 166 167 169 172 174 175 185 186 188 196 199 205 206 209 210 211 212 214 216 217 220 221 222 224 226 229 233 235 236 237 241 244 245 246 249 252 257 269 277 279 280 281 286 292 294 297 298 302 306 308 314 319 323 326 328 329 330 334 337 340 341 347 349 350 352 354 355 359 361 363 369 379 383 384 387 394 397 399 401 402 406 407 408 411 415 417 419 420 426 430 432 435 442 444 446 447 451 458 459 463 466 469 470 471 472 479 480 481 487 490 492 493 497 501 502 503 504 505 506 507 509 513 514 518 519 526 528 533 539 540 543 547 548 552 559 561 563 570 576 586 592 598 601 606 607 608 618 620 626 629 631 638 641 649 650 659 662 663 669 678 681 685 686 688 691 695 698 699 703 712 717 723 724 725 732 737 738 741 742 743 745 752 761 762 763 764 766 767 771 774 777 778 783 784 788 789 795 798 799 801 803 804 806 810 814 818 824 825 826 827 829 830 835 837 838 841 845 847 851 856 858 863 865 868 874 888 889 891 898 901 903 907 908 911 914 919 924 925 932 938 940 946 956 957 959 966 969 970 971 973 974 979 980 981 985 987 988 991 997 1000 1002 1012 1014 
301: 1 3 4 5 6 8 9 11 16 24 27 31 35 37 44 45 52 61 66 68 76 77 79 91 99 100 102 103 116 124 130 131 132 136 139 140 143 144 150 152 158 161 162 163 164 169 176 182 184 185 186 188 191 198 200 201 212 219 230 231 234 239 242 249 254 256 257 262 264 268 276 277 278 281 282 283 291 293 295 298 299 300 301 312 313 316 323 324 330 333 335 339 345 347 348 353 355 358 359 365 371 374 375 378 386 394 395 396 397 399 400 403 404 405 408 411 414 415 417 423 428 429 430 431 432 440 442 445 452 457 458 459 460 462 465 466 469 474 475 479 484 488 490 493 498 502 504 506 508 513 519 525 528 536 538 547 552 558 562 575 576 585 586 587 588 591 599 600 601 602 605 607 610 616 617 619 620 621 624 626 629 631 633 634 638 646 659 663 666 667 668 670 672 675 677 678 680 682 684 688 690 697 699 701 703 704 711 713 724 725 726 729 736 740 751 752 753 754 755 758 759 762 763 764 767 769 775 782 783 788 789 790 791 792 794 798 802 807 808 811 814 817 820 823 828 829 831 834 836 843 849 850 851 854 857 861 862 863 864 867 871 875 878 884 885 890 893 894 896 899 905 918 921 923 926 927 930 934 936 939 940 942 957 960 963 964 966 969 974 977 983 989 990 991 992 993 998 1003 1011 1012 1014 
317: 2 5 12 14 16 17 18 25 34 39 40 42 43 48 59 61 63 67 70 73 74 75 76 77 81 82 85 89 91 94 95 96 99 102 105 107 108 109 112 118 123 124 128 129 130 133 137 138 143 145 155 156 161 164 166 172 173 175 176 178 180 183 195 196 197 198 199 203 204 205 206 210 219 225 229 231 232 233 236 240 246 247 248 251 253 255 257 261 266 267 269 276 278 279 281 282 283 290 293 297 298 300 303 304 309 310 320 322 323 324 325 329 330 335 336 339 348 350 351 356 359 362 363 369 377 378 380 383 389 404 415 417 422 427 428 433 435 442 454 455 456 457 458 462 464 465 473 477 479 491 492 498 512 517 518 519 523 526 529 538 540 543 546 549 553 556 559 560 562 565 566 567 569 570 571 578 579 582 583 584 592 593 595 598 605 611 614 615 616 619 623 625 629 632 636 637 643 645 647 648 652 656 658 660 664 667 682 683 684 689 695 699 700 709 713 717 726 727 729 737 738 741 742 749 756 762 763 764 767 768 776 777 779 784 791 796 798 800 801 804 806 807 810 811 814 815 820 821 824 829 830 835 836 846 847 850 851 856 861 863 864 867 868 874 875 877 878 883 886 887 888 889 894 895 898 904 908 916 919 920 924 925 926 927 928 929 932 935 936 943 947 948 954 958 960 961 962 965 967 969 971 976 978 979 980 981 982 984 994 997 998 1003 1005 1007 1009 1012 1015 
310: 3 5 8 10 17 18 20 22 24 25 26 35 37 40 44 49 51 60 63 66 68 80 83 92 93 94 96 100 111 112 116 117 118 119 120 121 124 126 131 136 140 141 142 144 145 148 149 150 153 155 159 161 162 164 169 170 172 178 181 184 185 187 188 193 195 197 200 218 221 224 232 237 242 243 246 248 251 254 256 257 258 264 265 269 271 276 278 284 285 289 292 293 309 316 320 323 326 327 332 333 335 336 337 344 360 363 364 372 373 375 377 378 380 384 389 392 398 401 407 409 415 416 418 423 425 430 434 436 443 451 454 455 457 461 463 464 465 467 470 471 474 476 477 480 481 485 489 493 496 498 499 501 505 510 514 516 517 519 530 533 534 535 536 537 539 542 547 548 549 551 555 556 562 563 568 576 579 580 581 582 585 586 588 589 592 601 610 612 618 621 630 632 634 637 639 645 648 649 653 657 658 659 660 663 665 666 670 671 672 676 679 680 681 683 684 689 693 700 701 704 706 709 710 716 717 721 725 732 733 739 740 741 745 749 751 754 756 763 765 767 771 785 789 790 791 793 796 797 800 803 807 809 810 812 825 830 834 835 836 839 840 844 846 848 849 851 855 856 869 874 878 879 882 885 888 889 896 898 902 908 909 911 912 913 920 922 929 933 934 938 942 944 950 953 957 959 966 969 970 974 979 985 992 993 994 997 998 1002 1007 1014 
326: 1 4 5 8 9 13 14 17 18 21 25 28 29 30 31 38 40 45 49 50 51 56 60 70 72 73 75 78 82 83 84 86 88 89 93 97 103 108 113 114 115 120 122 125 132 133 140 142 145 153 156 157 159 160 161 162 166 169 174 178 183 189 195 201 206 210 212 220 224 226 228 230 232 237 239 243 244 248 249 253 256 258 259 260 261 263 265 275 276 282 284 287 288 289 291 292 298 307 308 312 323 324 331 333 334 338 339 341 345 354 357 369 371 377 386 390 393 404 406 407 409 410 411 412 419 423 428 431 433 435 441 444 446 447 449 457 464 471 474 475 477 479 484 486 487 491 495 497 501 503 510 511 515 516 519 522 523 534 535 538 544 548 556 560 562 563 570 571 573 575 577 578 580 586 590 596 597 598 600 601 602 605 608 609 610 611 615 620 622 624 625 626 628 630 634 637 642 644 651 656 657 658 659 661 663 665 669 672 674 676 677 679 683 687 691 694 696 697 698 704 705 708 711 712 713 714 716 718 727 729 730 731 732 734 736 737 740 746 748 751 753 755 759 763 764 767 769 773 774 779 786 787 790 795 797 802 812 818 821 822 825 826 827 829 830 838 839 841 850 853 854 855 856 857 860 861 869 870 871 872 873 875 882 888 889 891 892 894 896 897 898 900 902 906 908 912 913 917 918 924 926 928 933 943 944 949 955 967 972 973 974 976 978 982 984 985 986 988 991 992 997 998 1006 1010 1012 1015 
283: 1 3 6 8 9 10 11 14 17 19 23 27 31 33 41 42 44 53 60 73 78 83 84 85 91 93 100 101 110 111 115 122 126 130 157 158 159 166 172 173 174 175 188 194 196 197 200 202 204 216 218 222 227 228 242 243 246 249 250 259 260 263 265 266 272 278 283 286 291 294 295 298 300 302 307 311 312 322 326 327 331 334 336 338 339 340 341 344 345 348 351 353 365 367 368 373 375 376 378 388 392 393 397 398 400 401 403 419 427 433 434 442 446 447 448 456 460 461 464 465 470 472 479 482 502 508 513 522 525 528 531 533 536 539 543 544 546 547 548 554 555 559 567 568 572 574 576 577 578 579 581 582 583 584 587 589 591 592 595 600 601 607 610 612 616 617 618 620 623 625 626 630 632 633 637 640 649 658 663 664 666 671 676 685 688 689 690 691 696 697 698 707 717 718 720 723 726 739 740 746 754 756 761 762 766 768 770 771 775 776 778 788 789 793 794 799 803 804 806 807 812 816 822 824 825 827 837 838 839 844 845 851 856 858 862 863 864 870 874 875 882 884 886 889 892 895 898 901 905 914 916 917 918 919 922 926 927 930 931 932 934 936 940 942 947 955 956 957 958 959 961 962 963 968 971 977 986 987 996 999 1000 1013 1014 
284: 0 3 4 5 10 12 16 22 24 39 40 48 49 51 52 53 55 56 57 61 62 70 71 74 75 78 80 85 87 95 96 97 98 101 102 111 115 117 120 129 131 136 137 138 142 144 146 147 148 149 151 152 159 162 165 167 169 178 183 184 197 199 200 201 204 211 212 214 215 216 217 218 219 222 227 231 234 237 240 242 248 259 261 265 268 269 272 274 283 284 294 301 304 306 311 314 315 317 319 322 328 333 337 339 341 344 345 351 356 359 362 363 373 377 378 382 384 386 387 391 393 394 395 399 406 412 415 422 426 429 435 441 455 458 461 462 464 481 482 485 486 494 497 502 507 509 511 513 520 524 531 533 540 544 555 556 557 560 562 567 569 581 584 589 591 596 598 600 610 611 613 616 621 629 630 636 637 643 647 649 650 651 653 654 655 662 664 665 668 670 672 673 675 683 685 689 693 695 700 704 707 711 714 715 717 718 719 726 727 729 731 735 737 739 748 749 750 751 762 764 766 767 768 774 775 780 786 792 800 807 808 809 811 814 817 819 823 828 829 846 848 853 856 858 861 866 871 877 884 887 890 891 893 897 900 905 908 909 914 918 920 927 935 936 938 946 952 953 955 966 967 983 985 986 988 994 995 997 1000 1001 1002 1007 1013 1014 
312: 0 2 3 5 11 12 14 19 23 25 29 31 32 36 37 40 44 47 49 53 54 66 68 69 70 74 78 81 83 85 89 90 96 98 101 102 105 107 113 116 123 126 137 139 140 141 143 145 154 156 157 164 165 171 175 179 180 181 184 190 193 196 197 198 204 206 215 218 221 225 237 238 239 240 241 242 244 250 257 258 266 267 270 271 274 275 276 277 278 279 281 286 293 297 298 301 302 305 306 313 315 319 320 331 338 344 356 360 370 375 378 383 394 400 401 406 407 414 419 420 421 423 428 429 430 431 432 438 443 445 449 450 456 458 462 463 468 471 478 479 482 483 485 486 488 490 492 493 495 497 498 499 500 501 503 508 512 513 516 517 522 523 526 527 529 531 532 537 540 546 547 551 556 560 561 562 563 564 567 573 574 575 576 577 578 584 586 588 591 594 595 601 606 607 608 612 613 614 618 619 621 628 629 635 638 641 644 647 654 660 662 663 670 671 673 677 682 684 685 692 693 709 714 720 721 724 727 735 737 741 743 746 749 750 762 765 766 767 771 776 778 780 782 783 786 791 792 794 812 813 815 817 823 826 827 832 838 840 853 854 859 861 863 873 875 877 878 879 882 884 886 890 893 896 902 903 904 906 913 915 916 926 928 930 931 932 936 937 944 949 953 961 964 968 975 978 979 982 985 989 992 993 1002 1003 1004 1005 1006 1008 1009 1012 1014 1015 
309: 1 3 4 11 12 16 22 23 28 30 31 35 38 39 40 41 44 51 56 57 61 62 68 69 70 71 76 78 84 87 88 91 92 93 94 99 100 102 103 105 107 109 110 114 123 125 126 129 130 132 134 138 144 145 146 151 152 157 158 161 167 177 188 191 193 196 198 199 200 202 204 206 208 214 215 216 218 219 233 238 242 243 244 248 251 252 254 257 263 265 266 269 286 289 293 296 297 298 300 302 305 308 310 313 317 318 321 322 323 326 328 329 332 333 335 350 352 353 354 356 357 363 366 371 379 380 383 386 387 397 400 404 405 408 410 419 420 423 426 429 434 437 438 447 450 460 464 467 469 470 476 477 482 485 488 489 491 497 510 520 526 536 541 543 546 554 556 559 560 561 562 565 567 568 569 570 584 585 587 588 593 594 595 599 602 603 607 608 610 616 617 621 625 630 633 645 653 657 658 661 665 666 674 676 681 682 685 686 687 690 691 692 693 696 701 704 706 709 712 721 723 728 731 736 742 746 752 755 757 758 770 772 773 776 778 780 782 784 788 789 790 791 797 798 799 804 806 808 809 810 818 820 823 826 831 833 837 839 842 847 852 853 861 863 866 875 879 882 897 898 899 900 905 906 910 920 923 930 933 935 936 937 939 940 944 951 954 956 957 958 959 962 963 964 967 970 972 974 979 982 983 985 996 997 999 1008 1010 1012 1015 
311: 7 8 9 11 16 19 21 27 28 31 32 34 36 40 43 48 52 56 57 59 62 72 73 80 82 83 85 89 90 97 98 99 100 102 108 112 117 118 122 128 129 131 132 133 136 137 142 147 149 150 152 159 165 168 169 171 182 184 190 192 197 199 202 219 223 226 227 228 229 233 236 238 250 262 264 266 269 272 274 276 287 291 292 294 297 300 303 305 308 309 311 312 317 321 322 323 325 332 337 338 339 341 342 345 346 347 349 352 357 363 367 368 371 372 374 386 387 390 392 393 394 398 399 401 404 406 421 423 427 430 434 435 441 444 445 450 454 463 467 471 473 474 476 478 481 483 494 496 499 502 506 507 514 515 518 521 522 524 525 538 544 546 560 561 566 568 570 571 574 578 579 582 583 587 591 599 603 605 607 610 612 615 616 635 636 641 644 645 647 651 652 654 660 666 675 679 681 685 688 691 692 694 696 699 700 702 704 705 706 708 711 713 716 720 722 724 725 729 731 735 736 737 739 742 744 746 750 752 753 756 761 764 767 772 773 777 779 782 784 786 791 792 795 798 804 806 809 811 813 814 815 817 820 822 824 829 833 834 835 839 847 852 853 855 856 860 862 864 868 869 873 877 880 881 882 883 891 898 901 911 915 916 917 919 924 925 927 933 935 939 942 946 952 953 960 961 966 974 977 978 979 981 987 988 990 997 1007 1008 1009 1010 1013 
303: 0 2 7 8 10 13 19 21 23 32 33 35 38 39 43 45 50 55 56 58 61 65 66 70 72 73 76 77 87 94 95 97 98 99 100 101 104 105 107 116 120 125 131 132 134 137 144 145 146 148 152 159 160 161 167 172 173 181 183 192 194 198 201 202 205 213 216 223 226 232 233 240 242 245 246 247 249 252 255 256 257 261 265 268 270 272 273 286 288 289 299 302 304 307 311 320 321 327 334 337 339 347 350 351 355 357 360 362 364 369 374 383 385 395 396 397 403 408 411 412 422 423 428 430 433 439 443 448 450 451 454 455 456 461 465 466 470 472 473 474 485 486 487 500 503 504 506 507 512 513 516 519 524 527 532 536 537 546 547 550 552 554 558 560 564 566 569 570 572 576 577 581 583 586 589 595 600 603 606 612 613 615 616 619 624 626 627 629 639 644 648 652 653 654 655 659 661 666 668 669 673 676 680 683 684 685 687 688 694 699 704 711 713 714 717 719 720 721 722 727 728 732 733 737 741 745 747 748 750 751 752 755 759 769 775 777 778 783 787 791 795 804 810 817 820 824 830 840 843 844 849 851 852 855 856 860 863 866 867 868 872 873 876 877 889 900 904 906 907 908 911 915 920 922 924 926 927 933 935 936 938 944 950 951 953 955 959 964 968 972 973 974 980 982 983 984 996 997 1000 1003 1008 1009 1010 
294: 5 13 18 33 34 39 41 43 50 51 54 57 66 67 68 76 78 81 83 84 85 93 95 100 105 106 107 113 117 118 122 125 128 129 132 133 135 138 139 141 144 145 146 147 149 150 164 173 181 183 190 193 194 197 199 200 204 205 206 218 225 228 231 238 239 241 245 251 252 254 260 261 262 266 268 270 273 278 280 282 283 286 287 291 292 300 301 303 305 307 308 313 318 322 326 328 333 337 345 354 358 366 368 371 372 374 377 380 389 391 395 397 399 410 414 419 420 422 423 425 427 429 431 439 441 442 445 448 454 455 463 464 467 471 476 481 485 487 488 492 494 495 497 500 501 506 518 519 522 523 526 528 531 532 534 536 537 545 551 555 556 557 560 561 563 569 575 576 581 582 595 597 598 600 607 609 617 618 620 625 626 628 629 631 632 636 638 642 643 646 647 659 660 661 662 667 671 681 683 685 689 699 700 705 706 712 714 721 725 728 731 735 737 738 742 744 745 748 750 751 756 762 771 773 781 786 788 789 797 799 800 805 806 809 810 811 813 814 821 822 828 830 836 838 842 843 847 850 864 867 869 871 872 876 880 883 890 891 897 899 903 904 906 909 910 916 922 927 932 937 940 943 944 951 952 954 958 962 969 970 972 975 981 982 986 987 989 991 996 998 1002 1006 1007 1013 
291: 0 7 9 10 15 19 20 24 26 28 29 33 37 40 43 46 52 54 61 65 70 81 84 87 89 105 109 114 118 120 122 123 126 136 151 159 162 165 172 174 175 182 184 185 188 189 195 196 203 204 208 213 215 221 224 225 237 238 245 246 247 251 256 257 262 264 269 273 278 279 280 283 284 285 291 293 294 299 300 301 302 303 305 307 309 312 314 325 327 328 330 348 350 355 356 358 359 365 367 369 373 374 375 381 382 385 393 394 400 409 413 414 416 419 421 422 424 425 427 431 432 435 437 441 442 444 450 453 460 462 463 465 466 468 470 484 493 494 505 509 512 514 519 521 523 532 535 541 544 547 548 549 552 554 558 560 562 564 565 572 573 575 577 584 588 593 594 597 605 606 608 609 615 619 622 623 627 634 638 641 643 646 648 653 663 669 674 679 680 681 685 689 691 693 694 695 706 709 712 713 717 720 725 726 727 729 734 736 737 740 741 744 745 753 759 765 767 769 780 787 788 795 798 801 802 803 806 808 819 821 822 823 826 828 832 835 836 841 845 846 850 853 867 870 873 876 879 886 887 892 895 902 903 904 906 907 914 919 923 924 926 927 929 930 931 934 935 938 940 944 948 952 957 964 965 966 972 975 982 988 989 991 994 995 997 998 1007 1012 1013 1014 1015 
322: 0 3 5 9 10 13 26 27 28 30 36 39 42 44 45 49 50 55 56 59 61 62 64 70 72 75 76 78 82 86 89 90 97 98 103 104 107 111 119 120 124 125 126 128 133 134 136 140 145 149 153 154 161 164 174 175 179 182 183 184 185 188 190 191 192 198 199 201 205 207 210 211 213 222 226 227 231 234 236 247 248 250 252 259 264 267 274 275 276 280 282 283 289 301 304 308 310 314 316 318 324 325 326 331 332 333 336 337 341 343 344 347 352 355 356 358 360 361 365 371 373 376 381 390 391 393 394 400 411 412 414 418 421 423 429 430 432 436 438 440 442 444 447 449 451 452 454 462 468 470 476 478 479 486 487 488 497 503 510 512 513 516 522 524 528 537 540 542 550 552 554 558 560 564 566 570 572 573 574 576 585 586 587 591 593 596 598 611 612 615 617 625 626 627 631 633 634 640 641 645 646 647 650 660 663 669 671 672 673 679 682 691 692 693 695 701 702 704 712 713 715 716 719 728 732 736 743 744 747 748 749 750 755 759 762 766 767 773 775 778 780 781 783 784 787 788 790 793 796 798 803 804 806 808 811 812 813 815 817 820 822 828 830 836 838 843 844 848 850 853 858 861 864 866 870 871 875 876 880 882 883 885 902 903 905 908 916 927 929 932 934 938 944 945 947 950 952 953 955 961 963 964 965 967 968 969 970 974 982 983 985 989 990 997 1000 1002 1004 1005 1007 1009 1012 1013 
283: 5 11 12 13 22 23 25 34 37 40 44 49 52 56 61 64 66 67 72 78 83 85 87 89 90 95 98 101 102 107 110 111 113 114 115 119 127 133 134 135 136 140 142 155 160 164 166 169 175 176 181 182 186 188 189 201 203 207 211 213 216 217 223 229 231 233 239 245 247 251 255 258 259 268 271 272 275 276 282 283 293 299 302 304 305 309 315 321 328 331 332 335 339 341 342 350 351 353 355 361 362 363 365 367 378 380 382 387 388 391 393 395 399 400 402 405 416 419 422 434 435 437 438 439 449 450 452 455 462 463 466 467 472 475 478 481 483 484 485 489 491 495 498 501 503 510 511 514 522 525 529 532 533 534 537 544 547 554 555 559 560 562 563 567 573 574 580 585 586 591 595 597 602 612 636 637 639 640 647 656 658 661 667 669 673 675 676 677 678 679 682 688 692 693 694 700 707 712 714 717 720 726 732 738 741 744 747 748 751 754 758 759 762 765 767 773 782 783 786 791 793 794 800 802 804 805 812 813 815 818 827 830 845 846 852 853 854 856 861 863 867 869 877 878 879 890 891 896 898 901 903 906 909 912 923 926 928 931 935 937 939 946 947 949 954 960 964 966 970 975 976 977 978 987 990 995 998 1000 1001 1008 1009 1010 1013 
318: 0 7 10 11 14 16 24 28 29 32 38 39 42 43 47 50 51 53 55 57 59 64 74 75 77 79 80 81 82 84 85 90 93 94 96 99 100 103 112 117 123 124 125 133 146 147 148 150 155 156 157 161 164 173 174 176 177 181 186 187 188 189 191 196 197 198 203 207 208 210 218 219 223 226 230 231 243 245 247 248 249 250 253 255 257 258 259 260 261 266 282 287 289 295 296 298 299 305 308 310 321 323 326 332 334 335 338 339 344 346 351 355 359 360 361 375 379 381 384 390 391 392 394 396 397 408 410 412 415 416 418 427 432 435 443 445 448 449 452 455 457 459 460 462 463 470 482 483 491 494 495 497 498 500 502 507 508 516 519 520 526 527 533 537 539 545 546 547 548 550 556 557 558 559 560 564 567 568 580 582 584 587 592 593 596 597 598 600 601 604 610 615 618 620 624 627 629 630 632 634 638 646 648 653 654 655 659 662 664 665 671 672 674 675 676 678 679 684 686 693 703 705 708 710 712 715 719 722 723 724 731 733 734 735 736 739 743 754 761 765 768 769 773 775 776 777 784 789 792 793 794 795 796 801 804 806 808 814 815 816 822 826 829 833 836 841 843 848 849 855 856 857 858 860 864 869 870 877 882 886 888 896 897 902 903 904 905 906 907 914 916 919 920 923 925 927 929 934 943 950 952 962 967 972 973 976 978 979 981 982 985 986 988 990 995 997 1005 1013 
316: 3 7 8 16 19 26 27 34 35 39 42 44 46 47 51 53 55 57 59 64 67 75 76 78 84 86 98 99 101 110 115 120 122 124 126 136 141 146 149 155 159 161 170 171 172 178 180 181 182 185 190 194 196 206 211 212 213 217 218 222 224 227 231 233 234 238 241 244 246 247 248 249 255 256 257 266 270 272 275 281 282 284 285 296 299 306 308 309 312 314 315 317 321 322 329 330 331 333 340 342 343 344 346 352 353 354 356 357 358 360 366 369 379 387 395 396 399 404 409 410 415 416 419 422 423 425 426 427 429 436 439 440 446 447 449 455 459 461 465 468 469 471 474 479 483 488 492 493 495 496 497 499 502 504 511 513 520 523 534 536 549 550 558 559 560 561 563 566 568 570 575 580 586 596 600 603 604 606 608 610 611 612 616 618 621 629 630 633 638 639 641 649 653 655 656 657 659 663 667 669 672 673 675 679 680 681 685 686 687 689 691 695 701 703 705 707 712 713 716 717 718 723 733 736 740 742 743 750 751 752 755 757 758 762 765 768 769 771 772 775 776 778 780 783 785 788 793 795 797 799 804 805 808 809 814 816 817 818 824 825 826 829 832 836 838 843 846 848 852 855 857 859 861 865 868 874 875 876 878 886 887 888 894 900 901 905 913 914 917 921 924 925 935 945 953 954 959 962 963 968 969 971 972 973 975 980 992 993 994 996 998 999 1002 1003 1013 1014 
312: 6 10 13 14 15 16 21 22 28 31 42 44 52 56 58 62 65 67 70 75 84 92 94 100 101 104 106 113 118 119 121 124 125 127 130 131 132 134 138 142 145 152 153 154 155 157 159 162 164 168 173 177 179 190 191 205 207 211 213 218 219 220 221 230 234 237 238 240 247 253 260 261 263 264 268 275 281 282 284 288 289 300 301 303 306 319 326 328 329 330 337 341 349 351 352 355 358 361 367 369 370 371 374 377 385 389 391 392 394 397 398 400 401 406 408 409 412 416 422 424 443 447 448 451 456 460 464 468 477 481 487 491 494 497 498 504 506 507 513 514 516 519 521 523 528 529 531 532 533 534 537 538 539 541 547 548 552 553 556 557 559 560 565 566 567 570 573 574 575 577 580 581 582 585 586 589 595 603 607 610 613 615 623 624 626 631 633 635 636 637 638 642 645 646 648 653 655 656 658 668 675 676 680 686 687 688 689 694 695 704 708 709 716 722 725 727 728 729 735 736 737 739 741 742 743 746 748 756 757 758 766 767 770 772 773 779 780 784 786 787 790 795 800 804 806 809 811 813 814 817 820 821 824 826 836 839 847 848 849 850 859 861 868 871 873 875 877 879 880 891 893 894 895 897 902 907 911 927 930 933 935 937 938 939 942 944 947 949 951 953 955 959 960 961 966 967 972 973 975 976 982 983 985 986 988 991 992 1000 1005 1007 1008 1011 
294: 5 13 17 22 24 26 27 33 40 48 51 52 53 54 57 58 59 60 62 63 64 66 67 68 74 76 77 78 83 84 90 91 92 94 104 106 107 111 114 117 123 125 127 128 137 139 140 146 148 150 152 153 158 159 162 164 169 175 176 177 178 182 186 187 189 194 197 199 201 202 205 207 210 218 222 231 233 238 240 243 244 246 249 253 254 256 263 268 270 273 279 284 287 288 289 293 299 300 311 312 313 318 320 321 322 324 328 330 332 336 337 340 343 345 348 352 353 354 356 358 363 369 373 379 380 382 385 391 392 393 394 396 397 400 403 406 414 417 418 424 427 430 431 433 441 445 446 448 454 458 461 462 467 469 475 478 481 482 483 485 487 493 496 499 503 514 517 521 531 533 534 535 536 537 540 542 544 556 566 575 576 583 585 586 593 600 609 617 619 623 625 631 635 637 651 653 657 670 673 674 676 678 679 680 681 687 701 710 712 714 715 716 719 724 727 730 733 736 737 751 752 755 760 763 764 765 766 767 771 775 778 783 785 787 790 798 799 807 810 812 818 821 823 824 826 830 832 839 840 842 843 849 850 857 858 861 869 871 872 873 876 883 884 895 903 920 922 927 929 934 935 939 941 949 950 957 963 964 965 969 977 978 981 987 991 1000 1001 1004 1006 1009 1012 1013 1014 1015 
300: 1 2 5 7 8 9 25 26 31 40 45 55 60 65 68 69 70 74 79 82 85 88 89 93 94 95 96 98 102 104 108 112 114 115 117 119 120 122 135 136 139 158 163 164 166 168 173 174 175 177 178 181 182 185 189 190 192 193 194 196 204 208 209 210 211 214 217 220 221 223 224 227 229 237 239 247 248 251 252 261 262 269 270 278 280 285 287 296 297 299 303 305 310 313 316 318 319 322 323 325 330 333 337 340 344 345 346 350 354 358 359 361 364 367 368 372 375 377 379 382 383 384 391 399 400 403 405 415 416 418 425 430 432 435 437 441 447 452 459 463 467 476 478 482 485 491 495 498 499 500 502 503 509 512 513 514 519 529 533 536 538 545 548 550 553 559 565 567 568 578 580 583 592 593 603 605 606 607 608 612 613 615 617 618 621 626 627 634 637 639 643 647 648 651 654 656 659 664 667 674 676 679 683 684 686 687 690 693 700 701 704 709 710 713 715 716 723 724 725 727 729 730 738 740 743 744 745 746 749 760 766 773 782 784 787 788 790 791 792 793 794 795 801 803 805 808 814 822 829 830 834 844 846 847 848 852 853 858 859 862 867 872 877 881 882 886 894 904 906 907 908 909 911 917 919 920 925 929 930 933 936 939 942 945 951 953 954 956 959 966 972 979 981 983 986 989 991 1000 1004 1006 
284: 0 3 8 9 11 13 14 26 27 29 31 32 34 35 48 51 52 53 55 59 60 62 66 67 70 74 80 89 90 91 92 100 102 105 111 115 123 124 127 129 133 140 141 145 149 150 151 152 155 156 159 168 169 171 175 176 177 179 188 195 198 204 206 215 220 226 227 230 236 239 240 248 249 252 260 262 264 274 276 277 282 283 291 298 299 306 307 312 320 323 330 332 334 335 347 348 353 366 370 377 380 381 384 387 389 397 400 401 406 412 413 414 415 419 425 430 432 433 434 435 438 441 444 449 452 460 461 463 470 476 479 495 499 502 503 514 515 523 524 526 533 541 547 548 550 552 559 560 565 568 574 576 577 579 581 584 589 593 596 597 603 610 612 616 618 623 626 628 630 631 633 638 639 641 646 647 648 649 654 660 661 662 666 669 673 676 678 681 682 701 712 718 720 722 730 731 733 734 735 739 744 745 747 748 749 757 758 761 765 768 772 777 778 779 786 787 792 800 809 814 816 821 827 829 835 839 842 844 846 855 857 858 859 864 869 871 873 875 881 884 890 892 895 896 898 899 902 907 910 913 917 933 934 941 942 943 950 951 953 955 956 957 958 959 963 964 965 966 971 972 973 975 977 980 986 988 994 995 996 997 1001 1004 1007 1011 
310: 4 14 16 18 20 28 37 46 48 55 56 58 59 60 62 68 70 71 72 75 80 82 84 92 97 99 101 103 104 105 106 116 117 122 124 125 126 129 132 133 135 138 141 149 151 154 157 159 163 168 170 174 176 182 184 187 188 193 196 197 198 199 200 203 206 209 212 213 214 217 218 219 224 226 228 232 240 242 246 260 262 263 265 268 270 271 279 285 289 290 296 298 308 310 311 313 314 316 323 325 327 335 342 343 344 351 354 355 361 363 367 370 373 375 376 383 386 389 393 396 401 404 405 407 408 416 417 419 423 431 433 435 446 447 448 449 450 452 453 454 456 460 465 473 475 476 477 479 484 487 492 494 502 504 506 523 532 545 547 548 555 557 559 560 564 565 566 569 573 574 576 584 588 590 591 592 594 595 599 603 609 610 618 620 622 629 630 632 634 638 640 642 644 645 646 655 661 662 665 669 672 674 683 686 691 692 696 704 709 713 715 719 720 722 724 726 731 733 734 735 736 749 759 765 767 773 777 779 782 787 792 798 801 802 803 805 807 808 811 813 816 818 819 823 826 830 833 835 836 841 846 847 849 850 853 854 855 856 862 865 869 872 873 875 881 883 888 890 891 898 900 901 903 908 910 911 917 919 922 924 927 928 930 940 942 948 949 951 952 953 955 962 964 965 973 974 976 980 981 983 985 991 994 995 997 999 1004 1008 1013 1014 
290: 1 7 14 18 19 22 26 27 28 29 30 32 33 34 40 44 47 49 51 53 55 57 64 70 72 76 78 91 99 102 105 106 109 110 115 122 128 129 130 132 133 136 137 138 139 140 142 143 157 158 159 166 170 171 176 185 188 192 196 200 210 215 217 218 221 223 224 226 228 235 238 241 250 258 265 276 281 284 292 296 301 303 308 309 311 316 321 323 325 326 327 329 330 331 339 344 347 349 355 357 362 369 373 374 375 376 383 384 390 395 402 420 421 423 425 427 428 430 432 434 440 444 445 448 450 456 457 459 461 471 475 477 488 489 491 492 494 501 502 508 514 517 530 532 540 544 546 548 552 554 557 558 561 562 565 567 569 571 573 583 585 589 594 595 600 606 612 615 617 619 621 622 623 624 636 637 641 643 645 646 649 656 662 663 664 668 671 673 683 685 694 695 697 699 704 705 709 711 712 718 719 726 733 734 736 737 741 743 745 748 751 756 758 759 760 762 769 779 786 791 793 800 802 803 808 809 810 813 815 816 819 824 826 829 832 835 838 841 847 850 851 856 860 866 867 869 871 874 875 877 878 882 884 888 893 896 898 900 902 910 911 914 918 921 924 931 934 935 936 937 938 940 942 946 948 949 950 951 964 968 982 984 988 991 995 996 997 998 1011 1013 
286: 0 1 2 5 8 14 19 23 26 31 33 38 43 47 48 50 54 56 58 62 63 65 66 71 72 74 78 81 85 86 93 95 97 98 121 122 125 126 133 135 141 142 149 150 160 165 169 174 175 176 181 184 185 186 190 191 201 211 220 221 222 230 232 240 241 244 247 257 264 266 269 270 275 276 278 287 291 292 300 301 307 310 312 318 320 323 325 327 329 330 331 332 333 339 340 341 354 358 361 363 364 367 369 376 382 383 385 386 388 389 390 392 393 396 401 407 408 410 411 413 419 420 421 424 434 435 437 443 453 454 457 460 463 466 467 470 473 477 478 479 489 496 499 502 505 511 513 514 515 516 519 521 524 528 529 534 538 541 543 544 546 547 548 551 554 555 564 567 579 580 583 595 597 600 601 608 610 611 612 613 615 617 618 624 625 629 640 642 643 650 653 667 673 682 683 686 698 703 704 717 719 720 721 723 724 725 729 731 735 736 738 744 750 751 753 754 757 758 760 767 769 772 773 781 783 786 789 801 803 815 816 824 840 846 847 852 857 860 864 865 870 871 874 875 879 880 881 882 883 888 892 893 894 896 900 912 913 915 919 923 925 926 929 931 932 934 936 937 939 943 944 952 971 973 974 979 984 990 992 994 995 997 998 1003 1006 1008 
312: 4 6 11 12 16 20 21 28 29 30 35 41 42 46 47 54 56 57 58 72 73 75 77 79 81 82 84 87 88 89 90 91 94 95 97 98 104 106 110 111 126 130 134 135 136 139 142 147 150 156 159 166 171 173 177 178 185 191 192 195 196 197 202 204 208 209 217 221 224 225 226 227 229 234 235 239 241 242 245 246 248 250 260 261 262 264 268 270 272 276 280 284 289 291 293 294 297 298 304 314 317 323 328 331 334 335 337 338 340 342 344 345 349 352 354 359 360 363 364 367 370 373 374 377 384 387 389 391 392 393 396 404 408 410 411 413 415 418 423 425 426 439 440 443 445 447 453 460 469 470 473 477 481 485 489 490 491 492 494 495 497 498 503 504 505 507 508 509 525 527 528 529 531 536 538 540 545 546 551 554 556 560 565 566 569 571 578 582 584 586 587 588 592 597 610 617 621 624 625 626 628 630 642 644 645 648 660 665 667 670 672 673 682 687 692 701 712 718 724 725 726 730 734 735 736 737 742 745 749 750 753 756 757 759 765 767 769 772 773 775 776 780 785 787 788 801 802 805 806 811 812 816 817 818 829 830 835 840 846 862 866 868 871 877 881 882 883 889 890 891 894 896 897 902 903 909 911 915 917 918 921 927 932 934 936 938 939 942 946 948 949 953 954 957 958 965 966 968 969 974 979 980 985 988 990 996 998 999 1003 1008 1010 1014 
324: 0 4 12 15 21 29 30 31 39 46 48 53 58 60 61 63 67 71 72 74 79 84 86 88 90 91 97 100 102 103 106 108 116 117 118 119 122 129 130 133 137 139 141 142 146 148 154 159 160 166 168 169 170 175 176 179 180 181 184 191 193 197 199 200 202 205 208 210 213 214 227 230 231 232 238 241 242 249 250 255 258 263 264 265 266 267 270 273 280 282 290 297 306 309 311 315 316 320 325 326 329 332 333 335 336 337 339 340 345 348 350 355 356 361 370 371 373 375 376 379 380 386 387 397 399 400 402 409 412 413 418 419 426 428 429 432 436 439 443 448 449 452 453 455 457 463 464 471 475 477 481 486 489 499 504 511 514 515 519 522 526 540 542 544 545 546 548 552 554 555 556 557 560 561 562 563 567 571 573 581 585 590 591 592 594 596 597 604 608 611 612 613 618 622 624 628 630 637 643 647 650 652 654 655 656 658 659 660 664 665 667 672 674 676 679 690 692 693 695 698 699 705 710 711 712 713 715 716 718 719 724 726 728 733 738 740 746 750 751 752 756 765 768 769 771 782 787 788 792 798 806 807 808 811 815 821 822 823 824 831 832 833 838 840 845 853 854 859 861 863 866 867 869 873 874 877 879 881 883 885 894 898 901 902 905 907 910 912 914 918 921 928 932 936 940 944 949 953 954 955 958 961 967 968 972 973 977 978 979 980 981 982 983 984 990 995 997 1000 1004 1006 1010 1012 1013 1014 
281: 0 8 13 18 19 20 30 35 36 37 39 40 41 44 46 53 56 57 60 61 69 70 72 84 89 91 96 99 106 109 117 123 128 131 133 136 138 140 151 152 154 166 168 170 173 176 178 188 192 193 195 196 197 202 203 206 207 208 210 213 214 219 220 222 225 226 232 241 245 250 251 256 257 258 268 271 275 276 277 285 290 296 297 300 301 303 304 308 309 312 317 321 323 326 328 332 333 341 342 344 353 358 359 363 364 367 369 382 387 388 390 398 399 400 401 406 410 411 415 418 419 423 424 425 430 442 443 444 446 448 451 470 475 481 486 487 500 501 502 503 507 512 517 520 522 526 537 538 541 544 548 553 558 559 560 561 565 567 569 573 576 577 579 584 586 592 593 601 603 605 610 613 618 621 622 627 633 634 637 640 646 648 650 652 656 657 660 665 668 672 674 682 687 688 690 691 692 694 697 698 699 701 703 706 715 719 720 723 725 726 732 734 737 740 741 744 745 746 747 750 753 757 761 763 766 768 773 781 783 786 792 795 796 802 803 804 810 814 815 817 819 828 835 840 841 851 858 859 860 864 865 875 879 886 888 891 894 897 900 911 918 919 934 942 947 948 953 954 955 962 963 970 972 976 979 981 983 993 1002 1005 1013 
314: 0 13 15 16 18 19 25 26 28 29 33 35 40 41 45 49 56 57 58 62 63 68 71 72 73 74 76 81 82 83 85 88 100 103 107 108 116 118 123 136 144 151 153 158 159 160 168 170 176 182 183 186 190 193 196 202 210 214 220 226 228 229 233 235 237 240 242 246 247 249 250 251 256 257 263 264 265 274 275 276 277 283 289 290 295 299 304 308 309 312 316 319 324 327 329 331 336 339 342 344 356 360 362 364 366 369 371 372 373 374 375 376 377 379 381 382 383 400 401 403 405 407 413 415 416 417 420 422 426 429 434 441 443 444 445 455 462 463 464 465 467 470 473 474 477 481 483 485 488 492 495 496 497 501 502 503 506 510 511 512 514 519 524 525 528 531 536 539 541 544 546 552 553 556 566 581 583 584 593 595 596 597 598 600 602 603 605 610 611 612 614 616 623 624 625 632 634 639 641 645 648 649 654 657 666 667 679 680 683 687 698 700 705 721 723 731 735 740 741 743 746 753 754 756 758 761 765 766 768 770 771 772 776 777 778 779 780 787 795 798 799 800 801 802 805 807 808 809 813 815 817 819 821 823 824 835 849 855 856 859 860 868 869 871 874 878 879 881 883 884 885 887 888 891 892 894 895 896 899 903 905 908 912 915 920 923 925 926 929 930 937 938 940 942 948 952 958 960 961 969 975 980 986 997 998 999 1000 1001 1002 1003 1006 1007 1008 1015 
315: 1 2 3 4 5 7 11 12 17 24 32 36 41 43 45 48 50 54 56 65 66 67 69 74 76 79 84 85 87 89 96 105 108 111 114 116 117 119 121 124 125 127 129 130 133 141 142 144 146 148 149 153 155 156 163 167 172 173 176 177 186 192 198 203 204 205 206 210 212 218 222 226 228 231 238 239 244 245 247 248 249 250 257 261 262 264 267 271 272 273 276 277 278 279 286 288 289 293 295 296 301 302 305 307 312 313 316 318 326 335 338 339 345 351 354 355 356 357 360 367 368 372 374 375 376 381 385 387 399 405 412 413 415 418 421 422 425 435 437 438 441 444 447 448 449 452 453 455 460 461 463 465 468 469 474 485 493 495 496 498 499 506 509 510 516 518 519 526 528 530 541 543 545 549 550 552 553 556 561 569 571 577 579 591 592 598 601 605 606 610 611 617 620 622 630 640 642 643 645 653 660 663 664 681 683 684 687 688 691 692 695 698 711 716 717 722 723 724 726 727 728 732 741 747 748 752 753 755 756 757 758 760 761 762 765 767 783 784 787 789 790 791 793 794 796 797 798 804 808 809 813 814 816 819 820 822 824 826 828 832 833 840 843 844 846 848 849 852 853 854 855 858 867 868 872 873 876 877 881 886 888 890 894 897 898 901 908 912 921 922 923 928 929 936 938 942 946 952 953 958 960 964 967 969 971 973 976 985 986 992 995 998 1002 1005 1007 
304: 15 16 17 18 25 30 32 40 47 53 58 64 73 74 75 77 80 83 86 87 89 91 104 105 107 109 112 114 126 127 128 132 137 140 151 153 157 158 163 166 168 175 182 185 186 190 194 196 202 204 211 215 217 222 223 227 230 232 235 237 239 244 249 251 265 266 270 276 277 282 283 284 293 294 298 301 303 305 306 310 312 313 315 316 317 318 322 324 326 327 332 336 339 340 344 345 346 350 352 362 367 369 370 376 379 382 385 391 392 393 398 400 401 409 413 416 418 422 424 426 430 433 439 447 454 456 457 460 464 472 474 477 478 491 495 498 499 503 504 506 509 519 520 521 523 525 526 529 530 534 536 537 541 545 547 548 553 573 576 577 578 579 586 590 591 592 607 610 616 617 619 623 624 626 627 628 633 634 644 645 646 648 650 652 655 656 658 659 660 663 670 676 677 678 680 681 684 687 698 701 706 710 712 713 716 721 728 729 732 733 737 738 741 743 744 745 746 747 755 757 758 763 764 765 768 772 783 784 787 790 792 794 796 797 802 803 807 808 812 818 819 821 822 827 830 831 832 833 835 841 849 854 855 856 868 870 871 874 877 881 884 893 899 900 901 905 907 908 909 911 914 922 927 928 932 936 937 940 946 948 950 952 954 957 958 961 963 964 965 973 974 976 978 983 986 991 994 995 996 999 1003 1004 1010 1011 
301: 2 12 14 15 20 24 26 27 28 29 31 38 41 43 47 51 55 57 58 61 65 67 68 75 80 83 87 88 89 93 95 96 97 99 100 103 104 105 109 113 119 120 124 126 127 129 131 132 133 134 135 136 137 140 143 144 145 146 151 153 157 163 166 167 168 171 173 175 178 182 185 187 189 194 201 204 207 210 211 212 216 221 222 223 224 225 228 231 234 236 245 249 254 257 261 262 265 270 272 277 278 279 283 284 287 294 296 300 303 308 309 313 314 315 325 326 327 329 333 335 337 343 345 349 350 356 362 368 372 378 382 390 395 396 397 404 409 411 418 422 423 425 426 431 438 441 444 449 451 456 457 458 461 466 469 478 479 482 490 494 501 506 507 516 517 519 520 528 538 539 543 544 547 550 551 552 554 557 561 562 569 572 574 576 586 589 590 595 596 601 602 604 606 612 617 622 628 630 631 633 642 644 647 649 651 652 654 655 658 664 666 671 678 679 680 685 686 690 696 701 708 709 711 714 715 730 731 732 741 744 747 749 762 763 767 768 775 780 781 783 784 787 797 798 802 806 809 813 819 821 829 831 839 840 841 848 856 858 859 860 863 871 875 883 885 890 893 895 898 903 904 914 917 918 919 921 922 924 933 938 940 941 942 945 947 949 952 959 960 964 972 974 978 986 991 997 999 1004 1009 1011 1013 
316: 1 6 8 10 13 18 21 23 25 27 29 30 32 35 39 43 45 47 48 49 50 55 56 58 61 62 64 67 68 70 73 76 77 79 82 84 85 86 90 93 94 95 99 112 119 123 125 126 127 129 130 131 134 140 143 144 150 152 157 163 169 170 172 175 177 180 183 185 192 193 196 197 200 202 203 205 206 207 212 218 220 221 224 227 228 238 242 243 244 247 248 249 252 257 259 260 261 268 269 271 273 277 278 281 282 284 288 293 295 304 305 307 308 318 323 327 331 336 337 338 339 341 346 347 348 351 363 364 367 368 373 378 381 382 383 385 391 404 407 408 413 414 415 425 427 433 434 437 438 443 445 448 449 450 456 457 458 460 462 463 467 468 473 481 482 488 493 494 497 500 505 506 508 510 512 514 520 521 522 523 526 533 534 536 537 539 540 542 544 546 551 552 553 558 562 564 570 572 575 582 584 587 588 595 598 600 603 609 619 622 623 631 642 648 658 659 664 666 671 673 684 688 690 691 692 695 696 698 699 701 704 705 709 711 713 714 715 716 719 720 725 730 731 741 751 759 769 772 778 780 784 785 786 789 795 796 798 804 808 811 814 817 818 821 822 823 826 831 836 837 839 854 859 863 866 868 873 886 887 888 894 895 896 897 900 905 908 910 920 926 930 933 935 946 951 956 958 959 961 964 965 966 971 975 976 978 980 986 990 992 996 1000 1002 1007 1008 1014 
305: 0 1 17 22 26 27 31 35 37 38 42 43 49 50 51 53 54 55 64 68 70 73 74 76 85 86 87 92 96 97 99 102 104 106 110 113 114 118 120 135 142 144 148 150 151 155 159 161 162 167 170 172 178 182 183 186 187 188 189 200 202 208 210 211 212 214 216 221 222 225 228 229 233 235 237 242 243 250 251 252 254 255 256 258 259 260 266 268 272 274 281 289 292 295 301 302 303 304 317 321 325 326 329 330 332 333 335 336 338 340 341 351 352 353 356 357 364 368 372 376 384 389 391 392 395 397 398 404 405 406 407 409 413 416 420 421 422 440 442 450 452 454 460 462 463 465 468 476 479 485 486 487 488 490 492 495 497 499 506 508 514 515 517 530 534 536 543 548 552 553 555 556 565 567 568 583 585 587 591 594 596 598 602 604 606 607 611 612 614 616 626 628 631 637 639 643 645 652 655 657 660 661 662 666 667 673 675 681 683 685 686 687 689 695 696 699 700 701 702 703 704 705 707 708 712 724 727 730 731 732 734 736 737 738 739 741 742 750 766 769 770 775 783 788 789 792 796 798 801 802 805 806 809 814 816 817 819 820 822 830 833 845 848 852 853 858 861 863 867 872 873 874 878 889 890 893 895 897 901 906 907 911 915 923 935 943 953 956 962 963 964 965 970 972 975 976 981 991 996 997 1002 1004 1005 1009 1012 
323: 4 6 7 8 12 13 16 18 29 31 35 38 40 41 42 49 54 60 61 69 75 78 81 83 85 87 88 90 91 93 95 96 99 102 103 108 109 110 111 114 115 121 124 125 126 128 133 136 138 145 147 148 152 155 162 163 175 178 179 181 182 184 186 194 195 197 207 208 211 214 218 219 226 227 228 229 236 238 242 245 246 255 256 258 263 266 268 270 271 273 275 278 281 282 289 290 292 294 297 300 302 304 305 307 309 311 313 315 317 319 321 322 326 328 329 333 341 342 343 345 346 352 353 355 358 361 362 364 367 368 369 372 377 381 385 386 387 391 392 399 405 406 410 411 412 417 426 432 433 434 437 450 454 455 459 462 465 471 478 481 486 487 490 491 501 502 503 511 513 514 517 522 525 527 529 533 542 544 546 549 552 555 565 567 568 569 572 573 575 579 586 587 591 594 597 598 602 610 611 613 615 616 619 620 622 624 625 627 632 633 635 636 641 655 657 660 661 665 668 679 685 688 691 693 698 699 700 702 704 707 709 714 716 717 719 724 734 739 741 745 747 748 753 754 755 756 758 761 763 766 776 778 780 784 787 789 790 792 794 812 818 820 826 828 836 839 840 844 849 850 852 853 859 864 868 870 871 872 876 879 884 897 901 902 906 909 912 915 916 918 920 923 924 926 927 929 933 934 936 940 943 944 947 949 954 955 957 959 960 961 970 973 978 981 986 991 994 999 1000 1001 1005 1008 1013 
301: 2 4 10 11 14 16 18 20 22 24 35 37 40 42 43 46 48 49 50 57 60 66 72 76 79 80 85 89 95 103 104 105 106 107 112 120 126 129 134 138 139 141 142 146 149 154 155 163 164 170 176 177 183 185 191 193 198 202 216 218 219 221 225 226 228 231 241 243 246 247 248 252 253 256 258 260 261 263 266 267 275 279 281 282 283 287 288 291 298 312 317 319 321 329 334 337 339 341 345 346 350 355 360 362 363 365 369 372 375 377 379 381 383 386 389 391 395 396 398 399 401 407 412 413 418 420 432 434 435 436 437 438 441 454 456 457 460 463 464 466 467 471 474 483 493 503 511 512 515 516 521 531 538 539 542 543 544 546 553 555 558 559 578 579 583 585 588 594 596 598 602 604 605 611 614 616 622 625 626 627 628 631 635 640 652 654 657 667 669 671 672 676 679 683 684 690 692 694 699 705 707 710 714 717 718 719 722 723 724 730 742 743 748 749 752 760 765 767 768 770 773 774 779 781 784 788 789 794 795 796 798 800 803 805 808 814 815 817 819 820 823 831 838 840 842 845 846 847 848 850 852 856 859 863 865 867 869 872 873 874 882 888 892 896 905 913 914 915 919 920 923 924 925 931 932 933 935 940 941 943 946 947 948 950 952 958 961 963 976 980 981 985 986 989 991 993 994 998 1003 1010 1011 
Days = 7
Shift constraints
2 6
2 5
1 6
0 7
1 6
3 4
true
true
Forbidden sequences = 2
3 1 
2 3 

