# Randomly generated data for the integrated task scheduling and personnel rostering problem, skilling=0,300 and tightness=0,899 seed=52920
Tasks = 1076
405 496 6
735 803 6
735 854 1
406 470 1
657 714 1
434 471 3
407 446 6
407 463 6
652 735 3
651 740 6
741 853 2
854 890 2
737 798 3
735 864 6
405 469 4
645 755 3
412 545 5
645 682 3
645 737 3
408 454 2
408 518 1
407 473 0
653 755 5
654 786 1
745 830 1
422 519 5
647 730 1
741 817 3
409 493 3
405 448 4
647 761 4
407 460 6
735 818 1
405 486 0
645 757 2
820 852 1
646 709 6
749 821 1
645 693 3
739 832 4
645 705 2
651 710 5
406 458 1
804 935 6
655 723 3
820 875 3
410 446 6
645 714 1
647 772 2
409 473 3
447 505 6
647 718 2
739 822 0
405 512 4
645 725 4
405 453 5
526 630 5
453 527 4
740 803 1
405 455 4
407 455 0
737 802 2
740 855 0
738 793 5
742 814 3
645 769 5
645 710 0
405 501 6
412 527 2
725 801 4
654 758 0
753 859 3
746 820 3
735 836 3
735 828 1
511 654 6
731 808 1
415 554 0
655 691 2
735 820 0
649 736 5
736 775 6
646 708 5
736 800 4
648 703 4
802 880 4
718 803 2
406 468 2
757 835 5
737 808 6
735 850 1
814 922 3
745 828 2
405 475 5
653 747 5
824 934 0
738 788 5
737 814 5
834 956 5
834 892 1
475 532 3
881 972 4
647 763 1
736 807 3
405 542 4
755 847 3
803 863 2
771 860 2
405 449 0
472 546 2
841 947 1
735 804 2
744 849 1
741 831 2
811 917 1
650 768 4
852 920 3
752 819 0
891 960 1
645 740 6
736 822 0
408 483 3
731 809 3
646 737 0
478 515 0
735 805 5
526 589 1
877 947 2
512 580 4
860 953 0
740 799 6
411 448 5
737 862 0
736 777 5
749 834 5
735 784 0
407 522 6
645 709 5
850 910 1
740 820 0
820 933 0
973 1070 4
958 1033 0
832 932 4
735 832 5
651 716 6
409 510 2
739 821 0
866 958 3
812 899 6
910 1023 1
406 510 6
823 881 0
754 835 0
645 737 0
764 857 4
645 717 3
736 802 6
657 797 4
921 1010 3
652 721 0
920 1048 1
414 496 4
649 777 4
410 476 3
519 643 6
847 939 1
763 842 0
718 853 3
795 867 5
645 704 5
646 744 1
835 957 5
649 772 5
506 584 6
459 507 1
409 527 2
439 521 1
807 879 3
879 975 3
405 541 1
857 906 1
798 915 6
510 621 2
551 602 2
406 499 3
526 586 3
646 712 2
769 827 5
807 891 5
590 644 3
884 968 0
752 879 1
804 850 3
406 461 0
736 813 2
739 784 6
741 782 2
815 882 3
916 997 6
757 823 3
928 1020 3
405 477 4
898 946 0
893 969 2
820 935 3
755 808 3
832 944 5
488 578 0
655 775 3
741 822 4
807 893 1
807 866 6
466 504 6
517 598 3
647 714 3
804 885 2
787 892 3
715 812 3
933 1020 0
944 1008 5
704 754 5
464 567 6
724 798 0
656 732 1
829 865 1
891 943 5
478 543 3
737 833 4
851 953 3
738 823 0
740 827 4
710 790 0
554 633 1
772 899 2
423 494 6
736 810 2
552 632 5
646 718 6
456 537 4
777 839 4
815 884 3
505 556 6
648 761 3
1023 1129 1
417 497 1
786 863 5
490 550 5
901 941 3
784 908 0
710 774 4
410 528 6
477 604 4
868 952 4
699 778 3
523 626 6
886 1016 6
749 844 2
976 1073 3
835 885 0
581 683 4
1009 1098 5
710 780 5
709 819 6
791 883 1
819 935 0
744 817 3
804 908 2
463 557 0
791 872 5
724 828 1
406 507 5
935 1011 6
762 866 0
544 659 3
656 706 5
823 875 4
971 1040 2
568 665 6
553 614 2
811 924 3
947 1003 5
778 855 4
809 891 4
625 678 2
467 532 2
1071 1109 4
407 487 4
604 668 4
646 778 2
991 1071 0
845 887 4
829 912 1
743 800 0
780 829 4
998 1047 6
715 841 1
589 678 6
529 637 4
828 889 5
756 831 1
449 550 0
741 833 6
954 1040 4
650 719 6
724 833 5
684 757 4
456 495 0
418 516 5
654 722 1
735 809 4
425 536 6
834 914 4
580 668 0
537 645 4
887 957 4
1020 1138 0
647 757 3
557 633 4
895 923 1
902 987 6
743 859 1
683 754 3
792 845 6
779 862 3
1076 1139 3
811 858 2
735 838 3
715 776 2
876 963 5
407 470 4
852 927 3
772 842 1
829 958 4
843 882 1
896 996 1
533 570 2
843 916 1
870 945 0
645 755 0
799 867 6
407 511 2
737 871 2
822 923 0
735 803 2
494 610 4
947 1030 0
484 617 3
991 1069 6
868 962 5
900 1001 2
792 835 2
718 816 6
686 798 6
865 943 6
916 991 1
1044 1113 4
627 698 4
703 815 4
855 925 2
900 985 4
715 766 5
645 789 6
496 579 0
638 731 4
935 1026 4
867 933 6
878 925 3
855 985 3
1129 1188 1
969 1062 4
961 1006 5
865 934 1
814 864 2
666 728 1
590 669 1
759 846 4
636 693 1
921 998 4
774 917 1
648 740 5
967 1051 5
476 603 3
1055 1152 6
947 1026 3
656 738 5
873 914 2
412 476 5
414 496 2
784 882 5
885 930 1
405 447 6
738 827 4
544 634 1
853 928 3
646 758 5
857 972 4
750 802 5
963 1055 5
722 829 1
890 934 0
850 943 2
1139 1234 3
548 619 3
582 656 0
1046 1160 0
555 607 0
736 782 6
565 685 6
1004 1077 5
813 912 3
679 797 0
855 904 1
1063 1150 5
816 930 5
779 822 2
740 824 5
910 955 0
706 776 2
1138 1182 0
985 1029 3
720 811 6
667 732 6
748 848 6
1026 1090 4
727 789 5
911 949 2
862 925 3
408 468 0
1159 1232 5
621 674 3
864 932 1
498 624 5
620 763 2
537 616 2
783 850 6
830 875 4
579 675 2
794 896 6
891 1029 4
938 998 0
1029 1113 3
1031 1156 4
509 589 5
1062 1159 4
954 1020 3
943 1012 3
835 927 2
950 1004 2
458 506 6
1017 1098 6
765 842 2
873 922 2
713 812 2
928 971 1
410 505 6
925 1031 2
864 931 5
1098 1172 5
479 568 0
942 1076 3
405 460 2
879 988 1
762 870 5
477 580 5
646 680 4
835 911 4
656 714 6
935 1015 3
775 877 5
819 920 5
999 1077 4
936 988 0
448 532 5
735 838 1
1104 1195 6
902 1005 3
735 811 0
1188 1235 1
878 919 4
810 903 0
1158 1232 4
723 832 6
898 1028 1
648 730 2
866 1000 0
935 988 1
951 1000 2
974 1075 2
834 904 6
737 801 0
840 925 5
613 661 4
1012 1141 6
929 1051 3
1043 1158 2
961 1043 4
833 875 6
1078 1141 3
889 935 5
1025 1135 3
512 599 2
1003 1093 2
1008 1109 2
550 642 0
963 1048 3
925 1018 0
909 992 1
1020 1083 3
889 1005 5
930 1032 1
1094 1183 2
925 1004 3
809 881 4
994 1053 1
833 927 0
933 1019 5
858 962 6
1082 1146 5
1195 1229 6
1020 1097 0
634 690 4
525 622 0
671 779 1
476 603 4
762 837 1
727 813 6
498 564 1
928 1053 2
956 1057 0
677 752 3
853 961 6
434 494 6
405 490 2
777 850 2
735 795 6
800 866 0
553 672 6
815 903 6
812 850 6
1028 1164 1
760 829 1
668 741 4
989 1043 1
934 1050 6
551 663 5
678 789 2
679 746 3
1045 1148 2
777 843 2
1146 1234 5
731 816 2
629 720 2
790 872 0
591 641 5
657 701 5
950 1009 1
535 635 6
758 855 3
675 786 6
736 859 3
949 1022 3
405 457 2
852 908 6
496 565 6
672 813 6
1163 1209 2
796 895 5
1015 1085 3
803 928 4
783 863 1
504 582 4
735 765 6
863 949 2
1010 1114 5
885 971 2
608 715 0
928 1008 4
627 690 6
740 820 5
757 815 3
473 586 1
497 619 2
821 924 5
636 760 2
813 872 0
930 1011 3
950 991 5
490 554 2
932 1003 1
586 655 1
755 791 5
887 980 3
853 962 1
636 698 5
926 1030 5
1014 1091 3
536 634 5
620 681 3
932 1004 1
1155 1230 6
641 755 5
962 1029 2
671 738 0
949 1052 1
795 850 5
683 733 1
558 609 0
642 721 0
567 677 6
626 716 3
974 1078 4
852 905 0
720 842 3
1005 1063 1
554 631 2
843 942 1
815 903 4
605 678 4
756 821 0
905 1016 6
900 962 5
736 816 3
1083 1163 3
827 889 6
517 583 5
739 783 0
843 961 2
642 754 5
669 732 3
816 855 3
602 717 2
755 785 5
721 781 0
873 1004 5
712 777 1
1004 1074 2
1145 1232 3
617 687 0
683 775 6
711 784 4
865 902 1
829 895 2
758 844 3
1193 1224 2
793 858 4
820 906 6
1024 1114 5
826 902 3
968 1038 5
819 914 6
1043 1145 1
907 1009 6
787 904 5
1150 1229 3
778 840 1
828 875 3
922 1011 5
1034 1112 5
795 913 6
1003 1089 0
899 956 2
1016 1111 6
517 586 6
622 680 0
636 696 6
802 861 0
586 647 4
962 1017 2
862 928 2
651 769 4
881 958 3
906 932 5
860 946 6
1018 1135 3
873 945 5
939 1028 5
602 645 6
1159 1232 2
1029 1103 3
952 994 5
990 1094 1
631 699 2
511 643 6
778 891 6
822 915 2
949 1025 0
839 955 2
637 728 1
916 983 2
564 662 1
1021 1111 5
824 945 0
952 1019 6
945 1061 0
1064 1129 6
669 773 1
831 939 1
799 889 1
881 953 4
728 768 1
1052 1112 5
879 934 6
1057 1120 0
956 1053 1
581 679 5
681 754 5
804 900 0
938 1047 6
1007 1122 5
1036 1131 0
971 1034 2
913 1028 6
773 828 1
680 736 4
683 785 2
654 744 2
868 956 3
1007 1113 5
915 1000 1
721 793 2
682 774 3
846 903 4
867 968 0
798 864 2
1051 1114 4
981 1042 3
1161 1221 0
918 975 2
1168 1221 1
983 1064 2
789 903 6
1063 1114 0
970 1100 1
872 935 0
1082 1141 2
956 1039 3
931 1030 2
802 882 2
1087 1142 1
1076 1113 2
744 824 3
780 899 4
460 490 2
963 1051 1
878 976 0
1028 1109 6
1064 1158 2
903 972 3
657 719 1
1025 1139 0
865 929 5
839 902 1
742 809 4
414 492 0
697 806 6
699 797 6
920 1063 4
806 900 6
1132 1232 5
695 815 0
1145 1204 3
953 1011 4
1028 1118 3
761 822 5
963 1071 6
769 884 5
858 902 3
935 1020 5
1138 1233 0
1010 1112 6
811 900 0
959 1012 3
919 1036 4
825 874 2
574 679 0
1034 1168 2
693 735 0
781 851 0
1058 1114 6
674 784 5
762 830 2
1158 1234 6
853 987 2
1079 1154 6
902 982 0
1011 1121 4
811 903 2
1009 1092 1
1146 1234 1
1057 1126 5
1159 1234 4
1125 1230 4
1040 1123 4
904 977 1
1033 1111 1
999 1098 4
972 1059 0
1103 1165 0
867 902 4
1165 1224 3
1168 1235 2
1065 1120 3
858 948 3
451 526 6
646 746 6
1079 1144 2
856 900 3
1052 1167 1
1124 1222 4
542 637 6
508 632 1
1126 1203 3
974 1060 3
828 869 5
1082 1187 4
847 928 1
1158 1228 6
1005 1105 3
879 980 2
756 858 3
829 898 3
640 699 6
970 1032 2
726 821 5
1017 1107 5
733 834 4
784 903 5
595 658 5
1122 1233 3
1024 1139 1
976 1056 0
1011 1094 4
1066 1112 4
1018 1111 3
1053 1114 3
1093 1176 1
898 963 6
625 665 5
1036 1128 2
698 760 0
935 1016 0
993 1117 1
659 758 6
615 722 3
681 745 4
508 622 6
861 935 3
722 791 1
967 1034 6
982 1097 0
928 1009 2
699 799 6
745 831 0
990 1071 1
861 941 0
945 1024 6
818 897 0
858 920 5
946 1029 0
854 921 0
1066 1114 0
1094 1170 4
736 810 0
1070 1140 6
924 1035 5
947 1041 0
1170 1233 4
947 988 5
842 899 2
1121 1233 1
645 758 5
459 565 2
969 1111 0
980 1069 1
736 835 4
988 1036 2
1057 1144 0
1002 1131 0
948 1000 1
706 792 5
1034 1108 5
723 754 2
1149 1232 2
798 897 2
922 957 0
1106 1183 3
1069 1150 1
988 1095 0
747 833 4
835 968 3
1131 1183 0
1165 1233 0
618 731 3
1188 1234 4
701 735 5
490 594 2
811 884 6
1146 1233 2
767 833 6
693 807 6
773 894 3
1032 1109 0
839 903 4
737 814 0
1169 1234 1
1100 1172 0
1139 1213 1
503 584 6
725 860 3
808 900 6
870 967 5
792 903 1
822 893 0
746 875 6
1093 1175 4
859 899 3
408 469 1
1133 1216 2
936 1034 3
1108 1232 5
1060 1169 3
752 839 5
1079 1113 0
1151 1214 1
765 822 0
1162 1221 0
970 1041 5
758 818 5
1140 1223 0
994 1103 5
821 889 5
1024 1104 6
1039 1144 2
798 898 6
951 1043 3
914 1010 6
1036 1109 3
978 1080 1
951 1094 0
772 879 6
594 654 2
976 1071 3
855 902 0
568 607 2
1113 1233 1
951 1033 1
660 773 5
991 1091 2
788 890 1
469 600 1
1045 1112 3
1018 1054 3
1040 1114 3
495 609 0
823 928 2
870 981 1
1049 1160 1
638 760 6
942 1044 5
1010 1114 6
1141 1234 6
616 723 2
1182 1235 0
755 841 5
998 1113 5
778 901 5
611 714 6
1066 1114 2
828 887 5
1016 1115 0
1006 1101 1
915 1026 2
1111 1233 3
841 904 5
924 1028 6
1145 1226 2
1133 1216 5
835 904 4
1036 1112 5
1072 1153 3
756 899 2
971 1089 2
1121 1234 0
1037 1090 2
844 902 2
1153 1208 3
1176 1232 1
633 708 1
1131 1231 5
712 789 1
654 784 2
1037 1140 6
1099 1222 0
611 710 0
1102 1234 2
1037 1109 1
1011 1104 2
622 745 2
843 898 5
1008 1085 1
1053 1099 1
984 1048 2
700 768 2
1072 1184 1
611 678 1
1101 1222 0
1042 1113 5
963 1027 0
723 814 2
768 831 2
1191 1234 3
1035 1122 0
834 883 0
727 808 6
1186 1233 1
1104 1234 6
1030 1114 3
892 985 5
808 900 6
701 766 4
1034 1114 5
1129 1217 0
900 1013 3
1058 1145 2
1114 1225 1
1109 1175 6
738 809 3
1043 1113 3
836 886 0
986 1112 5
1140 1231 6
1146 1234 2
1162 1223 2
723 830 0
816 896 3
1043 1114 2
817 893 5
1053 1114 1
750 883 2
1172 1234 5
1145 1233 6
1018 1114 2
1044 1113 5
1022 1128 0
789 904 1
1032 1134 3
826 884 6
775 891 4
1017 1046 2
834 901 6
1140 1218 3
816 903 2
681 767 1
1172 1233 0
769 903 1
1152 1226 0
831 904 2
761 835 6
999 1089 6
1177 1234 4
1175 1235 6
984 1122 1
1173 1234 3
1048 1114 1
1153 1233 1
983 1084 1
1113 1199 0
1050 1113 6
833 904 0
1188 1232 0
837 904 4
810 904 4
844 898 6
784 904 2
1035 1114 6
Shifts = 4
0 0 0 0 0 0
405 0 0 500 0 0
645 0 0 470 0 0
735 0 0 500 0 0
Employees = 40
347: 1 3 5 6 10 11 13 15 21 22 23 24 25 29 33 34 37 40 43 51 52 54 55 56 57 58 62 63 65 81 82 84 86 91 94 96 97 101 103 108 110 112 118 122 125 126 127 128 137 138 146 149 153 156 158 161 162 164 165 166 167 169 172 173 174 175 186 189 190 193 195 206 210 211 214 215 219 221 226 227 229 238 239 240 244 245 246 247 249 250 255 257 258 266 268 270 271 272 273 277 281 283 284 285 288 289 290 297 300 301 313 316 317 319 324 327 329 331 332 333 334 335 337 338 339 342 347 351 352 354 359 360 362 363 364 365 370 371 375 384 385 387 391 397 398 403 404 408 409 411 416 417 419 424 428 433 437 439 443 444 446 451 457 464 473 474 478 482 483 488 491 496 499 504 507 509 518 520 523 524 526 527 531 532 535 536 543 546 550 551 552 556 560 561 562 567 568 569 573 584 585 586 588 589 594 596 600 601 606 608 610 613 618 619 620 621 622 628 630 631 633 634 636 644 646 649 652 653 654 655 657 659 663 669 673 687 692 693 695 697 700 704 705 706 714 720 724 725 726 733 734 737 742 744 746 748 754 760 764 770 772 775 776 777 778 783 786 787 790 794 796 801 802 803 807 816 818 825 836 839 847 848 850 852 861 862 863 868 870 872 876 877 883 886 887 893 901 902 909 911 912 915 919 923 924 926 932 940 943 945 952 953 961 963 970 973 976 977 978 979 989 990 994 995 999 1000 1004 1009 1013 1015 1020 1021 1022 1032 1033 1041 1042 1045 1046 1051 1053 1059 1064 1069 1070 1073 1074 
324: 0 6 8 10 12 15 18 20 21 26 27 28 32 44 45 49 53 56 58 59 61 62 66 71 77 81 90 94 95 101 103 109 112 120 121 122 128 133 134 138 140 142 143 149 161 162 163 164 165 166 173 175 180 182 184 190 192 194 198 199 201 205 208 210 215 216 220 222 228 231 234 237 238 245 248 251 253 264 266 267 270 272 276 277 282 283 284 291 295 296 300 302 303 305 306 311 312 313 318 322 329 333 338 340 342 343 344 346 353 357 359 360 362 371 372 374 380 381 382 383 386 388 391 395 396 397 399 400 405 406 411 422 423 424 425 429 436 439 441 442 443 446 450 451 457 461 462 463 466 468 469 470 472 474 476 478 480 481 487 489 492 493 498 502 505 506 508 511 513 517 518 520 521 523 524 531 535 536 543 547 555 556 557 560 563 565 566 568 569 570 574 577 579 581 586 598 600 603 604 613 631 651 653 657 660 665 668 679 682 687 691 694 696 700 703 704 708 718 722 724 729 731 732 740 743 749 755 756 764 766 769 772 773 776 792 794 796 797 798 800 802 811 812 820 821 827 829 834 836 839 840 843 844 847 848 851 853 854 857 862 863 864 868 872 874 875 884 885 888 891 892 893 894 896 897 900 901 905 908 913 916 921 923 929 934 936 937 939 940 942 943 945 949 954 957 963 966 970 971 972 976 977 982 987 994 997 1000 1001 1010 1013 1024 1026 1028 1030 1033 1036 1038 1052 1053 1055 1057 1064 1069 1073 
325: 1 3 8 9 10 20 23 28 31 37 39 42 45 47 53 63 67 68 70 73 74 76 77 79 81 83 87 92 94 97 99 109 111 114 117 121 124 126 128 138 140 143 147 148 150 151 152 155 157 162 163 165 168 173 176 178 180 181 185 188 191 194 196 198 214 216 219 220 221 222 224 227 229 235 237 238 241 246 249 255 257 258 262 263 278 279 280 281 284 291 292 294 295 298 299 300 301 314 315 316 318 324 326 333 336 338 339 340 341 344 350 351 354 356 361 365 366 369 371 375 377 378 381 382 386 389 390 392 397 406 409 413 416 419 423 424 429 432 436 438 445 447 448 449 454 457 459 476 479 487 488 490 494 497 498 499 501 504 505 508 509 515 518 520 522 523 524 525 527 529 531 532 540 541 548 549 550 557 559 560 561 563 565 566 569 575 577 581 587 596 601 604 611 614 617 622 623 627 628 629 630 631 632 637 639 645 651 652 653 658 662 663 666 667 669 678 679 683 686 687 688 689 695 698 701 702 707 708 716 717 719 721 724 726 733 735 748 755 761 763 764 765 772 776 777 780 781 784 787 790 791 792 796 800 802 803 804 811 812 816 817 819 822 824 826 842 844 846 853 854 868 869 872 873 881 882 885 889 892 897 898 908 911 922 925 927 933 938 940 942 944 945 946 949 963 967 969 972 974 977 980 981 991 992 995 996 1001 1005 1007 1009 1014 1019 1021 1028 1031 1037 1038 1040 1045 1047 1057 1064 1072 1073 1074 
316: 0 1 3 5 6 7 14 15 19 21 23 26 29 30 32 33 36 42 43 45 46 75 77 80 85 87 89 90 100 102 106 110 111 114 122 127 133 135 136 139 145 149 163 166 172 173 175 177 181 185 186 190 198 199 201 211 215 216 217 221 229 234 239 244 248 249 250 251 255 256 263 264 265 271 276 278 283 284 290 295 296 298 304 306 311 312 313 317 320 322 325 326 327 329 330 337 339 340 341 347 353 354 356 358 359 363 367 377 381 382 389 390 391 397 398 401 404 406 408 409 421 423 426 427 432 435 440 442 448 449 451 454 458 461 463 469 471 473 475 481 482 485 492 499 502 505 506 507 510 511 516 518 519 520 522 527 531 532 536 538 546 547 548 554 561 568 571 573 574 576 589 594 603 607 608 612 615 623 624 627 633 634 637 638 640 645 646 652 653 655 656 660 665 667 669 671 673 683 685 689 690 693 694 695 696 700 701 703 706 707 709 710 716 719 721 722 723 724 727 728 731 732 737 741 744 748 755 757 762 764 769 779 782 784 787 795 797 808 810 815 818 821 822 833 837 840 841 842 844 845 846 851 855 862 866 871 877 878 879 890 892 898 902 904 907 909 910 911 914 915 925 930 936 942 945 950 956 958 962 964 966 968 971 972 974 977 978 980 983 984 986 988 997 1000 1008 1010 1011 1012 1013 1015 1021 1024 1026 1035 1039 1048 1050 1053 1055 1056 1058 1059 1067 1068 1070 1075 
329: 2 4 7 8 14 20 23 24 25 34 36 39 47 52 55 57 59 60 66 67 68 70 77 79 80 81 83 89 95 97 100 105 110 113 116 118 123 125 128 132 136 137 139 143 146 148 156 159 160 162 167 170 173 174 175 180 182 183 186 188 189 190 191 194 195 197 198 205 208 211 212 216 221 225 228 232 234 237 238 242 244 247 250 255 261 262 266 269 270 274 277 279 281 282 283 286 295 297 303 305 309 313 316 318 320 325 327 328 335 344 346 349 353 358 360 361 365 366 367 369 374 375 376 384 388 389 390 393 396 398 399 403 404 406 407 410 424 427 434 437 444 447 450 453 463 466 469 472 476 480 489 490 491 499 500 509 515 523 525 526 527 528 531 532 539 541 543 549 550 555 557 562 565 567 572 578 582 590 592 594 601 605 606 607 610 612 616 620 621 624 626 627 628 635 636 639 640 644 655 657 661 663 664 676 680 681 684 686 693 695 698 705 707 713 718 721 722 727 729 734 753 768 769 770 775 777 782 789 792 793 794 796 799 801 803 804 807 808 816 821 823 828 829 836 838 842 843 844 845 849 850 863 864 866 871 872 873 874 876 881 882 887 893 897 898 900 901 903 905 908 911 914 915 917 923 925 926 928 929 934 940 941 944 950 954 955 956 957 958 965 969 974 977 981 982 983 988 996 997 999 1002 1006 1007 1009 1010 1014 1018 1019 1023 1024 1031 1033 1039 1044 1046 1048 1050 1051 1058 1060 1061 1063 1065 1066 1067 1069 1070 1071 1073 
338: 0 4 13 14 19 20 26 32 33 40 47 50 51 56 57 60 63 65 66 70 78 79 80 83 85 86 90 91 96 99 108 113 115 119 120 122 124 130 133 135 138 140 146 147 148 149 155 163 164 170 171 173 178 180 185 191 193 194 197 198 199 200 201 202 203 204 205 208 209 212 217 222 223 227 237 238 241 244 248 250 254 257 267 269 270 271 272 274 277 290 292 295 299 300 301 302 303 304 306 308 312 314 317 320 322 324 325 326 327 329 334 336 340 341 347 356 361 362 366 368 369 377 384 385 387 388 394 396 400 407 408 417 420 426 427 431 434 435 437 447 448 451 454 462 464 467 468 469 472 474 475 480 482 484 485 486 489 492 494 495 499 508 514 517 518 535 536 538 542 544 545 546 547 549 552 553 554 555 567 569 571 577 578 584 585 587 590 596 599 615 617 622 624 627 632 634 636 638 643 650 652 658 660 662 667 669 672 673 678 684 687 691 692 693 694 698 699 701 702 705 708 709 711 712 713 717 719 721 722 727 734 739 740 742 743 745 748 750 753 758 760 765 776 780 783 785 786 790 792 804 808 810 813 825 826 829 833 834 844 845 846 847 851 853 861 872 873 880 884 885 889 890 891 893 894 895 896 902 903 910 911 915 916 917 920 922 923 925 929 938 940 944 946 954 957 958 961 962 963 965 966 974 975 976 977 979 980 981 985 987 990 991 994 995 996 1000 1003 1008 1010 1011 1012 1018 1020 1035 1036 1037 1041 1045 1047 1051 1053 1057 1060 1061 1063 1068 1069 1074 
323: 0 1 6 11 19 20 27 31 35 36 43 44 50 51 53 55 56 58 64 65 66 67 70 72 73 76 77 93 94 102 103 105 114 116 119 122 123 125 126 127 129 130 132 136 137 140 141 144 146 151 153 154 158 160 165 167 170 171 176 180 183 185 188 193 196 197 199 205 208 212 215 217 219 221 222 223 225 226 234 238 244 249 259 260 264 266 269 272 274 277 278 279 284 285 287 291 294 297 299 301 312 313 317 318 321 326 331 335 336 337 349 354 359 363 368 372 373 386 390 391 393 395 402 406 412 413 418 420 425 430 432 437 441 446 451 456 465 469 477 478 479 480 481 482 484 490 491 496 497 499 503 505 509 512 516 518 526 529 536 541 546 548 555 556 574 576 583 589 592 594 595 596 597 598 603 606 610 611 617 619 620 621 623 624 631 632 634 636 639 640 649 650 652 656 670 672 673 680 681 683 684 688 689 690 692 693 700 704 707 713 716 718 720 721 725 729 731 738 739 740 745 752 754 757 759 764 767 773 778 781 783 785 786 788 792 793 796 798 801 802 804 805 811 812 816 825 830 831 832 836 840 843 849 850 851 853 854 861 865 868 869 870 873 874 878 879 881 884 885 887 889 891 892 893 894 895 896 899 904 913 922 924 926 927 928 930 942 943 944 948 951 952 953 959 964 965 968 970 987 995 998 999 1003 1004 1007 1009 1011 1016 1019 1021 1031 1032 1036 1041 1043 1045 1050 1053 1055 1062 1063 1065 1070 
326: 1 3 6 13 15 19 23 29 30 32 34 35 37 39 41 42 49 52 54 58 65 71 73 77 88 89 90 91 92 94 96 105 108 113 122 124 130 134 137 141 145 147 149 155 157 160 166 168 173 175 179 183 186 187 192 197 200 204 205 208 213 214 217 224 226 229 231 234 235 239 243 245 261 262 267 269 270 272 273 274 276 277 279 283 284 289 290 292 296 297 304 306 311 313 318 319 328 329 332 333 337 340 341 342 343 349 350 353 354 356 358 362 364 366 369 370 376 381 382 384 385 387 392 394 395 396 406 409 413 415 428 431 435 441 443 444 446 451 452 453 457 459 462 464 469 471 477 480 482 483 485 486 488 489 495 503 504 512 513 514 518 519 523 527 528 534 540 541 542 544 546 550 551 555 556 559 561 569 572 578 579 583 585 590 591 597 598 600 609 611 612 619 632 636 644 645 652 660 663 665 671 672 673 682 683 685 686 689 691 694 697 701 705 709 710 714 715 717 718 720 725 729 730 731 732 736 741 744 745 758 759 762 765 769 770 772 773 775 783 786 790 791 793 796 798 801 807 810 811 812 815 817 821 826 827 833 835 841 842 843 844 853 854 856 857 858 862 863 867 868 879 882 887 888 892 895 897 898 900 901 902 907 909 913 915 918 921 930 932 933 943 944 946 950 952 954 962 963 968 969 971 977 978 981 982 988 991 992 996 1004 1008 1010 1013 1014 1015 1016 1017 1020 1024 1040 1049 1058 1060 1066 1070 1075 
321: 11 17 18 21 23 25 29 31 36 45 54 59 62 63 64 68 69 72 77 79 81 82 85 87 90 92 93 95 102 106 111 116 120 124 127 130 135 138 145 147 149 150 157 158 159 160 162 165 167 168 173 174 176 180 183 185 186 187 188 189 192 195 196 207 208 216 219 222 223 224 226 227 229 234 236 238 244 246 250 251 253 255 259 265 267 272 273 282 283 286 287 288 289 291 301 302 304 310 311 317 318 320 321 322 323 324 326 330 331 333 335 339 340 346 351 352 356 364 365 366 367 369 371 372 374 380 386 389 393 402 404 410 417 421 423 425 430 444 445 449 451 454 459 461 467 471 476 477 478 492 494 497 498 507 509 510 512 514 520 522 523 524 528 529 532 535 537 539 548 558 559 564 567 570 571 574 575 580 583 584 590 593 597 598 600 605 608 610 615 617 630 631 633 638 640 644 645 647 649 654 658 660 663 664 670 671 674 676 677 679 683 684 691 694 700 708 710 711 715 716 719 727 731 734 740 746 751 752 754 758 759 760 763 768 772 773 776 777 778 790 799 800 801 803 804 807 808 809 810 813 814 815 825 827 833 835 841 842 856 857 863 867 868 869 874 878 880 881 892 895 896 900 908 911 913 915 923 931 933 935 938 939 940 941 951 958 965 966 967 973 978 984 988 989 993 997 998 999 1000 1002 1003 1006 1010 1013 1016 1021 1030 1034 1036 1038 1039 1042 1045 1046 1057 1060 1063 1064 1065 1067 1070 
316: 3 4 8 9 31 32 41 48 53 57 59 60 65 67 70 75 79 80 81 88 91 93 98 101 102 110 112 113 115 116 117 118 120 121 123 130 131 132 133 136 137 139 141 147 151 161 164 169 172 174 176 181 183 185 187 188 193 196 204 207 213 215 217 219 220 224 228 233 234 236 239 246 249 251 253 268 271 273 278 279 287 288 296 297 300 306 310 311 312 314 316 324 327 328 330 333 342 344 348 349 353 355 358 361 362 365 378 381 384 395 397 398 399 402 404 407 408 414 420 431 432 433 443 444 445 446 448 449 454 460 461 463 465 466 467 482 485 486 490 503 512 513 517 521 524 526 528 529 535 538 539 544 546 550 553 557 562 565 566 567 569 577 579 580 586 600 603 606 609 611 618 619 621 622 626 629 631 634 635 641 642 644 646 648 649 650 655 657 660 662 669 677 679 688 690 695 699 700 702 703 704 710 714 718 722 724 729 730 731 736 737 745 748 749 752 754 755 756 758 762 771 777 780 781 782 785 786 787 790 793 795 798 799 802 809 810 813 818 825 835 838 839 849 852 856 857 861 864 867 869 871 875 880 881 882 890 891 892 897 899 901 902 904 905 906 909 910 913 914 921 923 926 931 932 934 936 940 943 944 945 952 955 956 957 959 963 964 965 969 970 972 977 978 981 984 992 995 1001 1003 1008 1013 1035 1036 1042 1050 1051 1053 1056 1057 1060 1061 1062 1063 1065 1066 1067 
324: 2 5 8 10 13 15 16 22 23 24 27 34 36 39 46 47 51 53 54 56 60 64 66 74 77 82 85 92 105 107 108 110 114 115 116 119 125 128 136 137 138 140 143 145 148 151 153 160 161 163 164 165 166 169 173 174 179 180 181 182 188 191 192 193 196 197 199 200 202 203 217 222 230 233 238 240 244 252 253 258 260 262 269 276 279 281 285 294 305 306 307 311 318 324 326 327 332 335 338 339 340 341 350 355 361 362 363 368 376 380 384 386 390 391 395 398 401 404 412 414 415 416 421 425 433 434 442 446 447 448 454 455 464 468 473 474 476 477 479 484 486 487 491 492 494 498 501 502 504 507 510 511 513 517 521 527 538 539 541 542 548 553 555 561 563 564 569 570 575 576 579 584 591 594 595 597 603 605 610 618 619 622 626 628 632 638 639 644 646 648 650 651 652 655 658 660 665 667 669 673 681 682 688 691 704 707 708 711 719 721 722 727 729 732 736 740 744 745 746 747 748 751 752 753 755 757 758 762 764 768 772 780 783 784 794 797 803 804 806 807 809 819 822 829 834 836 838 841 842 851 852 855 856 857 859 865 870 872 875 877 878 879 885 886 889 891 897 898 905 907 909 915 920 921 923 924 931 935 938 941 942 944 951 965 967 969 970 972 975 979 984 987 992 994 995 996 997 998 1000 1005 1014 1017 1018 1020 1021 1024 1028 1034 1038 1039 1040 1043 1046 1050 1053 1058 1060 1061 1063 1069 1070 1072 1074 1075 
313: 9 14 23 25 26 27 30 34 36 42 46 51 53 55 60 61 62 66 67 79 85 90 92 98 101 106 110 112 117 118 126 129 131 133 135 139 145 146 150 152 154 160 161 166 167 170 171 174 175 176 188 192 193 194 201 206 207 209 212 214 215 216 217 219 223 224 233 235 239 240 247 249 254 258 259 265 268 274 278 279 282 283 292 296 302 304 310 313 316 317 319 321 324 330 331 334 337 338 340 343 345 346 351 356 357 358 360 361 364 367 374 388 391 394 395 400 406 410 411 412 416 420 425 426 433 436 437 448 449 450 455 456 462 471 474 475 476 482 483 490 494 506 510 513 519 520 525 530 533 535 536 539 541 545 546 554 556 557 565 568 573 576 580 581 585 587 588 589 592 594 607 609 611 615 617 624 632 637 638 640 642 644 647 651 655 661 663 670 671 675 677 679 683 689 691 693 696 699 710 714 720 723 724 725 726 730 735 738 747 751 754 756 759 760 762 763 764 767 769 775 777 778 779 782 788 791 795 799 800 801 802 805 806 810 811 813 814 815 817 821 823 825 828 830 835 836 840 841 843 846 848 854 857 858 860 870 875 879 896 900 904 905 906 911 915 922 926 929 931 936 939 940 941 945 948 949 951 958 959 963 966 968 972 973 974 975 983 986 987 988 990 992 994 995 1003 1004 1008 1011 1019 1020 1022 1026 1041 1045 1046 1052 1054 1063 1064 1067 1069 1071 1073 
337: 0 2 3 4 5 8 9 13 14 16 18 22 24 27 29 33 34 35 37 38 41 43 45 47 50 59 72 74 76 77 81 85 91 92 96 97 101 102 103 110 112 113 114 124 133 135 138 140 141 149 153 156 157 158 161 162 163 165 166 170 173 175 177 178 179 181 182 183 187 193 194 195 202 203 206 208 211 215 216 218 219 221 223 224 225 226 227 229 230 231 232 235 238 241 250 253 255 258 259 260 261 266 270 271 272 276 280 282 283 287 290 291 292 298 299 303 305 309 310 311 317 318 319 322 323 324 325 329 330 331 333 338 339 342 343 345 346 355 366 369 372 373 375 380 381 383 385 386 395 399 400 402 406 407 408 412 415 417 418 424 426 430 434 436 439 444 448 449 454 455 456 462 463 464 465 466 467 468 476 477 478 481 485 489 492 496 499 505 511 516 526 528 529 531 537 538 545 547 551 553 558 561 564 567 568 569 573 575 577 582 584 591 593 594 597 604 610 612 618 621 625 629 632 638 640 648 654 658 666 671 693 701 705 709 718 724 728 731 733 739 740 753 755 756 757 758 759 760 764 766 767 771 775 778 779 788 801 802 809 812 814 818 823 826 828 833 835 836 839 841 843 845 848 849 851 856 861 873 884 885 890 891 898 903 906 911 912 915 921 924 925 927 928 932 940 941 942 945 947 948 949 951 956 963 971 975 978 983 986 988 991 993 994 995 1002 1006 1007 1012 1014 1016 1024 1027 1028 1032 1036 1037 1043 1044 1045 1050 1055 1056 1057 1058 1059 1061 1065 
297: 2 3 11 13 16 25 26 30 34 38 39 44 45 50 51 53 56 59 60 62 63 67 70 71 73 74 75 76 81 82 83 87 88 89 96 102 104 105 107 109 110 116 118 121 125 129 133 136 137 139 140 142 143 145 149 150 156 158 159 162 168 169 177 184 192 200 201 204 205 207 208 210 213 227 229 230 231 232 240 249 250 255 256 261 262 263 266 267 269 273 274 277 281 284 287 288 290 298 302 304 312 317 318 319 320 327 333 334 337 338 341 348 349 356 357 358 360 382 385 389 390 394 399 404 411 412 419 424 426 429 436 443 446 447 452 456 459 461 462 465 466 476 477 483 499 500 521 525 528 530 541 544 550 555 573 574 577 579 584 587 593 599 608 612 616 618 621 622 625 627 628 633 639 640 641 643 646 647 653 661 666 668 669 670 675 679 680 682 688 691 702 706 707 715 719 721 722 726 727 734 737 742 743 744 748 750 752 754 755 757 758 763 769 771 776 781 786 787 790 791 794 796 799 800 802 809 816 818 823 824 825 827 844 849 852 857 858 862 864 866 867 870 871 872 873 874 876 877 878 880 884 886 893 904 913 914 916 919 923 926 930 931 943 946 948 957 966 967 969 970 974 975 977 980 987 988 989 993 996 997 1011 1012 1019 1026 1030 1031 1032 1033 1043 1046 1052 1053 1058 1062 1071 1072 1073 
315: 3 5 15 22 24 34 38 39 42 45 49 52 53 61 64 68 81 82 84 85 86 87 89 94 95 99 100 103 106 107 115 118 119 120 123 130 132 137 142 143 145 146 153 157 162 163 172 183 185 189 193 194 195 196 198 200 201 203 209 214 218 219 221 225 228 231 235 236 237 240 241 243 256 258 260 267 275 277 282 283 286 287 288 290 292 301 302 303 309 311 312 313 319 320 325 330 333 337 338 342 346 349 352 353 355 357 360 366 367 377 378 384 385 394 405 408 409 410 411 415 420 424 426 430 432 433 435 439 444 450 453 454 455 457 458 464 469 471 472 473 474 482 483 493 504 505 508 510 511 513 517 519 520 525 528 530 540 550 552 553 554 557 559 564 574 579 581 584 588 590 591 594 596 605 606 608 610 612 619 622 623 626 631 636 646 648 649 650 652 653 656 663 667 668 670 672 673 679 681 684 688 690 691 695 702 706 709 720 721 724 725 727 729 731 732 734 736 740 744 748 749 754 755 762 763 765 775 776 780 781 782 784 787 790 793 797 800 802 804 809 810 812 820 822 823 824 825 828 830 833 835 840 844 846 848 852 857 858 861 870 877 878 883 886 891 893 896 899 905 907 912 913 916 917 919 925 927 930 936 937 939 942 944 954 959 971 985 988 989 996 1001 1007 1008 1010 1014 1016 1022 1024 1025 1033 1039 1042 1044 1046 1047 1049 1053 1057 1059 1062 1063 1064 1065 1067 1072 
317: 0 1 2 3 5 7 11 14 16 17 22 27 30 31 35 36 42 50 56 64 65 66 67 71 75 77 79 81 84 85 91 94 101 103 105 107 110 113 114 123 124 128 139 141 145 152 157 160 162 175 183 184 185 187 191 192 193 195 199 201 204 206 209 211 212 214 223 225 226 231 235 237 243 244 252 259 269 271 273 280 282 287 288 290 300 307 309 312 315 318 325 327 329 330 340 342 348 355 356 362 368 370 373 375 378 385 394 398 399 401 402 403 404 406 407 411 412 414 425 428 435 436 441 447 448 449 452 455 473 474 476 477 480 482 487 488 491 492 495 500 502 506 511 512 513 516 520 521 524 525 527 531 532 541 542 543 549 550 552 554 564 568 582 583 594 596 600 609 610 611 615 622 625 629 637 639 642 647 648 650 651 655 658 662 663 664 665 670 674 675 682 684 689 692 696 697 702 704 705 709 712 717 718 720 721 724 726 729 731 732 733 735 743 746 750 755 757 760 763 766 770 775 776 783 784 792 793 796 798 799 814 815 817 825 833 835 843 846 849 857 864 867 870 873 875 879 880 882 883 889 890 891 894 895 896 898 900 906 909 913 916 917 919 922 924 932 936 937 939 941 946 947 949 950 954 957 960 968 971 974 975 978 979 980 988 989 990 991 993 994 999 1001 1007 1009 1012 1017 1020 1027 1029 1033 1035 1036 1037 1041 1043 1045 1046 1048 1051 1053 1055 1061 1062 1065 1066 1069 1071 
331: 2 4 8 17 20 24 27 33 35 36 41 42 45 49 51 55 57 58 63 64 65 67 70 76 81 83 84 86 88 92 96 102 106 115 116 120 124 125 126 135 136 137 140 141 142 149 151 152 156 159 160 163 167 168 170 178 182 186 187 188 189 190 194 198 199 203 210 211 212 216 219 222 225 230 233 237 242 244 245 246 247 249 250 255 262 264 265 266 270 272 274 275 278 280 282 285 286 290 292 293 294 295 296 301 314 315 316 319 322 323 325 326 328 330 331 332 340 341 344 346 350 354 355 357 358 359 368 370 374 375 382 384 391 392 393 400 407 414 416 417 418 420 423 425 426 429 433 434 435 437 440 442 453 455 458 464 465 468 469 471 475 477 479 492 495 497 499 508 517 525 526 529 530 531 533 534 535 536 538 544 545 548 549 551 553 554 557 560 561 565 567 582 585 587 593 594 596 599 603 605 608 610 611 614 615 629 632 636 640 641 642 645 649 650 654 659 663 665 670 675 677 682 684 687 688 689 700 701 703 707 718 719 723 734 735 737 738 742 746 750 751 753 761 763 768 770 773 779 780 781 782 783 787 794 795 796 799 804 808 824 827 828 829 837 849 857 860 864 865 869 876 877 880 881 885 887 890 893 895 903 906 911 912 913 921 922 932 937 941 945 949 952 954 964 966 971 974 977 979 980 983 985 986 992 995 998 999 1000 1002 1003 1009 1017 1019 1023 1026 1028 1036 1038 1039 1040 1041 1042 1045 1047 1055 1056 1060 1064 1065 1066 1075 
331: 2 3 5 17 25 27 29 30 32 37 40 43 45 47 49 50 57 58 59 65 69 70 74 81 89 92 94 97 103 105 107 108 109 110 114 125 132 134 137 144 151 155 158 159 160 167 170 171 172 176 179 181 184 202 204 205 209 210 214 218 223 225 229 231 232 236 237 243 244 253 254 260 262 270 271 277 279 290 298 303 304 316 320 321 323 324 326 331 335 340 344 347 352 356 360 361 364 368 373 377 378 379 381 383 384 387 392 402 404 405 414 416 417 420 422 424 426 429 431 432 433 439 443 447 450 456 457 459 461 463 464 468 469 471 474 477 479 480 482 484 490 495 502 520 523 524 525 528 535 537 541 545 547 549 552 554 555 557 559 560 561 562 564 566 568 572 573 575 579 581 585 586 588 589 592 593 594 596 597 598 600 601 602 603 604 613 614 618 623 627 628 630 632 636 638 640 641 642 643 647 649 650 652 653 654 655 656 657 662 663 664 665 666 667 669 670 673 677 679 682 683 684 685 686 687 688 692 702 704 705 708 709 714 718 721 723 727 729 733 737 740 742 750 755 756 761 763 769 770 772 775 777 780 781 783 784 788 796 799 801 808 819 825 832 836 837 839 843 848 855 859 865 866 867 870 873 877 879 884 885 890 902 905 912 913 914 917 918 919 925 938 947 949 951 953 954 957 959 962 964 967 971 973 975 977 980 987 990 991 992 995 997 998 1009 1013 1014 1015 1016 1025 1027 1031 1034 1036 1038 1041 1048 1053 1061 1063 1065 1073 
346: 1 3 5 7 8 10 12 13 14 17 23 27 30 32 33 35 40 50 51 53 65 66 68 70 77 78 79 83 84 85 89 91 93 94 101 105 110 113 114 115 122 123 125 130 131 141 145 147 155 159 161 167 168 169 173 175 176 180 181 182 186 187 188 193 198 202 206 213 221 222 223 224 234 239 240 241 246 249 251 255 261 264 265 268 272 275 279 284 290 291 292 294 298 299 307 315 318 320 322 329 331 335 339 341 342 350 351 354 356 360 362 363 365 366 370 371 374 375 376 383 390 391 392 395 396 397 402 403 409 412 417 421 425 430 432 433 435 437 438 439 440 442 444 448 451 455 459 461 462 463 464 469 470 474 475 478 479 483 485 487 488 489 490 491 492 493 496 502 504 508 513 515 519 523 525 532 539 544 554 555 557 560 561 563 565 567 581 584 586 587 588 591 593 597 598 606 610 611 619 620 624 631 632 634 636 637 640 644 648 649 650 653 662 663 665 666 669 670 672 674 679 681 684 685 688 702 704 705 708 710 720 724 725 732 734 738 754 756 758 759 760 761 763 764 765 769 773 774 775 779 787 788 791 792 800 802 806 807 812 813 815 816 818 819 824 826 828 829 834 838 839 844 845 849 851 854 855 857 858 861 864 868 869 870 873 876 881 883 887 894 901 902 905 912 915 922 927 930 934 936 938 940 941 942 946 955 956 959 970 973 976 982 984 985 989 990 992 994 996 1004 1006 1007 1008 1013 1014 1020 1024 1025 1029 1032 1035 1036 1037 1042 1046 1051 1052 1054 1055 1056 1059 1060 1064 1065 1066 1069 
337: 2 5 9 12 17 23 24 28 40 41 45 46 48 52 55 60 66 69 72 73 75 79 81 83 84 86 87 90 93 98 100 105 106 107 108 111 122 129 134 138 139 144 148 153 154 157 167 168 169 173 178 179 197 198 200 203 205 206 207 209 212 213 215 216 218 223 227 229 230 234 235 238 239 241 243 244 246 250 257 265 268 274 281 282 283 285 287 292 293 300 302 306 309 314 316 317 322 325 327 331 338 340 350 354 355 356 360 362 367 368 374 377 381 385 387 393 396 398 399 407 408 415 416 419 420 421 424 429 433 436 437 438 442 443 444 448 452 456 464 465 466 471 477 478 483 486 487 489 491 493 499 503 504 509 510 512 520 521 529 533 534 535 536 538 539 540 541 556 562 565 568 569 574 577 581 583 584 585 586 590 592 595 597 600 601 602 605 606 609 610 611 615 624 636 639 640 642 644 647 648 651 652 657 662 665 666 667 668 678 689 695 696 697 702 705 706 709 710 712 717 722 723 724 725 726 727 728 729 735 737 742 743 750 757 762 763 766 773 775 776 778 785 786 791 794 795 796 797 799 802 804 805 810 812 814 816 817 822 823 825 826 827 831 834 836 837 838 844 846 849 850 854 860 861 869 877 881 888 892 898 899 904 906 908 910 911 916 919 920 921 923 929 931 933 934 935 941 947 955 959 964 974 975 978 985 990 992 996 997 1010 1014 1017 1020 1027 1028 1034 1035 1038 1039 1041 1046 1047 1048 1049 1052 1054 1056 1057 1058 1059 1062 1063 1064 1066 1071 1072 1074 
323: 1 4 5 6 14 15 17 18 22 25 26 27 28 31 38 40 42 43 44 48 53 59 63 72 74 76 77 81 84 85 86 87 88 89 90 92 98 100 104 106 108 109 118 124 128 129 131 132 133 135 139 140 143 144 146 149 151 155 164 165 166 169 171 172 173 174 177 178 191 192 193 207 213 218 221 227 230 232 233 238 246 247 250 261 265 269 275 281 282 284 289 290 291 292 295 296 299 303 304 312 322 323 326 327 330 333 334 341 345 352 357 360 362 364 368 372 373 374 379 385 389 396 397 399 403 404 406 410 421 425 430 432 433 437 440 443 445 447 451 455 460 463 465 467 469 473 475 487 490 494 496 497 498 501 504 505 506 510 515 516 517 519 520 524 535 538 542 543 547 549 550 552 554 556 557 560 561 574 575 582 586 590 592 594 597 598 599 601 602 603 611 613 614 616 620 626 627 631 632 642 650 655 659 660 661 665 666 675 679 680 682 683 685 686 698 702 704 705 706 710 712 714 716 719 720 721 722 723 731 732 736 738 746 748 752 753 766 770 776 778 782 787 795 796 798 799 805 810 812 813 817 819 821 822 823 831 834 839 842 852 857 861 868 880 882 883 892 893 895 901 905 906 907 909 923 929 931 933 942 944 945 946 948 953 957 958 962 964 965 966 967 968 974 976 982 985 986 990 991 994 997 998 1000 1005 1006 1011 1015 1017 1019 1023 1026 1027 1029 1035 1036 1052 1056 1057 1060 1061 1071 1072 1073 
314: 1 5 6 8 9 11 12 14 17 20 33 35 36 43 51 55 57 61 62 66 67 68 70 71 74 75 79 81 86 88 96 97 99 101 102 113 116 117 118 128 130 131 137 138 141 142 147 151 163 165 173 177 180 181 186 187 188 189 190 194 196 200 208 209 210 214 220 221 222 227 229 230 235 236 240 241 242 249 252 253 255 259 261 266 271 272 274 276 278 280 281 290 292 293 308 309 311 318 323 324 325 327 337 343 352 353 357 361 363 364 369 378 394 395 398 402 410 411 412 413 414 422 425 438 440 445 447 450 453 454 455 458 459 464 478 480 491 492 493 494 495 500 504 511 514 515 522 523 528 531 537 540 542 547 554 555 557 559 560 561 563 564 567 571 578 579 580 586 587 588 592 600 602 604 607 609 616 624 628 630 635 641 650 651 652 655 656 659 660 661 664 666 667 668 669 670 674 675 679 680 684 688 693 694 697 707 708 712 713 718 720 726 730 735 740 743 744 747 754 758 760 761 776 779 781 783 785 789 791 792 794 804 809 811 812 813 814 815 818 819 825 831 833 839 842 843 847 854 865 868 869 872 873 883 884 887 889 890 892 895 897 901 904 906 909 912 919 920 925 926 928 931 933 935 939 940 943 944 947 954 958 959 961 969 972 976 978 979 987 988 989 994 997 1000 1006 1008 1009 1010 1027 1033 1034 1035 1036 1046 1053 1058 1059 1060 1064 1065 1068 1069 1073 1074 
329: 4 5 9 12 13 22 25 29 33 35 38 40 42 45 52 54 55 59 61 69 70 71 73 75 86 87 88 96 97 98 100 101 103 105 106 117 119 120 124 127 128 130 132 133 134 139 143 144 147 149 155 156 161 169 172 176 179 182 184 186 190 191 192 202 207 213 218 221 222 229 240 252 254 256 258 263 265 266 268 269 274 275 277 278 279 289 291 294 302 306 308 312 320 325 331 332 333 335 336 343 346 353 355 358 362 373 376 380 381 392 394 396 397 399 401 406 408 411 415 420 423 430 434 436 439 440 441 442 445 453 454 456 461 462 463 465 468 469 472 474 475 476 479 481 483 485 487 489 491 499 502 505 507 511 514 521 525 526 529 530 532 536 537 538 545 547 554 563 565 567 573 575 577 579 585 587 590 593 596 599 604 606 614 616 622 632 633 637 644 645 648 649 651 653 654 656 660 662 665 667 669 677 680 682 683 695 701 703 704 705 710 711 720 723 728 731 732 734 736 737 740 742 751 754 756 758 761 766 767 768 769 770 771 773 778 791 793 797 799 801 806 809 811 812 814 817 820 821 824 838 839 840 842 843 844 846 847 848 849 850 851 853 854 858 860 869 872 875 876 879 880 890 898 899 901 903 906 911 928 929 930 931 932 933 936 947 955 956 957 959 961 962 963 964 972 986 988 990 993 998 999 1001 1004 1005 1006 1007 1008 1009 1010 1013 1015 1021 1023 1025 1030 1031 1032 1035 1036 1042 1043 1044 1050 1052 1055 1059 1060 1065 1072 
334: 5 10 11 14 16 17 21 25 28 29 30 33 37 47 48 49 51 56 58 59 61 64 67 72 80 84 85 89 92 94 95 99 102 108 109 110 119 127 131 134 135 137 142 143 147 149 150 153 156 157 163 169 179 181 185 186 190 195 196 198 201 204 211 219 220 223 224 225 226 227 230 232 245 253 255 256 257 265 268 273 276 277 278 279 280 281 283 284 288 289 293 294 298 299 301 306 309 313 314 316 317 321 327 331 332 334 335 336 337 339 346 347 348 349 350 354 360 361 363 364 365 368 369 370 373 379 380 386 389 390 394 399 400 404 405 408 409 410 411 412 413 417 424 427 428 431 441 443 446 447 451 452 453 457 459 462 465 467 479 480 486 489 490 493 495 501 503 505 508 510 516 520 522 524 525 529 530 532 535 538 539 541 555 557 563 564 565 566 568 569 571 574 582 584 585 594 597 600 601 602 612 615 616 617 618 620 621 625 626 629 632 633 641 643 650 653 654 660 666 672 677 690 691 695 696 698 701 702 706 708 709 712 719 726 733 739 740 745 749 750 753 754 766 767 774 775 779 782 784 785 787 797 801 802 806 809 823 826 827 828 830 831 835 836 838 845 846 848 849 851 854 859 871 877 882 885 886 895 896 897 898 900 901 902 907 908 912 916 920 923 925 926 927 928 929 931 942 945 948 956 958 961 962 967 971 972 975 976 981 986 997 1001 1002 1005 1008 1011 1013 1018 1020 1022 1030 1033 1036 1044 1050 1053 1054 1055 1060 1063 1064 1068 1074 1075 
352: 1 3 4 9 10 12 16 17 18 20 23 29 30 31 35 37 45 46 47 52 58 59 62 63 66 67 72 73 76 77 83 85 86 89 91 92 95 108 110 119 121 122 123 127 130 132 133 134 135 137 139 143 144 146 147 148 149 155 158 159 160 162 165 172 173 175 177 178 179 180 184 187 188 193 196 202 205 206 207 213 214 218 223 231 232 234 239 249 250 258 259 260 268 272 274 275 276 277 279 283 285 293 296 304 309 311 312 314 315 323 328 330 337 341 345 347 350 355 359 370 373 377 380 381 383 388 392 394 395 400 405 417 422 426 428 432 434 438 440 442 445 446 451 452 453 458 459 465 466 467 480 483 487 490 495 503 505 506 508 510 513 514 517 522 525 527 528 529 531 532 533 534 538 540 544 547 548 550 554 558 564 567 570 577 579 582 583 595 597 602 603 604 606 609 617 624 630 641 644 646 649 653 659 660 661 663 668 669 670 677 678 679 680 681 685 686 688 689 692 699 700 708 710 711 712 716 718 720 722 735 736 737 743 745 747 752 755 756 762 765 766 769 775 776 780 781 783 784 786 789 791 792 802 803 805 807 810 812 816 817 821 822 824 827 829 830 834 841 843 846 847 853 859 861 864 865 867 871 873 874 876 877 878 880 883 885 887 891 893 895 896 903 909 910 911 914 917 922 923 925 926 932 934 935 936 937 939 941 945 948 950 952 958 962 969 971 974 979 982 983 985 988 989 990 998 999 1003 1006 1009 1013 1014 1022 1027 1032 1033 1035 1037 1038 1040 1042 1043 1046 1047 1049 1059 1060 1061 1063 1064 1070 1071 1074 
314: 5 10 14 16 18 20 21 30 31 35 40 49 51 52 60 62 66 68 71 72 77 78 81 86 88 90 91 92 101 102 105 106 114 117 122 135 137 144 145 146 148 149 152 153 155 161 166 168 169 170 175 191 192 194 198 205 206 211 213 218 219 225 226 233 238 242 243 245 251 252 254 258 269 271 272 274 276 279 283 289 290 291 300 301 308 315 322 323 324 333 340 345 349 353 355 356 361 363 365 366 369 370 380 383 386 390 393 399 400 401 403 407 410 418 420 421 422 428 433 435 437 439 442 444 445 447 451 456 460 464 466 480 483 485 489 498 502 509 510 512 514 515 516 517 518 524 526 528 529 538 540 543 549 552 553 564 565 568 570 571 575 576 579 582 585 588 591 592 595 596 608 611 612 615 617 618 619 620 621 624 625 627 628 638 645 652 654 658 659 662 664 668 673 674 677 680 683 684 685 687 689 690 697 700 703 704 709 711 713 715 722 723 727 731 734 740 741 744 745 754 763 768 770 780 784 788 789 792 799 805 808 816 817 819 821 822 825 826 832 837 840 842 845 847 858 859 864 867 872 873 879 886 887 889 892 899 902 903 911 912 914 915 921 926 927 931 933 935 938 939 942 944 946 952 954 955 959 966 969 970 975 983 984 986 987 992 994 1002 1006 1007 1008 1015 1018 1023 1024 1025 1031 1036 1037 1042 1046 1052 1053 1054 1056 1058 1061 1062 1064 1066 1068 1070 1071 1073 
320: 0 2 3 8 14 16 25 27 28 29 30 31 38 39 51 52 53 57 60 70 71 78 87 91 92 95 98 103 106 118 122 133 136 138 143 144 146 149 154 156 161 166 168 177 183 189 190 191 193 198 200 203 210 211 229 230 232 235 236 242 243 245 247 251 253 254 256 258 259 263 266 267 268 269 272 275 281 282 283 285 291 294 298 302 308 309 310 311 312 319 321 324 325 328 329 332 333 338 339 341 344 350 358 361 366 375 377 378 383 387 388 391 393 394 398 399 400 401 404 408 410 417 422 427 428 430 433 434 439 443 456 459 460 461 462 465 469 473 477 479 480 486 487 490 492 494 496 497 501 505 508 509 511 515 522 523 526 527 528 531 532 538 539 546 552 554 559 560 563 564 567 568 570 576 577 578 581 583 586 590 594 597 612 617 622 627 635 636 640 644 645 646 648 651 653 655 664 667 670 674 677 678 679 684 689 690 692 696 698 704 706 715 716 721 723 729 730 731 732 734 736 739 740 743 746 751 752 753 757 769 772 773 787 791 792 794 797 798 802 803 804 811 812 814 815 817 829 834 835 836 839 840 846 848 850 861 864 865 866 869 870 875 880 881 883 887 889 897 899 901 902 906 912 935 937 939 940 941 950 952 955 956 957 958 967 968 973 975 976 982 986 992 993 995 1001 1002 1007 1009 1013 1014 1015 1016 1020 1023 1034 1036 1037 1038 1040 1041 1043 1050 1051 1054 1055 1059 1062 1069 1070 1071 
326: 0 4 6 7 9 16 18 22 28 32 36 37 39 53 67 71 73 78 80 81 85 90 91 93 95 99 100 102 111 113 116 118 120 127 128 129 132 133 136 137 138 139 140 141 143 148 150 154 158 163 166 174 177 178 179 185 190 196 198 202 206 212 217 221 224 226 231 240 245 246 252 256 259 261 264 269 270 272 273 277 279 282 286 287 288 289 297 302 307 309 312 316 317 321 329 330 336 338 341 342 344 349 356 360 363 364 366 367 375 379 386 389 390 391 397 398 400 402 403 408 413 417 423 425 428 436 437 439 442 446 447 451 454 456 457 458 461 466 469 472 487 491 494 495 498 500 505 512 514 515 516 517 520 522 532 533 538 541 542 546 550 551 552 554 557 560 561 562 564 569 572 573 579 581 583 585 588 589 592 594 596 606 615 618 621 622 624 630 632 634 642 643 644 647 652 657 664 670 681 682 692 693 701 703 706 710 712 716 718 721 724 726 727 729 731 732 733 734 738 747 748 749 750 753 757 759 761 765 771 777 780 781 787 788 793 795 797 802 807 812 825 831 832 833 841 843 847 849 852 853 854 858 860 861 862 866 871 872 878 879 885 893 897 899 900 902 905 912 917 920 921 927 931 936 939 941 943 944 946 947 949 951 952 954 956 959 962 966 981 982 984 986 988 993 997 1000 1001 1003 1004 1005 1008 1009 1010 1012 1015 1022 1029 1031 1037 1039 1040 1049 1051 1052 1055 1057 1058 1059 1062 1063 1065 1066 1067 1068 1072 1075 
316: 0 2 14 15 18 28 30 31 48 51 52 57 59 63 66 70 75 79 80 85 86 87 89 90 91 98 99 100 106 109 116 117 118 124 127 131 135 136 139 140 143 144 148 152 161 163 165 166 169 178 180 181 193 195 198 200 207 212 214 223 229 230 232 234 235 240 241 242 243 244 245 246 257 260 265 269 270 275 280 282 284 287 288 291 292 294 296 298 300 301 311 312 313 315 316 320 321 322 323 327 328 334 336 346 348 349 350 357 362 365 366 369 372 373 374 378 384 385 392 393 396 398 400 402 404 406 408 413 415 416 428 437 442 443 445 446 450 451 455 456 461 463 464 468 471 473 476 478 479 480 487 489 490 493 498 500 506 509 512 514 515 520 521 523 524 531 536 543 548 549 551 553 557 567 578 579 581 585 593 595 596 597 606 607 608 611 616 623 626 628 630 636 642 645 648 652 653 663 666 672 674 681 688 690 691 693 694 698 705 706 717 718 726 729 732 733 734 735 743 748 749 755 762 763 768 773 774 775 776 785 790 791 798 799 800 801 803 807 816 817 818 825 827 832 834 836 838 839 841 850 855 857 860 865 871 872 875 876 878 880 882 896 903 907 908 910 911 913 919 922 924 927 931 933 936 938 939 941 945 949 952 954 959 969 970 971 972 973 974 977 981 986 987 991 992 998 999 1002 1009 1010 1022 1027 1030 1035 1037 1042 1047 1049 1051 1053 1058 1067 1068 1069 1072 1074 
300: 6 7 12 13 14 19 23 26 28 33 37 39 45 46 50 61 69 77 79 83 86 88 90 92 96 98 99 100 102 104 106 107 108 123 124 130 135 136 148 151 152 156 159 161 162 164 166 168 170 173 175 177 181 182 187 190 191 192 193 196 197 199 203 208 211 212 213 216 220 231 240 241 243 251 252 253 257 264 268 269 276 277 285 287 290 294 297 307 313 316 318 319 321 322 324 325 328 331 338 348 349 357 358 360 362 369 373 382 385 388 393 394 396 398 399 400 401 403 406 411 415 418 422 428 430 432 444 449 450 451 452 457 463 465 473 478 480 505 507 508 513 517 518 524 525 527 532 537 539 540 542 543 548 549 550 553 554 555 562 563 566 568 575 576 578 579 585 587 590 595 597 598 605 607 621 626 627 629 633 634 637 648 653 659 665 667 672 691 695 699 701 702 708 721 722 727 728 729 735 744 750 753 754 758 759 761 762 765 766 769 775 777 779 787 789 792 793 794 796 803 806 807 811 812 814 820 821 823 824 830 835 846 847 848 852 860 861 865 872 876 877 881 886 888 892 896 902 906 909 921 927 932 933 942 944 947 957 958 960 961 962 963 964 966 970 973 974 976 982 986 989 991 992 999 1001 1002 1004 1005 1009 1014 1015 1028 1032 1035 1037 1038 1040 1041 1045 1048 1052 1053 1057 1058 1059 1064 1067 1069 1070 1072 
311: 0 3 6 9 10 13 19 24 28 31 34 44 46 49 56 58 60 62 64 66 73 74 78 81 83 88 94 97 98 99 100 106 119 127 139 149 151 153 154 169 171 176 178 179 180 181 189 192 193 194 197 199 205 210 212 221 222 228 234 236 238 241 245 246 249 256 258 259 263 265 267 270 272 275 276 282 283 285 290 291 296 298 300 302 304 310 311 315 316 319 320 323 324 327 331 336 337 340 350 352 356 362 366 368 369 370 371 374 375 378 385 390 396 398 409 412 418 422 426 427 429 432 433 434 435 438 447 448 450 463 466 475 476 477 479 480 488 493 494 495 497 505 513 515 528 529 531 534 536 543 548 551 552 554 557 566 570 572 578 579 581 582 589 597 615 617 618 622 626 637 641 642 646 653 654 656 657 658 660 663 665 666 669 671 672 676 685 686 687 690 691 694 699 702 703 704 708 711 713 720 724 726 733 737 739 754 759 760 762 765 768 769 771 778 779 785 786 789 790 792 794 805 806 809 812 815 820 821 825 830 831 832 834 836 838 841 842 843 850 857 858 862 864 865 867 872 873 876 878 879 883 884 886 891 897 898 901 902 903 905 906 915 916 919 929 933 936 937 938 940 948 949 951 953 954 957 958 959 964 965 972 973 976 985 991 998 1006 1007 1010 1017 1018 1020 1023 1028 1030 1032 1033 1038 1040 1042 1045 1049 1051 1052 1054 1057 1058 1059 1065 1068 1075 
304: 0 2 3 7 10 12 13 16 19 23 26 27 29 35 36 37 44 47 54 59 61 62 65 68 69 76 80 83 85 90 91 101 105 106 110 112 114 116 119 121 124 129 134 138 141 145 150 152 156 160 161 165 167 174 180 183 190 191 192 195 204 206 209 210 211 212 214 215 219 222 226 229 230 234 235 236 239 241 242 245 246 255 257 258 264 265 270 274 278 282 284 286 290 292 295 298 302 305 306 308 309 315 316 317 318 326 348 352 356 359 360 361 362 365 368 369 373 382 383 385 387 388 392 394 397 400 408 416 418 422 426 428 429 434 435 436 446 447 451 453 457 459 465 473 475 489 491 494 500 503 504 505 511 514 516 525 532 533 536 537 539 540 544 545 546 551 552 554 557 559 566 570 571 572 575 578 580 593 601 607 612 613 617 625 626 629 632 634 639 643 656 667 681 684 687 690 691 692 694 695 702 706 712 713 716 717 721 724 726 730 735 737 738 740 749 754 764 767 771 775 782 788 790 793 797 799 804 806 811 814 819 821 823 828 829 831 832 838 840 846 849 851 852 854 861 862 867 873 874 875 879 882 883 884 888 897 899 900 903 906 908 909 911 913 915 922 925 926 927 937 939 941 947 953 955 958 961 963 966 969 995 998 1002 1007 1011 1013 1014 1019 1022 1023 1028 1029 1031 1035 1039 1040 1041 1042 1043 1048 1050 1051 1056 1064 
305: 4 6 7 11 12 18 21 23 24 32 37 40 43 44 47 50 55 56 59 62 71 75 79 88 90 91 95 96 99 104 107 118 119 124 125 129 131 141 142 144 146 149 150 152 154 155 157 162 163 186 187 189 194 197 201 202 204 206 209 211 217 221 225 239 246 248 249 254 255 256 259 260 263 269 271 274 277 287 288 292 294 297 302 306 307 309 310 317 318 319 322 326 327 331 335 344 347 348 351 357 360 361 375 395 401 402 403 405 409 413 415 430 432 438 439 442 446 455 459 462 463 464 466 467 468 473 474 476 477 478 479 480 482 483 485 488 489 491 494 496 499 507 510 517 519 523 525 529 531 532 533 538 540 558 564 565 570 573 576 582 584 587 593 596 597 599 607 617 619 625 630 634 636 637 638 640 645 648 662 668 674 675 677 678 682 683 684 685 686 693 705 706 707 710 711 715 720 721 724 729 732 733 735 736 743 746 748 750 752 754 755 756 757 765 767 769 770 775 778 779 781 782 783 785 792 794 799 807 808 809 810 811 813 815 819 824 825 827 832 833 837 839 846 852 856 857 870 871 873 880 882 883 891 896 898 899 900 902 916 917 919 923 936 940 956 957 960 964 965 967 975 980 987 988 990 993 994 999 1008 1009 1012 1015 1021 1023 1024 1025 1027 1030 1036 1037 1039 1040 1041 1043 1046 1053 1054 1060 1061 1063 1064 1066 1067 1072 1073 
327: 1 2 7 8 16 23 24 25 26 28 32 34 42 44 45 46 52 57 61 62 63 64 65 66 72 80 81 85 96 97 100 101 110 112 115 118 119 125 129 131 132 133 135 143 144 145 157 159 165 166 169 173 177 179 186 187 196 199 202 206 207 208 209 212 213 220 221 222 224 228 233 234 242 243 245 248 250 252 253 258 260 261 268 270 272 276 283 284 290 291 293 295 299 303 311 312 318 321 325 327 329 331 332 335 338 342 345 346 347 349 351 352 357 372 375 377 378 379 382 387 388 389 390 400 401 403 408 409 410 411 416 418 421 424 426 428 433 437 438 446 447 451 453 454 458 460 461 463 465 467 471 472 480 481 483 490 501 504 505 508 514 516 518 523 524 529 538 540 542 545 546 547 557 558 560 562 563 565 569 570 571 573 574 576 582 584 587 590 591 592 594 597 603 613 614 615 624 629 632 635 636 642 651 654 655 659 660 661 662 663 675 676 677 679 680 681 683 684 694 702 705 706 707 708 709 712 715 716 720 723 728 731 738 744 747 749 752 764 767 770 772 773 779 782 783 784 789 790 797 801 814 815 818 821 838 840 845 847 849 850 855 856 857 859 867 869 871 875 877 878 881 887 888 889 890 894 898 899 902 907 911 918 919 920 922 925 927 933 935 937 939 943 947 949 954 955 959 960 961 965 970 973 975 989 992 993 998 1002 1005 1008 1020 1026 1029 1030 1039 1040 1041 1045 1051 1052 1059 1065 1067 1068 1069 1074 1075 
331: 1 6 12 14 15 16 17 19 23 25 28 30 35 36 37 40 46 48 49 50 51 53 55 59 62 64 67 69 70 71 72 79 83 86 92 96 98 104 106 107 109 110 114 118 119 123 126 130 132 133 135 136 137 140 148 152 156 157 162 164 170 173 176 186 189 194 199 200 201 205 207 210 214 217 222 223 225 230 231 236 239 242 246 248 249 250 260 265 266 270 271 273 283 286 295 305 307 308 309 310 312 322 334 336 341 342 354 359 362 363 366 367 372 381 382 386 391 393 396 401 403 404 411 412 413 416 420 429 431 433 436 437 438 441 442 446 450 452 454 455 457 467 471 472 484 485 490 497 499 502 510 513 515 516 518 522 524 529 531 540 541 542 545 546 547 548 550 551 552 553 556 570 571 572 586 595 601 602 603 605 609 612 614 615 620 623 626 627 636 637 638 642 644 645 646 650 653 656 657 669 671 672 680 682 686 693 696 703 704 705 706 707 711 712 715 717 720 722 730 734 741 743 745 746 756 758 759 765 768 771 772 774 776 777 778 781 784 787 788 790 798 800 802 804 806 808 809 810 819 822 824 828 834 837 841 843 848 851 852 855 857 860 863 868 870 874 875 877 879 884 892 894 897 901 903 909 913 916 919 920 922 928 929 930 945 948 950 952 953 956 957 959 961 962 963 965 968 969 971 972 973 974 975 977 981 982 984 992 993 994 1001 1003 1005 1008 1013 1019 1020 1023 1024 1033 1034 1042 1045 1047 1049 1050 1065 1070 1072 1074 1075 
288: 0 3 4 10 15 16 19 22 34 37 46 48 49 50 54 57 60 63 65 72 73 82 84 85 88 90 92 99 101 103 104 114 116 117 122 127 133 137 139 145 153 156 174 177 181 188 190 192 196 200 207 211 219 223 232 234 236 242 243 245 246 255 259 261 265 267 272 274 277 279 283 285 299 303 306 311 312 317 318 321 323 341 346 352 358 362 367 368 370 372 373 376 386 392 407 412 413 414 417 418 422 424 426 431 434 435 438 444 446 450 453 457 459 461 463 464 472 474 478 479 483 485 488 489 491 500 503 510 513 517 519 521 523 535 538 541 542 543 546 548 554 562 568 574 578 579 580 584 585 586 589 591 594 596 600 605 606 608 610 615 616 619 620 625 626 629 640 645 649 651 653 655 656 657 660 662 666 667 669 673 681 687 697 699 703 704 705 706 712 719 721 724 734 735 739 740 750 752 758 765 766 768 770 772 774 776 777 778 782 783 786 793 794 799 803 815 817 823 825 833 838 839 840 843 844 845 847 852 854 855 856 865 867 876 880 888 895 897 902 909 912 916 917 919 921 926 931 932 939 944 949 950 951 957 961 962 966 968 969 972 973 977 979 980 985 987 988 991 996 1000 1002 1003 1005 1006 1025 1026 1027 1029 1032 1037 1042 1049 1051 1053 1055 1057 1066 1067 
320: 2 5 9 13 15 16 18 21 28 34 35 36 39 41 46 50 52 61 68 73 74 75 76 78 89 93 111 120 121 125 128 131 133 138 141 147 155 163 168 175 176 178 180 186 187 188 194 196 199 202 204 205 206 208 212 214 216 220 223 224 225 234 235 236 241 244 253 257 258 261 262 263 265 267 268 273 276 280 282 283 288 289 291 292 297 298 300 304 310 311 316 319 322 323 326 329 331 334 337 339 341 342 353 364 368 369 372 378 381 385 386 387 388 389 391 398 399 411 412 419 420 423 426 429 430 432 433 436 437 442 444 445 449 451 452 453 456 457 458 462 464 465 472 476 486 489 493 495 498 501 502 503 505 507 511 512 514 517 518 526 528 532 539 540 543 548 550 554 555 558 559 562 568 569 571 582 584 589 591 592 594 595 596 600 602 603 605 610 612 615 616 619 621 624 635 642 649 650 651 653 659 660 666 670 673 678 679 680 692 694 695 703 707 708 711 712 713 722 724 726 728 729 730 732 734 737 740 742 747 748 754 755 756 760 765 766 767 768 777 782 789 792 802 806 807 808 814 816 818 821 823 824 828 830 838 840 843 850 851 855 859 880 882 885 886 889 890 894 896 897 903 904 914 916 926 929 931 933 935 936 937 944 947 948 949 950 952 955 957 960 963 965 971 972 974 976 978 979 980 986 989 995 998 999 1011 1017 1018 1021 1031 1032 1037 1046 1047 1049 1055 1058 1067 1068 1070 1071 
329: 1 2 10 12 13 18 20 24 27 31 33 36 43 48 50 53 59 60 62 65 72 73 75 79 81 85 86 87 93 95 97 98 99 101 106 107 109 112 115 117 119 122 124 126 128 133 136 144 145 156 157 162 164 165 166 167 168 172 174 175 178 179 184 185 187 189 191 199 201 202 203 205 206 212 217 220 221 223 225 231 232 233 236 238 240 243 244 246 248 256 268 278 280 291 297 300 304 305 307 310 315 316 320 323 327 331 333 334 335 338 340 341 346 349 355 359 362 375 377 384 385 388 389 400 401 406 410 412 416 425 427 432 434 435 439 443 444 447 449 450 453 463 464 468 469 472 475 488 493 495 498 499 500 503 505 507 510 511 515 519 521 523 524 527 535 544 547 548 549 561 562 563 564 567 568 569 570 571 573 585 591 593 594 595 598 614 617 618 620 621 622 624 626 627 637 640 641 644 646 650 657 658 660 665 667 668 670 673 675 677 679 680 685 686 687 690 691 692 695 696 697 699 701 705 708 716 725 726 727 728 729 730 731 733 736 737 738 742 748 752 754 755 756 763 764 771 780 781 793 802 810 811 814 817 818 819 821 822 824 829 840 841 852 856 861 862 865 867 869 870 882 886 893 899 903 905 906 910 917 923 937 939 940 941 942 947 949 952 955 956 958 959 960 962 963 965 972 975 976 978 981 985 986 991 998 999 1003 1006 1011 1012 1013 1017 1023 1032 1033 1036 1037 1038 1043 1044 1047 1049 1054 1057 1058 1061 1062 1067 1068 
337: 0 1 2 5 7 8 10 12 13 15 17 18 19 25 27 29 32 34 41 45 48 57 58 59 60 62 65 71 74 78 79 80 83 84 85 92 93 95 97 103 106 107 108 112 114 116 117 120 121 125 133 147 151 152 154 158 164 168 171 172 174 177 180 184 187 188 200 205 211 214 218 234 241 243 244 246 247 248 253 254 259 260 261 263 265 267 268 272 275 278 279 280 283 285 287 295 298 299 309 318 322 325 330 331 332 333 338 341 347 361 363 364 365 367 373 374 376 378 384 387 391 393 396 397 398 400 403 405 407 408 409 418 419 425 427 433 436 439 441 442 443 444 445 447 449 455 459 460 462 469 472 473 474 475 476 477 487 490 491 492 493 498 499 509 512 514 516 519 520 522 523 524 526 529 531 535 538 554 557 562 569 579 586 588 589 592 594 596 597 598 600 602 603 604 608 610 615 625 632 633 634 637 638 650 652 655 661 662 666 669 673 676 677 679 681 686 702 707 711 714 716 719 722 723 725 726 727 733 734 735 739 744 745 749 750 751 753 762 764 766 769 772 775 778 780 781 789 793 800 801 802 804 806 807 811 813 814 817 822 823 824 826 829 834 838 842 846 847 851 852 857 863 864 873 876 877 880 881 882 892 897 901 903 905 909 911 920 923 926 929 933 934 938 948 950 951 957 958 960 966 972 974 976 978 979 984 987 988 990 994 995 997 1002 1003 1008 1010 1015 1016 1017 1022 1029 1030 1031 1034 1038 1041 1042 1045 1052 1056 1058 1059 1062 1064 1069 1073 1075 
320: 2 3 4 7 9 12 13 14 15 16 17 22 25 26 27 28 30 32 34 35 38 45 46 47 48 49 51 54 56 58 61 62 64 65 68 71 78 79 83 85 86 87 89 96 100 109 112 114 115 121 125 134 137 138 140 146 151 160 165 170 172 174 181 182 183 192 193 195 203 206 217 222 224 229 230 238 239 240 241 242 244 247 251 254 263 267 268 269 271 275 278 279 280 288 292 293 296 298 299 300 304 313 315 317 319 321 328 335 338 339 341 346 350 354 359 360 364 366 371 380 384 385 386 388 398 410 418 427 430 432 434 436 440 449 453 458 461 467 471 475 482 490 499 503 507 508 512 513 514 519 520 521 524 525 526 527 534 535 536 537 538 539 542 547 549 551 558 559 562 567 569 573 575 583 588 589 591 593 600 604 620 623 627 629 633 634 635 638 645 646 647 653 655 656 659 661 662 667 669 673 678 682 684 687 688 691 698 701 705 706 707 709 712 717 723 724 726 728 732 733 736 741 744 748 754 759 760 761 762 768 776 777 779 786 788 789 794 799 805 807 808 809 813 814 815 817 818 832 834 836 853 863 866 872 887 890 893 894 899 900 902 905 908 911 916 918 922 924 931 932 933 935 936 937 944 946 947 949 950 953 955 961 964 965 966 967 968 969 978 981 982 983 986 989 991 992 1000 1001 1002 1003 1006 1010 1018 1019 1025 1027 1033 1035 1040 1041 1051 1056 1058 1060 1065 1068 1071 1072 1073 1074 
Days = 7
Shift constraints
2 6
2 5
1 6
0 7
1 6
3 4
true
true
Forbidden sequences = 2
3 1 
2 3 

