# Randomly generated data for the integrated task scheduling and personnel rostering problem, skilling=0,300 and tightness=0,899 seed=60480
Tasks = 1060
780 835 4
780 866 6
866 999 6
660 711 4
377 465 6
376 483 2
798 844 4
780 822 1
400 526 2
795 863 0
375 429 6
782 889 5
667 732 3
788 919 6
377 498 5
395 471 6
385 433 5
660 766 1
684 778 1
787 890 5
375 426 6
784 890 4
660 743 0
785 900 2
806 904 3
375 487 5
375 460 4
376 425 0
660 735 1
375 475 0
665 745 6
676 727 0
781 828 1
400 502 0
666 791 5
375 425 2
382 474 0
796 922 5
376 437 6
669 719 0
796 908 5
660 784 2
796 911 2
780 880 1
660 711 0
782 882 0
999 1085 6
780 852 0
377 451 4
790 881 1
736 809 0
780 876 4
885 1010 0
788 910 6
781 856 4
376 456 3
787 906 6
661 771 3
908 975 6
376 452 5
396 440 4
835 925 4
663 723 2
378 445 4
783 837 4
375 440 2
426 487 6
375 417 5
785 863 2
714 805 0
663 768 4
919 1055 5
489 566 2
435 514 6
780 840 4
664 756 3
660 787 1
781 884 3
378 428 6
665 738 4
662 787 2
780 816 0
375 494 2
381 454 0
717 743 5
666 741 3
770 862 1
810 907 0
379 450 4
375 476 5
923 969 5
375 481 3
781 842 6
668 748 6
380 443 6
668 771 1
820 914 0
697 773 5
780 835 0
748 843 6
375 417 3
662 752 1
738 792 4
577 669 2
661 704 4
461 525 5
376 436 2
822 889 1
378 440 4
530 625 5
436 537 2
757 852 3
538 629 2
840 905 4
661 707 2
665 762 3
443 498 6
626 675 5
382 428 1
378 430 6
697 776 6
782 915 3
665 767 6
446 543 4
885 1002 3
906 1008 3
915 1014 0
661 747 1
786 887 3
396 522 0
885 955 4
629 681 2
787 901 0
907 976 0
482 618 0
924 1017 6
660 707 5
436 472 5
1019 1069 6
662 707 1
957 1015 6
679 806 0
853 944 0
750 817 6
736 833 1
781 858 4
841 923 4
667 801 0
743 837 0
785 924 5
666 806 6
546 643 4
401 527 4
418 485 5
527 619 0
443 547 2
527 625 2
628 747 0
675 770 2
667 763 1
919 1031 2
665 768 4
784 847 4
748 804 3
380 468 0
429 509 1
375 453 1
801 894 0
662 737 2
749 842 0
662 737 6
825 922 6
460 525 1
738 806 6
503 606 6
888 945 3
790 881 1
429 502 6
376 501 1
826 927 6
944 991 0
807 947 0
377 458 5
461 570 4
709 774 5
377 441 0
458 536 5
973 1040 5
905 1026 4
376 462 5
660 761 4
848 932 6
792 888 3
381 471 0
761 791 2
709 787 1
763 807 1
838 896 0
375 468 0
776 862 5
784 895 0
381 483 2
379 432 5
931 1042 4
423 459 2
483 561 6
472 542 0
800 897 2
441 495 4
419 492 3
683 742 1
701 760 5
445 489 4
667 747 3
528 616 1
406 491 3
483 556 2
780 813 3
796 869 2
375 460 5
460 571 5
882 958 1
538 661 5
682 755 4
392 495 2
858 944 4
787 860 1
668 758 3
501 578 5
667 744 6
467 542 6
780 907 1
890 932 1
932 1009 5
666 727 3
493 577 3
780 883 1
376 488 2
780 881 4
663 722 5
805 907 3
456 547 3
790 871 0
883 991 1
780 838 3
679 715 5
764 867 3
882 970 1
704 778 4
874 931 3
475 573 5
375 463 1
866 913 4
1035 1116 2
930 1024 6
886 936 6
724 763 0
971 1081 1
1083 1151 1
955 1033 4
527 636 4
867 985 2
1024 1134 3
375 476 2
376 409 5
377 470 2
409 471 5
397 440 4
434 547 5
786 845 4
475 547 0
844 933 3
468 540 0
1016 1127 5
846 914 4
520 598 1
527 603 6
375 521 2
484 558 2
376 460 2
979 1068 0
763 859 0
835 902 0
858 926 3
727 815 2
934 1002 4
617 669 1
660 782 1
791 865 2
815 908 6
866 987 0
862 920 5
863 949 0
716 777 5
891 976 5
378 442 3
880 971 1
545 657 0
548 629 5
813 931 3
780 874 4
660 756 1
955 1076 4
785 848 3
629 733 5
782 858 1
914 1025 2
805 910 2
433 503 6
456 526 0
687 794 6
547 585 0
815 908 2
635 697 2
490 589 4
881 918 4
948 1059 0
927 981 4
547 658 2
375 468 3
636 702 0
1060 1146 0
990 1087 4
802 919 3
662 705 1
666 746 4
780 874 0
931 1014 3
786 892 1
453 543 4
528 608 0
872 935 2
754 870 3
707 794 2
606 677 6
738 779 2
665 766 5
612 686 6
794 912 4
915 1016 2
770 860 1
756 838 1
897 934 0
860 966 1
496 582 2
795 873 2
711 770 2
977 1066 6
998 1090 0
902 989 3
875 953 3
377 402 3
901 955 5
781 924 3
664 736 1
780 895 5
863 940 1
1015 1118 0
487 536 6
391 503 2
780 881 2
926 959 3
455 512 4
894 1008 4
1066 1148 6
672 771 4
907 947 1
834 899 1
558 614 6
501 626 1
898 941 0
925 1011 0
772 844 2
796 879 5
727 831 3
468 512 3
574 642 5
403 501 3
817 926 0
797 890 6
838 942 1
757 827 1
926 997 3
511 581 2
943 1011 1
903 986 0
941 1037 1
503 558 3
688 768 3
942 1073 0
743 804 5
928 969 0
912 979 6
385 447 6
1047 1148 4
850 910 4
431 512 0
692 841 1
440 491 6
384 514 6
1074 1157 0
1135 1235 3
900 982 1
784 846 1
662 746 1
874 924 4
526 638 0
712 796 4
983 1086 5
936 996 3
1016 1109 2
662 774 5
991 1031 0
993 1064 3
662 791 3
934 1004 3
1031 1118 0
1109 1159 0
1152 1236 1
741 811 1
774 910 6
828 916 1
554 623 6
521 580 2
992 1065 1
481 550 3
987 1106 0
754 835 1
476 556 2
932 984 1
924 1017 6
915 979 3
377 453 3
487 551 5
772 844 5
556 641 2
1079 1158 4
779 849 4
890 998 5
671 810 5
549 641 0
981 1050 6
771 860 3
646 733 0
960 1023 3
1018 1083 6
375 469 6
908 996 3
781 853 4
812 849 1
519 645 0
641 721 2
951 1062 3
491 534 6
996 1085 3
796 883 4
680 762 6
942 998 6
1089 1128 4
792 879 3
919 1014 6
768 896 6
709 836 0
388 415 2
1127 1231 5
582 716 3
513 576 3
472 550 5
665 747 0
676 784 6
829 905 5
935 989 0
561 619 6
469 548 2
918 958 1
536 625 6
917 1017 2
518 629 2
550 615 3
919 1035 4
772 827 1
845 883 5
504 580 6
884 962 1
770 843 6
478 513 5
1078 1156 3
459 524 3
1047 1090 5
668 728 5
984 1071 1
848 897 6
1072 1158 6
464 543 1
773 849 3
918 976 4
919 984 4
852 923 1
637 706 4
788 872 4
848 962 3
1020 1086 4
880 967 2
851 942 3
622 763 6
1008 1055 3
587 648 2
658 712 0
1000 1056 5
891 1023 3
660 762 2
913 1010 4
471 562 5
743 881 3
777 848 4
1069 1154 0
1028 1098 0
383 429 2
860 943 4
479 530 2
577 655 5
515 610 5
733 791 0
946 1043 4
469 544 0
1104 1238 5
425 513 2
889 956 5
615 728 6
1157 1236 3
788 876 1
1066 1176 3
544 660 1
833 973 1
687 796 6
1085 1166 6
923 1007 5
1096 1181 4
776 844 2
895 1009 5
935 1071 1
1017 1084 3
617 683 0
1055 1129 5
536 632 6
659 791 2
827 928 1
1129 1209 0
876 974 0
616 709 3
676 821 4
1149 1239 6
929 998 2
582 655 6
940 1041 2
852 917 4
390 456 4
489 560 5
387 520 0
657 743 2
472 548 6
975 1042 1
908 960 1
1040 1101 4
429 523 2
861 970 3
1075 1153 2
945 1054 3
1072 1146 1
864 967 1
1054 1094 3
580 636 5
995 1041 1
975 1020 0
512 614 4
1017 1125 0
780 844 5
994 1066 2
968 1038 3
768 834 4
752 839 5
1096 1170 3
763 836 6
1108 1155 4
952 1047 1
562 672 5
1024 1091 3
626 698 1
976 1043 6
570 621 4
834 948 1
752 823 2
543 618 0
624 708 4
1009 1099 5
825 925 4
473 550 2
1178 1232 3
674 739 5
1151 1199 4
1089 1175 5
549 651 2
721 833 0
1066 1119 2
516 585 2
699 796 1
1032 1146 2
1122 1165 0
1066 1139 1
576 644 5
610 667 0
712 785 2
666 738 3
1026 1143 4
952 1036 0
444 534 0
795 912 2
545 591 0
972 1062 2
708 824 1
831 928 5
1027 1097 6
620 735 0
622 717 4
1059 1158 3
848 966 4
656 734 5
930 1023 4
1038 1119 0
585 655 2
654 753 2
1119 1187 0
971 1048 1
560 641 3
826 884 1
984 1050 0
508 545 6
971 1022 3
1060 1148 5
379 474 6
548 632 3
959 1030 5
753 841 0
1027 1103 2
1054 1123 0
534 616 3
877 989 0
750 852 1
743 844 6
788 858 1
1070 1148 6
860 937 1
957 1062 1
710 784 3
554 660 4
873 1017 4
555 626 2
1051 1158 1
580 628 2
613 668 1
634 727 2
1022 1080 2
977 1061 4
450 508 4
548 630 6
1062 1149 1
883 950 1
849 929 5
757 799 5
655 767 2
639 773 5
1087 1156 6
1138 1223 0
992 1080 0
444 539 3
747 797 4
500 604 4
1176 1238 2
925 984 4
980 1057 3
663 731 6
742 841 5
587 638 2
632 701 6
959 1067 5
629 764 6
717 841 3
1033 1156 3
1122 1158 2
663 784 4
989 1052 0
1015 1125 3
1075 1157 1
669 810 6
1156 1237 6
541 669 3
766 887 2
1092 1154 3
615 680 5
722 801 2
974 1097 1
573 667 5
1187 1214 0
812 914 6
1090 1187 3
764 836 4
375 495 4
1082 1139 0
897 1043 6
953 1073 5
474 553 6
670 737 1
631 747 6
660 750 1
638 712 3
809 929 1
607 707 4
873 968 4
1080 1159 5
824 887 5
751 844 1
1143 1240 4
628 685 2
509 565 4
918 998 4
868 939 2
672 745 3
1121 1154 2
1156 1232 0
984 1092 4
1067 1136 4
909 974 6
962 1038 1
455 514 2
960 1052 1
799 915 4
694 835 0
529 557 2
984 1109 4
978 1048 6
764 837 6
1017 1067 4
1069 1145 2
859 965 1
807 844 5
1183 1233 5
1092 1175 3
1111 1238 4
967 1052 4
712 794 3
1139 1226 4
706 842 4
559 648 2
916 1050 6
971 1034 1
577 676 3
1104 1158 5
561 659 2
883 965 4
667 741 5
710 742 4
755 830 3
644 743 0
956 1089 1
701 740 6
746 836 3
1014 1158 4
685 733 2
973 1113 1
568 682 4
1118 1233 6
782 843 5
683 757 5
1146 1239 1
1084 1147 2
1143 1235 4
1015 1076 3
642 738 5
1093 1189 4
435 491 1
1016 1082 1
1010 1045 5
1047 1153 6
551 622 5
1186 1237 4
1091 1139 1
853 944 3
740 841 5
551 625 6
646 737 5
955 1063 3
1176 1237 3
1012 1112 4
470 588 6
744 842 5
711 782 4
800 844 6
1117 1231 4
1125 1239 3
1071 1151 5
1166 1239 6
967 1090 1
681 759 2
902 1019 6
698 791 5
744 837 0
1166 1237 0
458 524 4
961 1025 3
1062 1139 1
654 736 2
1162 1230 4
1043 1121 1
943 1053 5
627 770 6
888 981 2
1144 1175 1
838 883 1
1047 1156 6
1090 1180 1
1046 1150 4
902 990 0
1048 1114 5
749 836 4
985 1063 2
562 610 6
880 972 1
886 967 1
1020 1141 6
943 1004 1
1008 1057 1
846 923 1
788 922 2
758 870 6
1069 1146 2
1015 1110 6
494 574 2
1005 1095 6
793 873 5
390 466 1
667 773 2
626 728 2
1074 1146 4
795 843 3
685 773 4
837 910 4
1051 1157 1
1105 1157 2
549 653 4
604 702 0
1110 1158 6
972 1046 1
1039 1157 1
1006 1060 3
1186 1236 1
1158 1238 2
623 668 5
921 1040 4
784 844 2
717 795 4
1005 1116 6
1083 1157 1
916 1018 4
1038 1159 1
1058 1161 3
882 996 2
717 830 0
592 667 4
592 652 0
1069 1151 3
1074 1159 3
466 519 1
1065 1130 3
497 608 4
999 1085 4
639 738 2
738 841 1
676 761 3
668 767 5
740 844 6
800 893 5
1040 1101 3
997 1050 2
554 677 2
770 843 6
1034 1107 4
1100 1157 0
1107 1141 6
744 844 2
939 999 3
652 724 0
1087 1155 4
800 840 2
960 1057 2
740 832 5
1070 1158 5
611 735 4
772 830 2
1141 1187 6
1113 1160 4
1178 1231 1
1034 1106 5
767 844 5
874 938 6
1115 1197 5
733 845 2
990 1068 0
534 624 1
561 662 2
982 1064 1
1051 1116 2
1005 1070 3
1170 1232 2
653 725 4
1063 1156 6
749 841 5
1068 1139 0
968 1080 4
1189 1239 6
876 952 5
793 843 0
656 751 6
1139 1190 0
1059 1156 6
801 843 2
954 1035 5
1067 1154 1
787 838 4
924 983 1
888 958 5
746 840 0
1049 1150 4
760 844 2
686 777 0
1046 1142 3
736 797 4
1123 1237 1
1076 1179 1
1162 1229 4
1107 1159 3
724 824 4
1030 1124 4
1164 1239 3
965 1028 5
1053 1189 1
620 712 3
1189 1239 4
774 843 4
795 844 4
506 576 1
758 844 5
1072 1138 3
1142 1233 3
741 844 2
761 844 3
768 842 2
1155 1227 1
896 950 3
747 844 6
612 683 6
1020 1079 4
742 844 5
958 1045 2
677 758 2
933 1013 2
686 773 6
1059 1133 5
963 1044 6
777 839 6
1202 1236 4
1085 1155 4
1188 1229 3
1129 1157 5
629 765 1
656 773 3
574 651 2
729 839 4
1189 1239 1
973 1048 4
752 841 6
1052 1138 2
1180 1235 3
1068 1132 4
954 1072 3
1049 1144 5
713 791 3
1082 1153 4
1190 1239 0
652 733 2
1133 1208 5
1166 1233 2
798 844 1
918 993 5
983 1046 1
1036 1133 2
1053 1122 0
1187 1233 1
1083 1151 3
745 844 2
945 1046 1
787 844 4
583 709 1
1049 1158 1
1021 1139 0
1129 1221 0
718 834 1
840 949 3
714 843 3
955 1033 3
1157 1228 3
1047 1122 1
1150 1216 2
783 831 0
848 937 5
1181 1239 1
774 844 5
801 843 4
1139 1239 0
780 842 1
732 806 2
1049 1146 3
599 677 6
733 782 2
627 678 2
1108 1170 5
1047 1155 1
1122 1239 1
943 1015 5
1202 1239 5
810 843 2
1117 1158 2
686 804 6
727 831 2
972 1080 1
1022 1149 5
1072 1156 3
904 1043 1
1097 1159 1
1134 1232 4
1174 1233 5
775 838 3
957 1036 3
724 844 0
1054 1108 4
1057 1145 2
1118 1239 0
772 844 3
940 1053 5
714 822 2
1111 1142 2
1081 1157 1
643 761 6
784 844 3
782 844 2
1120 1206 4
770 839 6
1048 1147 6
1018 1153 5
1060 1145 1
761 842 2
Shifts = 4
0 0 0 0 0 0
375 0 0 470 0 0
660 0 0 500 0 0
780 0 0 460 0 0
Employees = 40
309: 4 6 14 16 22 23 28 43 55 57 59 63 68 73 76 81 85 86 100 104 105 109 111 112 117 118 119 126 127 129 137 140 146 148 151 152 153 155 163 165 168 169 173 174 175 176 184 185 188 191 196 202 220 221 235 239 242 245 248 249 253 254 256 257 260 263 264 275 282 284 287 290 291 293 295 305 308 310 312 316 322 323 325 328 329 330 334 336 341 345 348 350 351 354 355 358 360 362 364 369 374 379 380 382 383 386 388 389 391 392 393 399 401 402 409 411 416 419 421 422 423 428 433 434 436 437 442 444 447 449 451 452 465 467 468 469 471 476 477 478 480 481 482 486 488 489 491 493 494 497 501 505 507 515 517 520 526 528 531 533 538 540 545 546 553 555 558 559 560 564 565 567 568 570 572 576 577 580 581 585 586 587 588 593 603 604 605 608 609 616 617 618 620 631 637 638 648 650 658 659 669 672 674 676 677 679 685 686 687 688 691 696 706 710 711 717 720 722 723 724 727 728 737 738 739 742 744 750 753 756 758 762 763 766 781 788 790 791 794 795 796 801 802 803 810 816 817 823 824 829 831 833 834 837 848 855 862 864 871 873 874 876 881 883 886 891 897 898 900 901 902 908 919 921 932 933 936 937 939 940 948 951 953 956 957 959 962 967 969 970 973 975 976 979 980 981 983 994 1005 1008 1027 1028 1040 1042 1044 1045 1047 1051 1052 
317: 0 2 9 15 21 25 26 29 30 36 42 44 48 55 58 62 64 67 72 73 75 80 82 87 89 97 101 107 108 112 115 116 117 120 123 128 129 133 140 142 144 145 148 154 155 157 159 163 164 168 173 178 182 186 187 188 194 198 202 203 206 207 211 215 217 222 225 234 237 239 245 252 255 257 259 262 264 266 269 277 278 283 288 294 295 298 299 300 311 313 324 330 331 333 337 338 340 343 344 352 353 358 360 362 363 364 374 379 382 385 387 393 394 401 409 412 414 417 418 419 420 428 437 439 440 442 443 446 449 453 454 455 459 467 468 477 480 485 487 488 489 495 496 497 500 501 509 511 515 518 521 529 532 534 535 536 537 541 543 549 550 551 559 564 569 571 572 578 583 584 585 589 600 601 604 606 609 610 611 616 626 630 631 632 636 638 644 647 649 656 657 665 669 670 675 683 685 686 690 696 698 699 709 712 714 718 719 725 729 730 733 734 736 737 747 749 752 753 757 759 764 769 771 772 777 781 784 788 789 794 796 800 808 812 813 814 816 831 836 837 841 844 846 849 851 852 856 860 862 868 871 873 876 879 881 884 886 887 889 890 893 899 901 906 912 914 915 916 920 921 928 938 939 941 944 948 949 950 951 958 960 963 967 968 969 970 973 979 989 990 993 997 1001 1006 1008 1013 1014 1017 1019 1022 1025 1027 1035 1037 1038 1039 1040 1043 1044 1045 1046 1047 1049 1052 1053 1057 1058 
338: 1 4 7 12 18 24 25 30 32 35 41 47 49 51 57 62 64 67 68 72 75 85 90 91 92 96 97 112 113 115 118 121 126 128 130 131 133 137 138 139 141 145 147 151 153 155 162 164 168 169 170 171 177 185 186 188 190 193 194 202 207 210 213 214 216 227 228 229 231 233 236 237 243 244 245 253 257 259 270 272 276 279 284 292 293 295 298 303 306 309 311 313 315 316 319 322 333 336 338 340 342 345 347 349 356 358 361 367 378 388 390 391 398 403 413 422 426 428 434 436 438 439 442 445 446 450 452 453 454 457 459 469 471 472 475 478 481 485 491 492 494 499 503 505 506 507 508 510 513 515 516 518 519 525 527 529 533 542 548 550 551 556 566 567 568 569 572 574 575 578 579 580 583 587 595 597 599 605 606 610 611 612 620 623 625 626 628 633 635 640 646 647 651 652 656 659 661 662 672 678 679 680 681 684 685 686 689 693 695 696 702 709 715 717 721 722 724 729 739 741 742 745 747 748 751 754 755 765 773 775 778 781 783 785 787 790 796 798 799 801 804 817 818 822 825 830 831 832 835 836 840 851 857 860 863 865 867 871 876 878 879 883 884 885 887 891 893 894 897 898 899 901 903 906 907 910 911 915 916 917 920 922 927 928 929 930 931 933 934 936 938 939 940 943 944 949 952 953 959 960 964 967 972 973 975 976 985 989 991 992 993 994 997 999 1006 1009 1010 1012 1013 1014 1018 1021 1025 1026 1027 1034 1036 1037 1039 1040 1041 1042 1044 1048 1050 1051 1056 1059 
322: 0 1 2 7 8 9 10 12 13 14 21 23 25 27 28 30 31 32 33 37 40 42 46 48 49 51 53 54 61 65 66 68 76 82 91 99 100 106 108 109 110 111 117 120 132 133 150 154 155 158 163 164 167 187 188 191 194 195 196 203 207 208 209 217 218 221 223 226 231 235 236 240 248 250 258 266 267 268 269 273 274 280 286 290 291 295 296 299 305 313 316 321 327 333 338 341 346 356 357 360 362 364 365 366 368 369 373 376 377 385 386 387 394 396 402 405 408 411 414 418 419 423 426 428 429 430 431 436 447 449 452 455 456 459 463 465 466 470 472 477 478 482 485 488 494 495 497 503 508 510 513 515 516 521 523 525 530 532 535 537 538 539 542 545 546 547 548 553 557 562 564 566 567 571 577 578 579 581 582 583 584 594 596 599 601 602 603 604 605 617 623 625 633 640 641 645 648 651 652 654 655 658 662 666 668 670 672 676 678 679 683 686 693 694 695 697 701 704 706 708 713 714 715 717 720 723 726 730 732 736 740 743 760 761 762 763 766 773 776 777 780 785 791 792 793 800 802 804 806 810 814 824 827 832 836 839 843 844 846 847 848 857 870 871 873 877 880 883 884 888 891 892 895 896 897 906 909 912 923 927 928 930 931 932 933 936 939 946 951 953 954 956 958 961 962 969 971 972 974 975 977 988 996 1004 1009 1011 1019 1022 1023 1024 1028 1033 1038 1042 1043 1044 1045 1046 1047 1053 1055 1056 
293: 0 8 11 12 13 15 22 29 30 49 52 59 60 61 63 69 71 73 75 79 80 85 92 100 108 110 111 115 120 123 131 134 135 138 147 148 149 152 153 164 168 169 172 174 187 188 189 191 195 197 204 206 207 210 211 217 219 220 222 232 233 234 235 237 245 255 261 263 266 268 274 279 282 285 288 291 292 298 300 305 311 312 315 319 334 344 355 356 357 359 360 361 362 364 368 369 370 372 375 376 381 383 387 388 389 394 396 397 400 408 410 412 418 421 425 428 429 435 436 437 439 444 446 447 450 451 455 461 467 468 471 472 476 482 487 494 498 504 506 508 510 516 519 521 523 524 532 536 544 545 546 548 551 552 559 562 564 577 578 580 583 586 588 594 600 601 604 605 606 609 610 611 612 614 616 618 619 624 625 626 627 633 645 646 648 651 652 672 674 676 681 682 683 686 688 690 691 692 698 700 703 706 712 713 715 716 720 722 731 735 740 749 752 757 763 764 768 775 776 777 780 788 789 791 794 796 799 800 807 811 812 819 824 827 829 830 838 847 849 857 869 872 876 881 887 889 891 894 895 900 905 908 909 911 913 922 928 929 930 937 950 953 957 961 963 966 975 977 978 980 985 986 988 990 992 995 996 998 1003 1007 1008 1012 1013 1016 1017 1023 1027 1030 1032 1035 1038 1041 1042 
312: 2 4 5 11 12 14 16 21 23 25 27 28 31 33 44 46 47 53 55 56 60 64 67 69 71 76 79 81 85 86 87 88 90 96 98 99 105 112 116 121 122 123 131 132 138 146 147 148 153 155 156 158 160 164 169 170 173 180 186 191 195 199 202 205 208 216 224 226 231 235 251 254 255 257 261 264 265 267 268 271 272 277 279 283 285 289 293 303 309 311 312 314 319 320 322 325 329 331 332 334 335 336 338 342 345 346 351 353 354 360 367 369 370 386 387 389 392 395 396 398 399 400 401 411 417 419 422 426 434 438 441 449 451 452 455 458 461 464 467 477 479 484 485 486 489 490 492 493 494 496 497 498 500 502 505 513 515 523 525 526 533 534 536 537 540 541 543 546 549 550 552 557 561 566 569 572 577 578 581 584 591 593 600 602 604 609 618 623 625 626 638 644 647 649 652 654 658 660 661 662 663 664 665 668 669 671 676 677 685 689 692 694 695 700 706 713 717 722 723 732 737 743 746 749 752 754 755 758 765 767 768 770 771 774 781 783 790 794 802 803 804 811 815 821 827 834 839 853 854 857 863 868 869 871 874 875 878 880 883 886 888 889 891 893 901 905 908 912 917 920 922 923 924 925 927 933 941 943 945 948 949 951 955 956 959 960 970 979 980 981 986 989 995 998 999 1000 1004 1007 1013 1014 1018 1023 1026 1027 1034 1036 1038 1039 1040 1042 1044 1046 
328: 2 3 4 5 6 7 9 10 11 12 18 19 23 28 29 30 31 35 37 38 41 44 47 48 50 56 58 60 61 63 66 68 72 77 82 86 91 93 94 95 104 105 106 126 133 137 140 143 149 153 159 161 164 168 171 172 175 176 177 180 181 184 186 187 189 202 203 208 210 212 213 214 218 220 222 224 225 227 239 245 247 248 249 256 259 261 264 267 273 278 281 283 292 295 301 303 307 309 310 313 314 319 320 321 323 327 328 331 332 335 337 343 346 348 352 356 358 361 362 363 364 365 371 377 378 379 380 383 385 389 391 392 393 399 403 407 409 414 417 419 425 426 430 432 439 446 447 449 456 459 460 463 467 468 470 471 475 482 486 493 496 498 500 501 507 511 513 515 516 520 521 524 525 527 530 536 543 545 549 551 554 558 565 571 575 577 578 581 582 591 592 594 595 599 603 605 608 609 610 611 612 616 620 623 631 633 634 635 637 640 643 644 646 647 651 658 661 666 667 668 669 670 671 672 688 691 695 697 698 701 702 703 708 715 718 724 725 726 728 730 731 733 739 745 751 753 764 770 772 782 783 787 792 793 794 796 797 800 801 802 804 806 809 810 812 814 815 817 819 823 825 826 828 831 833 843 853 867 869 876 878 881 888 889 892 893 900 906 907 910 916 920 921 937 940 959 960 968 970 971 973 976 979 981 983 990 992 996 998 1000 1001 1004 1005 1008 1009 1014 1016 1017 1021 1026 1028 1032 1038 1041 1042 1046 1048 1059 
332: 1 2 19 21 23 33 47 50 55 59 62 71 72 73 75 77 78 80 86 88 93 97 98 104 106 107 108 111 112 113 115 116 119 120 125 126 129 132 135 139 142 143 144 149 152 155 158 161 164 165 170 174 178 179 182 192 200 203 207 214 216 219 222 224 231 232 234 238 241 242 247 248 250 253 256 260 264 266 267 268 273 277 278 279 283 284 287 294 297 301 305 308 320 322 323 325 334 337 343 344 346 352 353 355 356 358 361 362 363 368 370 377 380 381 382 386 387 389 392 394 395 398 399 401 403 407 408 411 421 422 429 431 434 436 442 443 445 446 449 450 452 455 456 457 459 467 471 473 474 476 478 490 494 495 498 501 504 505 508 509 518 519 528 538 539 544 545 549 551 554 555 556 564 567 571 573 574 577 582 585 588 589 597 598 602 603 604 606 607 614 618 624 625 633 635 643 644 645 646 650 652 653 654 656 658 661 664 667 673 674 675 676 678 682 683 684 689 690 692 693 701 704 717 720 721 723 724 727 729 730 732 734 735 736 741 743 744 748 751 757 760 765 766 772 774 775 779 783 792 796 806 808 811 817 819 820 822 824 825 827 828 830 831 832 833 835 843 845 847 852 853 856 857 868 871 872 873 874 877 880 884 888 893 894 901 902 903 904 905 906 908 909 910 914 919 927 928 930 932 936 938 948 955 957 958 959 961 965 970 971 979 980 981 982 987 995 999 1002 1004 1006 1012 1019 1021 1031 1037 1039 1040 1047 1050 1051 1054 1058 
332: 0 1 5 6 10 11 13 14 17 18 21 23 27 28 30 35 36 37 38 39 40 44 46 49 64 69 73 78 79 82 83 87 88 93 100 104 107 117 119 122 125 131 135 136 137 148 149 157 166 169 170 172 175 177 183 185 189 191 192 198 200 203 207 208 210 212 213 214 218 219 223 224 236 257 259 267 269 273 276 278 281 282 284 287 292 293 297 301 303 307 309 310 312 314 317 320 326 330 331 334 336 337 342 343 347 352 354 355 362 372 373 376 378 379 381 387 388 391 395 403 407 411 414 415 416 418 423 424 428 432 433 441 445 448 452 455 456 458 459 461 462 469 470 473 478 484 487 488 489 493 494 496 500 504 508 520 521 527 533 534 535 542 545 550 554 555 557 558 563 566 572 574 575 576 579 584 585 589 590 593 596 601 602 603 605 606 608 611 613 616 617 620 622 630 631 634 636 641 643 646 647 652 653 654 656 661 663 665 666 668 669 671 675 676 685 686 692 695 701 709 711 719 721 724 731 735 736 739 740 743 744 749 758 759 760 762 763 765 767 773 775 776 778 780 784 785 793 794 795 799 802 805 810 812 813 816 820 821 822 823 824 827 830 831 834 838 839 841 847 850 852 855 857 861 866 868 869 870 874 876 897 898 899 900 901 903 906 912 913 914 919 926 927 929 943 945 946 947 952 960 965 966 968 971 980 982 984 988 989 992 993 994 1001 1002 1004 1007 1015 1017 1021 1026 1032 1034 1036 1037 1041 1042 1043 1044 1045 1051 1054 1055 
315: 0 1 2 14 18 19 21 22 32 36 38 39 40 45 49 53 54 56 58 61 64 67 70 72 73 74 77 84 85 91 98 99 101 105 109 112 113 118 121 122 123 130 133 134 137 144 151 153 160 162 163 165 167 170 171 173 174 175 178 188 190 198 199 200 212 215 224 225 226 233 236 244 245 249 252 257 259 264 274 277 278 283 292 293 296 298 299 301 302 306 308 315 317 321 322 323 324 326 328 331 332 333 336 337 338 339 340 347 352 353 355 356 360 364 369 373 376 377 386 402 403 408 411 412 414 415 416 419 421 428 434 436 439 440 442 447 449 450 451 454 456 458 460 463 465 472 487 488 507 508 513 514 516 518 519 522 526 530 534 536 539 544 547 551 553 556 557 564 575 579 580 587 589 591 601 602 604 605 606 607 617 618 620 625 629 636 642 645 648 649 651 654 656 657 661 665 666 676 682 689 694 697 698 699 702 709 716 722 727 731 736 738 745 747 749 754 756 757 760 768 771 772 773 774 776 782 784 785 791 792 795 800 801 803 805 807 809 810 818 821 823 824 827 829 840 845 848 851 856 857 858 861 864 865 866 868 873 878 879 884 887 888 890 894 908 912 924 925 929 932 940 943 944 945 946 948 953 956 957 958 959 960 970 971 972 974 980 983 984 985 987 991 996 998 999 1002 1005 1007 1013 1018 1020 1021 1023 1024 1029 1031 1035 1036 1041 1042 1044 1045 1050 1057 1059 
314: 1 2 4 6 11 12 14 19 23 24 26 28 29 30 32 34 36 37 42 43 44 58 60 62 63 65 69 71 72 73 76 80 85 86 87 92 94 96 103 108 114 118 119 121 123 124 126 133 134 135 139 143 144 145 147 149 151 154 168 169 172 175 177 180 183 193 196 197 201 205 211 212 217 222 223 224 226 227 230 235 236 239 244 245 246 249 255 256 257 260 269 271 272 279 280 282 284 286 287 297 301 302 304 308 311 314 319 322 327 328 333 334 340 342 349 353 356 358 359 361 368 369 371 372 376 379 380 381 383 384 385 390 391 392 394 407 419 420 422 424 429 436 437 454 455 457 463 467 469 470 472 479 484 486 488 490 491 515 517 519 521 525 527 528 530 542 545 547 548 549 555 557 558 563 564 565 569 571 573 574 579 582 585 586 590 591 605 608 609 611 617 619 620 627 636 644 646 648 649 653 654 658 661 664 670 672 673 674 678 681 686 693 704 705 709 710 711 713 715 717 720 721 733 737 743 748 750 752 755 758 762 766 769 770 771 781 783 785 787 789 791 794 801 823 824 827 836 838 842 844 845 846 849 853 856 865 868 874 877 880 886 889 890 893 895 899 904 905 908 911 912 915 916 917 920 922 926 927 937 942 945 947 949 950 951 952 955 959 960 961 962 965 969 975 977 984 990 992 994 1000 1002 1013 1017 1021 1022 1027 1033 1034 1036 1038 1039 1042 1053 1056 
320: 3 5 11 13 16 17 18 20 24 28 30 31 33 35 41 42 45 49 51 58 64 65 69 70 71 78 80 84 86 87 94 97 99 101 106 108 109 116 119 121 122 124 125 132 133 141 147 148 153 155 158 163 165 167 175 181 186 196 198 199 203 204 206 207 210 212 213 218 221 233 236 238 240 241 251 256 260 261 262 263 268 270 271 276 287 289 291 301 304 312 315 317 318 320 322 326 327 331 336 339 343 344 351 355 358 369 370 371 388 391 397 398 401 402 405 407 410 411 412 413 422 428 429 433 436 439 440 450 451 456 457 458 460 463 471 473 476 483 485 486 490 493 496 498 499 501 505 510 511 515 516 521 523 525 531 534 536 537 538 544 550 552 562 563 569 573 575 583 592 594 598 600 606 607 609 610 616 617 619 622 623 625 628 630 632 635 640 650 661 662 668 672 673 674 677 679 683 689 696 702 706 707 712 719 720 724 725 729 731 738 742 745 746 747 749 750 752 754 756 759 760 761 763 765 767 768 771 778 779 782 783 785 793 794 795 798 800 804 808 810 811 815 816 817 822 823 824 827 828 833 834 837 840 843 848 849 850 851 856 859 861 863 867 869 871 877 878 881 882 883 884 886 892 893 896 897 902 915 916 917 918 919 926 927 929 930 935 936 939 942 945 946 947 957 958 963 965 966 969 971 978 985 986 996 1011 1012 1015 1023 1028 1031 1045 1049 1050 1052 1053 1054 1055 1056 1057 1059 
308: 4 6 7 14 18 20 21 23 27 32 39 42 45 46 49 51 52 53 54 63 71 72 75 78 82 89 90 91 92 95 96 97 99 103 108 116 120 121 125 128 129 137 138 140 141 145 149 152 153 155 173 174 176 177 178 181 188 191 192 197 201 203 206 208 212 215 219 221 222 224 229 233 234 235 243 244 245 246 247 256 257 262 271 272 278 279 281 282 284 285 287 290 291 299 304 305 307 314 316 317 320 321 329 331 332 337 338 340 341 348 349 350 353 360 361 366 368 372 373 380 383 384 387 391 393 397 398 400 402 404 409 413 417 424 425 427 431 434 445 448 453 456 457 458 463 472 479 484 486 487 498 499 500 501 502 503 506 517 520 523 525 526 528 529 531 532 533 536 537 538 539 545 550 552 553 556 562 567 571 572 574 581 587 590 599 601 602 604 608 610 612 614 618 621 623 635 643 647 648 661 663 665 666 673 678 683 689 691 699 701 703 709 710 711 712 716 720 722 729 733 735 736 738 744 746 754 763 764 765 768 769 770 774 778 781 782 783 784 786 793 799 803 804 805 812 813 819 820 822 825 838 841 845 847 854 855 861 863 868 870 875 877 882 885 893 894 898 902 910 912 914 918 919 920 924 932 936 941 950 952 957 959 963 969 970 972 975 981 982 990 998 1000 1001 1003 1010 1018 1019 1021 1023 1025 1026 1029 1030 1038 1041 1042 1043 1052 
330: 1 3 4 5 7 8 9 11 15 19 20 30 40 43 50 55 58 59 60 68 73 84 90 92 93 94 95 98 104 108 115 116 117 118 119 123 130 131 137 138 141 142 145 156 161 166 167 169 177 178 179 181 182 183 184 187 188 191 193 194 195 201 204 206 208 218 219 220 221 229 233 234 236 238 241 246 248 252 256 257 261 265 269 274 277 278 279 282 289 292 294 297 300 308 312 313 316 319 322 326 327 332 337 338 341 346 347 348 353 355 365 368 371 377 383 386 389 392 393 395 396 397 400 403 405 408 409 412 416 427 429 431 432 433 434 439 442 443 444 446 447 453 454 456 459 462 463 468 471 472 475 479 480 483 488 491 492 493 498 502 503 507 508 516 517 526 527 529 530 534 538 541 548 556 558 562 577 581 583 592 596 598 599 604 606 607 608 611 614 617 620 626 627 628 630 635 636 637 640 641 647 652 654 658 659 660 667 671 674 676 678 681 684 686 688 689 690 691 692 696 699 705 710 714 718 722 734 738 740 741 742 743 745 747 748 749 752 755 757 758 764 768 774 775 780 789 794 803 805 810 811 812 816 818 819 820 823 825 826 828 829 830 832 834 835 837 843 846 852 857 860 862 864 866 869 870 873 874 884 887 888 889 895 897 898 905 911 915 918 919 920 921 923 924 926 927 929 935 941 948 951 952 953 956 958 961 963 965 968 969 972 977 980 985 986 992 996 998 1003 1007 1015 1017 1019 1020 1031 1032 1035 1040 1042 1057 
311: 11 12 13 14 15 16 18 20 24 29 31 32 38 46 59 60 61 72 73 74 76 78 81 82 83 86 88 95 102 106 109 110 112 113 114 116 117 122 124 126 129 131 132 135 139 147 153 154 155 158 160 167 169 177 179 180 186 188 189 191 192 200 201 205 210 212 215 217 225 226 227 234 240 242 243 246 248 253 256 257 259 261 266 267 274 279 287 295 297 298 299 300 308 314 316 322 325 332 333 337 341 342 344 346 347 349 353 354 360 361 367 369 370 371 375 377 384 385 394 396 403 406 410 415 416 419 424 427 438 442 449 451 452 453 455 456 458 460 465 470 471 480 483 495 496 499 500 501 510 521 529 530 531 536 539 543 548 553 558 560 568 571 575 577 584 590 592 593 594 601 608 611 613 614 621 628 630 631 632 633 634 636 640 641 644 651 652 660 663 664 665 669 671 672 673 675 676 686 690 691 692 696 704 707 711 712 716 717 718 719 721 722 727 728 731 734 736 739 743 744 746 748 753 755 756 759 779 780 782 788 789 792 795 797 798 802 807 808 809 810 814 816 821 822 825 830 838 847 853 854 856 857 858 859 863 864 870 872 874 876 880 882 884 888 892 896 898 903 905 906 921 925 930 931 932 933 937 938 939 940 947 949 950 952 955 965 969 970 973 974 975 976 982 983 985 986 989 999 1000 1003 1007 1011 1014 1019 1032 1035 1038 1041 1042 1044 1053 
334: 5 6 16 17 18 22 23 25 27 28 31 33 34 37 40 42 44 46 47 48 49 51 57 60 65 69 71 73 75 79 81 83 86 90 92 93 96 102 107 110 113 119 121 123 124 130 133 134 135 140 146 153 156 162 163 168 169 172 183 185 191 193 194 195 198 203 204 211 220 223 227 228 232 233 234 235 237 238 246 247 255 268 270 282 286 287 293 297 301 303 306 308 309 312 316 321 322 327 328 330 339 344 346 348 351 352 353 354 356 358 359 367 368 372 378 379 381 383 390 397 400 402 404 405 406 410 411 416 421 424 425 426 427 430 432 436 442 444 445 449 451 452 458 459 462 464 465 466 467 469 473 483 487 488 491 494 495 496 497 499 501 505 506 512 517 521 522 523 524 525 527 531 535 538 539 540 543 544 545 549 554 556 558 560 561 562 569 580 591 597 605 606 611 612 613 617 618 623 624 626 630 634 645 647 651 653 655 656 662 668 671 672 674 677 684 687 689 691 692 696 697 700 704 708 709 710 712 717 718 723 724 728 732 735 741 746 747 750 751 756 758 759 764 770 771 776 780 785 787 788 792 796 797 798 803 806 807 809 812 817 818 822 828 836 837 838 839 840 841 842 843 852 854 861 863 866 868 871 875 879 880 888 890 892 895 896 901 903 906 909 910 911 912 913 916 921 923 931 933 937 941 944 947 952 963 970 971 972 973 976 978 979 982 986 990 992 993 994 995 1002 1006 1010 1014 1016 1020 1023 1029 1030 1033 1038 1042 1045 1054 1056 
313: 0 3 4 9 10 13 14 23 27 34 36 37 39 43 45 47 48 60 61 62 63 65 66 69 72 73 75 76 84 86 87 88 90 92 93 94 95 97 101 102 103 106 109 110 113 116 117 121 122 125 132 133 134 142 150 152 160 164 167 179 181 186 188 190 195 196 197 202 204 206 210 213 216 221 223 226 229 231 233 249 250 251 258 266 269 271 276 280 282 285 286 302 304 306 308 312 319 322 324 326 328 335 338 340 341 344 349 350 352 354 358 364 368 372 374 379 380 383 384 386 391 397 398 400 407 408 410 415 419 420 430 436 438 439 442 444 450 452 453 455 460 463 465 470 478 481 482 487 489 492 493 495 500 503 508 510 511 514 515 516 517 521 522 524 531 532 536 541 547 559 572 573 575 576 581 583 584 585 586 587 589 592 594 597 600 603 615 618 619 620 622 625 626 629 642 643 645 646 647 648 653 660 664 671 678 687 690 691 696 697 702 704 706 709 718 721 722 729 730 732 736 742 747 749 750 754 755 756 763 767 770 774 775 779 780 788 794 795 798 806 807 818 824 826 833 835 837 839 848 849 850 853 855 856 857 859 861 866 867 873 875 878 881 882 883 886 888 889 892 893 894 896 906 909 911 916 931 932 933 934 935 938 943 949 951 956 958 961 968 974 976 977 978 988 996 1007 1013 1014 1015 1016 1018 1019 1020 1021 1022 1026 1028 1035 1036 1041 1044 1049 1059 
328: 0 9 15 19 21 24 27 28 33 38 46 50 51 54 56 58 61 63 64 68 69 75 76 78 80 82 85 87 91 93 94 105 107 108 112 113 116 119 120 126 138 139 140 142 144 150 152 155 158 159 160 164 170 172 174 182 183 184 186 196 197 198 200 203 207 212 213 214 215 216 218 234 236 237 238 241 242 245 248 250 265 267 270 271 272 277 281 282 285 291 293 294 295 296 302 314 318 320 326 327 328 329 332 337 338 339 344 346 348 349 355 356 357 358 363 366 369 370 372 373 374 378 383 394 402 408 410 413 414 415 418 423 425 427 428 433 434 436 437 440 448 457 462 467 470 472 473 477 479 483 487 488 490 495 500 502 505 509 511 513 515 517 526 527 528 532 534 535 536 537 539 546 551 553 560 561 569 573 574 578 579 580 586 594 599 600 605 608 610 611 617 624 628 629 630 631 632 640 641 645 649 651 656 658 663 671 673 675 678 681 683 684 687 693 696 699 700 704 705 706 711 717 719 722 723 729 739 744 752 754 756 759 763 766 767 773 774 775 781 785 788 793 796 798 804 808 811 812 813 815 822 823 825 826 827 840 846 847 853 855 856 863 864 865 869 872 874 880 881 883 884 885 888 895 896 903 904 905 906 907 909 911 921 922 923 931 932 933 936 937 940 945 947 948 950 956 957 958 963 965 966 970 976 982 989 992 993 994 995 999 1004 1008 1010 1012 1017 1018 1022 1025 1028 1030 1035 1036 1037 1040 1042 1046 1053 1058 
304: 2 4 6 8 10 12 15 18 19 20 21 30 33 37 38 44 49 50 51 53 56 66 68 69 74 75 76 79 80 82 93 97 99 100 103 104 108 118 120 123 124 132 135 143 145 146 150 151 155 156 159 164 165 168 172 176 179 182 185 192 199 205 208 209 213 217 219 221 226 229 231 234 238 239 240 244 246 251 253 255 256 265 269 274 278 284 285 288 297 303 305 308 309 310 311 315 317 322 323 324 325 326 334 338 341 346 348 351 352 357 358 363 364 370 372 379 389 391 397 398 399 406 411 413 414 432 435 439 444 446 449 450 451 455 456 464 467 469 470 475 482 495 497 498 499 500 503 509 510 512 513 518 521 524 529 538 541 543 544 555 557 561 563 567 569 570 573 574 576 577 579 581 586 588 592 595 597 602 604 616 618 624 629 631 641 645 648 649 650 652 653 656 661 663 669 670 672 683 688 691 693 695 697 698 700 701 702 705 708 717 726 727 731 738 739 740 742 743 750 755 757 758 759 760 764 765 768 771 778 779 784 795 796 799 800 802 809 815 818 827 828 830 838 840 844 848 850 852 855 860 864 869 870 871 873 876 879 880 883 894 895 896 897 906 909 919 922 925 927 931 934 940 944 946 947 952 953 955 961 965 966 973 975 977 978 979 982 991 992 993 994 997 1000 1003 1004 1018 1019 1020 1032 1036 1040 1043 1048 1057 
321: 8 11 14 20 23 26 27 29 32 34 40 43 45 46 48 49 51 54 58 71 79 87 91 101 104 106 113 117 118 122 128 131 136 160 161 164 167 173 180 183 187 188 189 190 194 199 201 202 203 205 208 213 217 222 231 234 235 237 243 250 251 252 253 257 259 264 266 270 279 281 282 283 284 291 293 296 298 304 305 307 308 311 316 323 330 332 335 336 346 350 357 362 365 370 373 374 375 379 387 391 392 396 399 401 402 409 410 411 415 416 421 425 431 434 436 438 440 443 444 448 449 450 452 453 454 456 460 461 462 463 468 469 480 482 485 489 493 494 499 500 510 512 514 517 522 524 530 532 534 537 538 540 542 544 545 547 548 550 552 553 555 556 564 565 566 570 572 577 585 586 588 589 592 595 596 598 599 600 604 608 610 616 617 618 621 623 625 636 638 642 648 649 650 659 661 665 666 671 672 681 685 686 699 701 704 706 713 715 720 723 725 727 731 733 739 743 747 749 750 754 757 759 760 761 762 765 769 775 778 780 786 787 789 790 793 794 795 800 802 806 808 810 812 821 824 826 828 830 832 834 835 836 853 855 856 859 865 870 871 873 874 876 878 881 882 885 889 892 893 894 899 903 907 914 918 919 920 926 931 934 939 947 948 953 954 955 956 957 961 962 963 965 974 980 981 984 985 989 991 998 999 1000 1003 1011 1017 1018 1021 1022 1026 1027 1030 1033 1038 1041 1045 1049 1050 1052 1053 1058 1059 
311: 6 10 12 15 18 24 28 33 34 42 47 49 51 52 53 62 64 67 69 72 77 80 83 84 90 93 94 95 100 101 103 108 110 113 116 117 118 122 123 130 133 135 137 140 144 148 151 153 154 157 161 163 169 171 172 186 191 194 201 203 204 206 207 208 211 212 215 216 218 220 228 231 233 234 235 239 240 246 248 253 258 259 261 263 264 267 268 275 277 278 280 283 291 292 296 298 301 303 304 305 315 317 320 323 327 330 333 336 337 338 339 341 343 349 350 359 369 370 375 379 381 382 386 388 392 394 397 398 403 405 407 409 412 416 417 419 427 430 436 438 440 441 443 445 447 451 453 456 457 464 466 469 470 473 478 479 480 481 485 486 489 491 492 494 499 505 507 512 516 518 520 521 530 533 537 543 545 553 554 556 558 562 563 573 581 582 586 587 589 590 591 597 607 608 612 616 632 633 635 637 640 654 655 656 657 664 665 668 669 672 674 675 680 688 689 697 700 705 710 722 724 726 727 734 743 752 755 756 769 775 776 778 795 800 801 804 813 816 817 818 819 822 824 827 828 831 832 837 838 840 841 844 847 850 851 856 857 858 866 869 870 877 881 888 890 891 892 893 897 910 915 916 921 923 924 925 934 935 941 951 953 955 960 963 965 968 971 979 980 985 988 991 992 994 995 997 1000 1001 1006 1008 1010 1013 1014 1019 1025 1035 1043 1046 1049 1057 1059 
310: 0 5 8 10 17 20 22 27 30 38 43 46 47 48 50 51 52 55 58 62 63 71 72 73 76 78 85 86 89 99 102 103 111 114 119 125 127 137 138 139 140 145 146 150 151 155 158 165 168 171 184 186 187 189 197 202 210 212 218 230 237 239 240 243 247 252 254 257 258 268 269 272 274 276 278 280 284 287 297 298 300 304 307 309 312 314 317 323 324 334 340 343 348 349 350 351 353 355 360 361 362 370 372 373 374 377 378 379 384 387 390 395 400 402 403 407 413 414 418 419 420 421 424 433 435 436 440 442 445 450 454 457 459 463 478 482 489 491 493 495 497 498 502 505 508 516 517 518 522 524 527 529 531 535 537 538 545 553 556 558 559 561 563 564 568 569 573 576 579 582 585 587 591 592 596 597 598 601 609 612 615 617 619 621 622 626 628 629 632 633 634 637 638 640 643 644 647 649 650 653 655 656 659 660 661 662 664 666 674 678 679 680 682 683 684 686 688 691 693 695 698 700 704 712 716 724 727 729 730 735 737 739 742 743 747 750 751 753 755 756 757 758 761 765 776 783 784 786 801 802 804 805 809 819 824 827 834 838 843 853 854 860 867 869 870 872 873 874 875 877 878 885 891 894 895 904 921 924 926 928 935 945 952 954 965 973 974 975 981 983 984 988 990 999 1001 1003 1006 1012 1021 1022 1024 1029 1032 1033 1037 1040 1045 1046 1049 1050 
313: 1 5 8 9 17 22 25 27 32 33 34 38 47 48 52 53 54 56 62 71 74 75 80 82 85 92 93 94 95 99 100 106 107 108 118 121 123 125 129 131 136 137 140 147 152 153 155 158 164 165 168 172 176 178 181 184 185 191 193 195 197 199 201 203 207 210 214 215 221 237 241 243 246 250 251 254 255 258 262 268 276 278 281 285 286 287 292 293 300 304 306 307 314 320 322 324 325 328 330 331 335 344 353 355 356 357 359 366 367 368 369 370 373 376 379 380 383 386 390 391 396 397 403 406 407 410 417 418 419 422 423 426 429 434 443 446 447 449 450 462 464 471 472 473 478 482 483 484 487 499 506 507 514 516 517 518 519 520 522 526 527 541 542 544 550 553 554 559 560 564 566 573 576 582 584 587 591 596 602 603 604 606 607 608 609 612 616 623 624 625 630 635 653 654 657 658 659 661 662 663 664 671 672 673 675 678 679 683 686 691 692 697 698 700 703 705 712 714 719 724 735 736 737 740 741 752 753 754 757 758 760 761 762 763 764 772 777 784 785 795 807 808 809 814 817 818 822 824 828 839 840 843 845 846 848 856 860 863 866 867 868 869 877 880 884 887 889 890 891 905 910 911 917 927 928 931 938 940 943 945 947 951 954 958 960 963 971 972 973 976 978 980 981 994 1001 1006 1008 1010 1015 1016 1017 1020 1022 1027 1029 1037 1039 1043 1045 1054 1055 1057 1059 
335: 2 6 7 11 12 13 15 17 18 19 21 23 41 47 50 51 52 53 59 62 64 65 68 69 71 72 73 76 77 79 85 89 92 93 94 99 102 104 105 106 107 108 115 118 122 124 126 129 130 132 135 138 141 142 150 152 154 160 164 165 166 171 172 179 180 183 186 190 191 192 193 194 195 202 203 204 205 207 209 215 216 226 227 231 232 235 241 243 244 245 246 247 249 257 259 264 267 272 275 276 280 282 283 284 286 287 293 294 297 304 306 318 319 324 336 341 342 343 347 355 359 364 365 369 377 379 380 382 384 388 393 395 398 404 407 408 412 414 429 433 434 436 439 447 449 452 456 457 459 463 465 467 470 471 475 476 482 483 484 485 488 490 503 506 514 517 518 520 521 523 526 527 529 531 535 536 538 541 542 548 552 554 560 561 567 568 570 571 573 574 578 579 582 583 586 589 591 598 599 600 605 606 609 610 613 614 617 618 620 623 625 629 634 636 643 644 649 650 651 653 655 656 660 663 667 668 670 671 672 673 677 678 684 685 689 690 693 694 702 704 715 719 721 722 725 727 729 733 734 736 737 738 741 744 745 748 749 750 752 756 757 761 773 776 781 788 789 804 809 810 815 821 825 833 834 840 842 849 851 854 856 857 864 870 871 880 884 885 887 890 894 897 906 909 911 912 913 914 921 924 925 939 942 946 950 953 967 968 971 972 974 975 978 981 988 993 998 1001 1007 1009 1014 1019 1020 1023 1026 1030 1032 1035 1036 1038 1039 1043 1044 1046 1048 
327: 0 11 12 14 15 18 26 39 40 44 45 46 47 51 54 68 70 76 79 81 84 91 96 102 103 105 107 108 109 110 111 113 126 127 128 135 142 144 146 147 148 149 150 154 155 157 158 159 161 162 163 170 175 179 188 189 190 192 196 197 198 202 205 208 209 210 213 214 215 224 225 228 232 245 253 254 256 258 261 264 265 267 272 275 277 280 281 284 291 292 306 308 314 317 319 321 323 327 328 331 334 336 338 340 343 350 357 361 362 363 364 365 376 377 379 382 388 390 391 394 397 401 404 408 409 410 413 414 417 423 424 425 428 431 432 433 435 436 437 440 443 446 448 454 457 459 462 472 476 480 483 485 486 499 503 511 514 516 517 520 521 529 531 532 534 536 541 545 546 552 553 554 558 565 569 571 572 574 577 578 581 584 587 594 596 598 599 603 605 607 609 610 612 613 614 620 623 624 632 640 647 651 652 653 657 660 662 663 669 670 671 673 677 681 696 703 704 705 709 710 712 718 719 723 728 730 733 735 739 745 746 747 751 753 754 755 756 759 760 764 766 769 771 777 778 782 787 788 791 792 795 797 806 807 811 818 826 831 839 841 842 843 844 846 850 851 855 856 862 864 869 870 877 878 883 889 891 894 899 902 906 907 914 917 919 920 921 922 927 932 935 939 942 944 950 962 963 965 966 969 970 971 972 975 977 979 984 986 988 989 990 991 992 999 1000 1010 1020 1023 1028 1030 1034 1035 1039 1040 1043 1056 1059 
320: 5 7 8 9 11 12 14 15 20 25 31 36 37 42 46 48 50 53 54 65 66 75 80 81 82 84 85 86 90 93 94 96 99 102 112 113 116 117 118 124 132 138 139 140 143 145 148 150 157 166 175 176 179 182 185 189 190 191 202 203 204 207 210 212 216 217 219 223 224 226 227 241 242 244 246 248 249 260 261 268 269 271 274 277 281 284 289 293 294 296 298 299 301 302 303 314 316 317 322 329 338 343 344 346 347 348 352 353 359 362 365 366 370 372 378 379 380 383 385 390 396 399 402 405 415 421 424 425 430 431 432 437 438 444 449 450 454 460 464 471 472 474 481 486 497 498 501 513 514 515 517 518 519 522 526 528 535 537 540 541 546 548 550 557 558 560 565 568 570 572 575 579 583 589 595 598 599 601 604 606 607 614 615 617 618 629 632 634 636 641 644 645 651 652 653 659 664 667 668 669 673 676 677 679 683 686 690 695 697 702 703 704 707 709 710 713 716 717 718 732 734 737 740 741 745 746 749 751 756 764 769 770 774 775 778 780 781 782 783 784 788 796 797 800 803 804 806 807 812 813 820 821 828 830 834 845 849 850 853 859 864 866 867 876 879 881 887 894 896 898 901 907 909 912 916 918 924 926 936 945 947 949 950 951 952 961 963 965 966 968 973 975 978 980 982 989 994 995 1002 1003 1004 1006 1008 1009 1017 1018 1019 1023 1024 1027 1035 1036 1039 1040 1042 1043 1044 1051 1054 1057 
331: 1 2 5 7 14 15 19 20 22 23 27 33 34 36 38 46 49 53 54 56 58 60 61 68 75 77 80 81 82 83 86 88 89 90 91 93 95 97 103 111 113 116 118 119 125 130 134 137 142 153 156 163 165 173 174 177 183 184 186 194 195 197 198 199 200 201 202 203 204 210 217 226 229 231 233 234 235 236 238 242 247 248 253 255 260 263 266 268 272 274 275 279 286 288 292 294 295 297 298 299 302 304 313 314 316 320 323 334 335 353 355 356 359 360 368 369 374 376 377 379 380 382 383 386 387 390 392 394 397 398 400 403 405 410 412 414 415 417 419 428 430 433 436 443 447 448 449 450 453 454 458 460 462 463 464 467 471 472 473 481 484 491 494 495 497 515 517 519 521 522 523 538 543 544 545 547 548 549 553 556 558 559 561 562 565 566 569 570 572 577 582 585 591 597 606 616 620 622 623 625 628 631 634 636 637 639 656 660 663 665 669 674 676 680 682 683 684 685 686 687 688 691 693 695 697 701 703 710 714 722 725 726 734 737 740 741 742 744 746 753 755 757 759 762 764 765 768 773 777 779 780 782 785 787 791 792 797 799 807 810 818 819 829 831 832 834 835 838 840 841 846 848 850 853 854 859 862 876 882 885 896 898 902 903 905 908 910 913 923 926 927 934 936 944 946 960 961 962 966 967 968 969 971 972 973 974 976 977 978 981 984 988 990 994 1004 1012 1019 1021 1026 1029 1030 1033 1035 1036 1037 1043 1045 1047 1048 1051 1054 
319: 0 2 6 9 11 13 20 22 25 29 33 34 38 42 43 45 46 54 56 58 63 66 69 71 74 78 83 84 86 91 93 96 97 104 107 109 111 119 121 125 131 138 139 142 146 149 154 155 158 159 160 162 164 171 172 175 180 183 185 186 188 189 190 193 194 199 200 203 204 206 211 212 219 220 231 234 240 241 247 250 262 270 271 273 275 281 282 283 284 286 289 290 291 292 294 296 297 302 312 313 314 318 320 323 325 331 333 341 342 345 347 357 361 362 365 372 376 379 381 391 392 396 397 399 401 408 410 418 419 420 422 423 424 427 429 430 431 435 440 444 445 446 458 460 462 468 470 471 472 474 478 489 492 500 505 509 513 515 516 517 520 529 530 536 537 540 543 544 547 556 557 560 568 570 572 574 576 579 580 582 583 584 586 587 595 597 599 608 615 621 623 625 630 632 636 638 642 649 651 652 656 667 668 669 671 675 676 678 679 684 689 690 692 693 694 702 707 716 722 728 733 738 741 745 747 749 750 753 755 756 759 761 764 772 773 796 810 813 814 815 818 819 823 824 827 828 829 831 832 833 834 837 839 845 851 852 854 857 858 862 864 865 871 872 874 877 878 886 887 892 894 895 903 905 907 908 909 910 911 914 916 921 924 929 934 937 942 945 950 953 957 960 969 970 971 973 974 979 988 989 990 993 997 999 1004 1006 1013 1017 1018 1021 1024 1025 1030 1047 1050 1051 1052 1054 1055 
314: 7 9 10 11 12 13 19 33 38 39 40 41 43 46 48 60 62 64 66 67 69 73 75 79 84 95 103 110 113 126 127 128 132 134 136 142 143 145 156 157 159 162 167 173 179 184 189 190 197 199 202 203 209 210 214 215 219 221 227 231 238 240 241 242 244 247 251 255 256 257 261 262 265 279 283 284 287 292 300 302 312 319 320 321 323 327 328 330 332 334 336 339 346 347 358 361 363 365 368 369 370 374 388 392 393 395 397 399 400 403 408 409 410 420 423 426 430 433 435 445 452 456 467 473 477 481 485 487 488 489 490 491 493 495 498 500 502 504 508 511 513 519 523 524 525 528 529 530 531 533 542 545 550 553 555 559 563 565 566 567 572 579 582 591 595 605 606 607 611 615 617 619 626 627 631 632 636 639 640 642 644 647 649 650 652 655 656 659 660 661 662 663 666 667 670 673 676 684 688 689 691 701 704 705 712 714 715 716 719 728 729 731 736 738 739 740 743 746 752 753 754 756 759 760 761 768 777 779 782 784 792 793 794 797 800 803 806 812 813 824 828 830 832 833 834 835 836 844 845 858 863 869 874 876 878 879 880 883 897 901 902 914 915 922 923 927 928 929 931 932 938 939 941 944 945 946 949 952 954 958 959 960 964 965 969 980 981 982 983 992 993 998 1004 1009 1012 1015 1016 1018 1019 1021 1027 1030 1031 1032 1034 1039 1040 1042 1044 1045 1048 1049 1050 1057 
298: 3 4 6 10 13 24 26 34 35 38 40 41 48 49 56 60 63 64 67 71 77 80 85 87 90 98 100 106 109 111 112 115 119 120 126 128 136 137 149 153 155 156 159 161 164 178 181 182 184 194 211 215 219 220 228 232 242 246 247 250 251 254 255 257 263 269 279 282 283 285 286 288 298 301 304 305 313 315 319 325 327 331 334 343 353 354 355 362 363 366 372 374 375 384 385 387 389 390 391 392 396 398 405 408 412 415 425 427 428 430 436 437 445 447 448 449 451 452 459 460 461 462 466 470 471 490 498 500 510 513 514 516 518 521 522 523 525 526 532 533 534 540 542 550 551 555 556 557 563 566 567 568 570 572 581 591 593 596 601 603 604 605 607 611 613 614 616 617 619 625 629 635 645 647 655 657 658 660 663 665 668 669 672 676 680 687 694 698 705 706 713 717 720 722 723 727 730 733 735 740 742 745 747 753 768 772 774 778 779 787 788 792 796 797 799 803 804 805 806 820 821 823 826 828 832 833 835 838 839 845 846 847 856 857 858 859 862 863 871 872 874 877 878 879 884 886 887 897 903 906 912 914 916 917 919 922 923 925 929 930 932 935 940 945 946 948 949 954 955 956 966 967 969 972 983 987 989 990 1001 1002 1003 1005 1010 1013 1017 1021 1025 1027 1030 1031 1037 1040 1043 1044 1049 1054 1056 1058 
315: 8 12 14 22 26 29 31 48 49 51 52 56 57 59 62 63 69 73 77 84 85 87 89 93 97 99 107 108 109 113 114 117 118 119 121 126 133 138 139 142 145 154 156 158 159 164 168 173 174 177 186 188 192 195 196 204 205 206 208 214 218 219 223 229 230 232 237 238 240 244 253 256 258 263 267 268 270 276 278 281 290 300 302 304 309 313 314 315 319 324 325 326 331 335 345 346 347 348 350 351 357 358 359 360 368 371 373 375 380 382 386 392 396 398 400 402 403 410 412 415 421 422 426 429 433 434 435 438 439 440 441 442 446 447 448 454 463 466 470 471 475 479 481 482 485 486 487 489 493 495 498 502 511 516 519 523 530 533 535 537 538 539 548 552 555 557 565 568 569 570 571 572 573 580 581 582 583 587 588 591 593 605 606 608 617 621 623 624 631 634 636 639 647 651 654 659 662 663 666 667 669 673 675 676 678 679 680 686 690 694 700 705 708 709 710 715 716 719 729 730 731 732 734 736 739 748 755 756 760 761 762 763 764 765 766 780 787 800 804 806 810 811 812 815 817 819 820 822 823 826 827 828 830 832 836 840 841 843 851 853 854 857 863 871 874 875 876 877 880 881 883 893 895 897 904 908 910 915 922 927 930 931 932 935 944 945 949 951 953 954 961 968 971 975 988 994 996 997 1000 1002 1003 1006 1007 1010 1011 1015 1017 1018 1023 1037 1039 1040 1048 1054 1057 
314: 2 3 6 8 16 17 18 24 28 31 32 38 45 46 48 54 58 60 62 67 68 72 73 74 77 78 79 80 81 90 91 98 102 105 106 109 112 118 129 130 131 132 137 141 149 151 152 153 154 155 157 159 161 164 165 168 169 171 174 181 182 183 186 188 189 191 193 194 196 200 209 210 215 216 226 227 228 234 245 250 252 253 254 260 261 267 269 273 274 280 284 285 287 288 290 291 294 303 305 313 316 317 321 322 323 332 335 346 347 350 360 362 366 367 368 369 371 375 385 387 392 394 402 424 429 431 432 435 441 444 446 454 455 460 462 464 467 468 470 471 473 476 478 479 484 486 487 489 491 495 496 498 502 508 509 516 519 520 524 526 536 539 540 542 543 546 555 557 558 559 565 567 574 575 593 594 595 596 597 599 602 606 607 610 612 613 616 618 621 626 630 633 639 643 644 645 652 659 661 667 670 677 679 681 683 687 690 694 699 700 701 710 712 713 717 718 722 727 730 734 736 743 745 749 755 760 763 764 766 769 770 778 784 787 788 790 791 793 794 795 803 804 809 822 823 828 835 840 841 846 850 852 855 857 859 862 865 867 868 872 877 879 881 882 886 891 895 896 897 905 909 910 922 926 928 931 936 940 941 943 945 946 948 954 956 958 960 970 972 973 987 988 989 992 996 999 1000 1001 1007 1012 1014 1015 1017 1019 1025 1030 1033 1035 1038 1042 1047 1053 1054 1055 
290: 2 7 9 18 21 22 23 24 25 27 29 30 33 38 45 48 50 51 57 63 64 65 66 68 70 74 82 87 92 94 98 99 107 109 110 111 114 115 120 123 129 131 135 138 141 144 146 152 153 155 156 159 166 167 169 170 171 174 176 178 182 191 201 204 205 208 209 210 211 238 245 246 248 252 253 258 264 270 276 278 281 287 288 296 298 299 304 307 312 314 316 317 318 322 324 326 327 329 330 331 333 335 340 346 347 349 353 360 361 363 369 370 376 377 378 379 387 389 395 406 408 411 415 417 420 427 434 437 440 445 446 449 450 457 458 459 468 472 473 474 479 483 490 491 494 498 500 501 506 510 518 519 523 525 526 534 560 561 565 568 570 572 575 579 587 591 594 600 601 602 605 606 608 612 613 616 618 623 624 630 632 634 647 650 651 663 668 680 684 688 698 699 701 704 709 710 712 714 715 720 722 723 727 730 731 742 744 746 748 749 765 768 771 773 774 775 777 778 780 785 798 801 804 805 806 816 819 822 827 835 837 844 852 858 859 863 865 866 873 878 887 889 890 892 893 897 899 902 903 905 906 912 918 921 922 926 930 933 954 955 956 972 974 976 981 983 985 990 992 993 998 1001 1004 1006 1010 1017 1022 1024 1027 1028 1030 1034 1039 1040 1046 1047 1051 1055 1057 1058 
339: 2 3 24 27 36 39 40 48 49 50 58 59 67 73 76 77 78 85 86 90 91 97 98 104 106 108 110 113 114 115 116 119 120 121 124 125 129 131 134 136 139 140 143 145 146 150 153 157 161 171 176 177 178 179 182 184 186 188 190 192 194 196 197 199 202 207 213 214 218 221 229 239 242 243 244 246 247 251 252 257 262 264 276 277 284 285 286 288 290 291 292 293 297 298 304 306 308 311 313 314 319 320 322 327 328 329 330 337 338 347 348 349 354 359 366 371 372 380 385 393 404 414 416 420 423 425 426 427 430 438 439 440 442 444 447 448 449 450 451 454 460 466 468 470 475 477 488 490 491 492 494 495 497 499 501 502 506 507 510 512 520 521 525 526 532 535 536 538 542 544 548 550 557 561 564 566 567 568 572 574 580 590 594 595 599 605 607 609 613 621 622 623 625 626 629 630 634 635 636 637 639 640 643 651 652 653 657 661 675 676 679 681 684 685 687 691 696 698 699 700 706 709 713 715 718 720 727 728 729 733 735 737 743 744 750 751 752 753 755 762 764 765 767 773 774 777 778 784 786 789 790 791 792 797 811 813 816 817 819 820 828 831 836 837 842 844 846 850 851 854 855 856 863 866 868 869 871 873 877 881 883 888 892 893 894 895 903 908 909 913 925 927 936 938 940 941 945 947 948 949 950 952 953 963 964 972 973 974 980 982 983 984 985 990 992 995 998 1000 1007 1009 1011 1012 1016 1018 1019 1025 1028 1030 1031 1036 1038 1039 1044 1049 1050 1051 1055 1057 1058 
332: 0 4 5 6 7 8 16 19 27 28 29 34 35 36 37 39 41 42 47 49 54 57 60 61 62 65 68 72 74 76 78 80 83 85 88 91 93 96 99 104 108 114 119 121 122 124 125 126 130 132 136 139 142 143 144 148 155 161 171 173 176 180 181 183 184 185 193 195 203 204 205 206 207 211 213 219 221 224 227 228 230 233 236 239 240 241 246 248 249 255 258 261 264 265 266 268 278 280 281 283 284 291 294 298 300 304 307 309 310 317 326 327 331 333 334 338 343 345 347 355 356 364 366 376 385 387 389 390 391 393 395 396 401 412 414 416 417 418 421 425 430 431 432 434 438 442 443 444 445 446 448 451 453 460 463 464 471 474 476 477 478 484 487 488 494 496 497 498 500 502 513 523 526 531 532 534 537 539 543 548 549 557 559 567 569 577 578 583 586 593 594 597 600 602 606 611 617 618 619 620 625 626 628 634 635 636 639 643 644 647 651 652 653 660 663 666 667 668 670 671 674 676 680 681 682 687 689 691 695 702 704 705 707 717 726 727 730 731 732 735 741 742 743 745 749 752 754 756 757 772 773 776 791 796 798 801 803 805 807 808 810 811 812 814 815 829 833 835 836 837 838 844 845 849 854 855 857 859 864 869 870 872 876 879 887 895 897 898 899 900 901 902 910 911 917 920 922 926 927 930 932 935 936 939 940 945 947 954 956 959 961 965 968 970 975 976 990 993 994 1006 1008 1022 1026 1028 1029 1041 1045 1052 1053 1054 1056 1057 
304: 4 9 11 12 15 20 25 29 32 42 44 45 48 53 61 63 66 67 68 69 73 75 76 79 84 87 90 94 101 104 107 109 121 123 128 129 132 135 143 144 146 147 148 149 155 156 162 168 175 178 179 183 185 192 199 202 210 211 212 233 234 237 238 248 249 250 256 257 259 260 261 264 265 268 270 272 273 275 287 288 293 295 296 297 301 307 319 320 323 325 333 339 341 344 348 350 352 359 360 370 379 380 381 382 383 384 385 391 395 396 400 406 407 413 422 423 424 431 434 441 442 444 447 451 452 455 457 462 464 465 467 470 474 481 485 487 493 496 505 511 513 517 519 528 531 532 536 537 538 544 546 549 550 551 553 567 578 580 581 584 591 596 598 599 602 603 607 608 610 613 622 626 636 642 647 651 652 653 655 659 661 662 667 675 676 677 681 682 684 687 688 690 692 694 695 697 698 699 704 708 710 713 714 718 731 732 735 740 743 745 746 747 750 756 757 761 762 766 768 769 771 772 773 777 778 779 783 784 785 787 788 791 792 794 796 800 801 802 807 809 823 826 835 842 844 850 852 856 857 859 860 868 871 872 873 874 875 877 886 887 890 898 905 913 915 918 927 928 931 936 937 939 945 948 952 953 959 961 968 971 972 980 981 984 986 991 993 995 1006 1012 1017 1018 1019 1021 1024 1029 1036 1037 1038 1041 1042 1045 1050 1056 
317: 0 4 5 9 15 19 20 23 24 25 27 29 31 42 46 48 54 57 61 63 66 67 70 76 81 96 97 100 102 105 110 115 117 119 120 121 124 126 134 136 141 146 147 148 153 159 160 165 166 170 175 178 179 182 186 191 194 195 197 200 211 212 217 221 222 223 226 232 235 240 244 245 246 247 251 254 255 260 263 265 268 271 279 281 282 285 286 288 295 297 299 304 307 310 312 313 323 325 326 327 339 344 345 347 352 353 355 358 360 361 362 363 366 369 380 392 398 409 410 411 416 417 418 427 428 429 434 435 439 451 457 470 472 478 482 484 485 486 487 488 490 491 493 495 498 502 506 509 511 512 514 521 522 537 538 545 546 547 550 553 555 559 564 568 575 584 587 592 594 595 600 602 603 605 611 618 632 638 639 642 645 646 648 649 652 653 658 659 662 663 669 670 673 679 684 686 687 689 691 692 693 694 695 697 699 700 710 715 717 722 730 732 733 734 735 737 738 740 742 745 746 747 755 759 762 765 769 771 772 774 779 782 784 794 798 802 810 811 818 819 822 823 825 828 840 841 842 843 853 854 855 858 861 874 877 886 890 891 894 899 904 912 914 916 917 918 919 921 922 924 925 930 933 935 936 940 945 946 947 948 955 957 959 962 963 965 968 970 973 974 978 981 984 986 988 989 991 1000 1003 1011 1015 1016 1018 1022 1023 1031 1034 1036 1039 1040 1041 1043 1048 1049 1051 1055 1058 
309: 0 3 9 15 17 19 24 27 28 32 37 41 42 45 53 54 55 56 68 69 71 73 74 83 84 85 86 87 90 98 99 100 102 103 108 111 117 121 122 125 130 131 133 134 136 141 142 144 145 150 156 160 166 167 172 177 178 180 184 188 192 199 200 203 205 210 218 225 230 231 240 244 245 246 249 251 252 253 262 265 266 267 272 280 287 293 294 297 299 300 303 307 309 315 322 337 338 339 343 347 348 352 353 355 356 361 364 366 367 368 373 384 386 389 398 402 403 406 407 408 412 418 420 421 424 430 436 438 444 452 453 455 457 460 461 462 468 472 473 474 475 478 481 491 492 493 494 495 498 501 504 508 511 514 517 520 521 522 527 528 530 531 533 534 540 552 554 555 558 560 565 567 575 576 577 581 582 583 586 591 594 596 600 602 604 606 609 613 616 617 619 623 629 630 631 633 634 638 643 645 647 649 650 654 665 669 675 679 680 683 689 691 693 694 700 704 706 709 712 719 721 724 727 730 733 737 738 740 743 746 747 751 753 757 758 762 763 767 770 775 778 783 789 791 807 810 816 817 824 825 827 829 832 833 839 841 850 851 853 868 871 874 879 881 882 896 897 899 900 902 903 905 908 911 912 914 917 918 926 930 935 942 944 945 947 948 954 960 963 966 968 971 974 986 988 990 1002 1011 1012 1014 1016 1023 1029 1034 1037 1041 1045 1047 1059 
331: 0 2 8 9 19 23 28 30 37 38 45 46 47 50 51 52 58 61 62 65 66 69 73 74 79 83 86 88 90 92 95 97 98 99 100 108 109 116 117 119 120 122 126 127 128 134 136 139 140 142 147 151 155 157 159 166 172 174 180 182 183 187 188 194 195 197 201 204 209 212 214 215 226 244 247 248 249 251 261 262 264 267 270 273 279 280 282 285 286 288 296 299 300 301 305 308 311 318 321 328 330 332 337 340 342 356 363 365 368 372 373 375 380 385 388 389 390 391 392 393 394 395 397 398 399 403 404 405 407 412 414 415 419 420 424 426 432 433 436 439 440 446 447 450 451 453 457 458 459 464 467 470 475 476 477 478 480 481 482 483 484 487 488 490 491 496 499 500 504 509 510 512 514 515 517 525 532 536 545 547 548 552 559 563 569 572 573 575 580 582 588 592 594 601 602 603 609 614 626 629 632 633 639 641 644 645 646 651 661 662 663 665 672 675 678 682 685 686 688 689 701 704 715 717 718 720 723 729 734 736 737 738 739 740 741 750 752 754 756 757 761 762 763 767 769 771 772 779 780 782 785 791 793 795 796 798 806 807 808 821 824 828 832 834 835 836 838 840 844 849 859 860 863 866 869 873 876 882 884 887 889 891 892 895 899 904 912 919 924 925 927 929 932 934 935 939 941 946 947 948 951 961 965 966 972 973 975 976 980 992 993 997 1000 1002 1003 1012 1017 1021 1024 1026 1028 1029 1033 1034 1035 1037 1049 1051 1056 1057 1058 
310: 6 9 12 14 15 16 18 21 25 31 41 43 45 47 50 51 53 68 69 70 71 72 74 75 77 79 80 81 89 92 96 109 116 122 123 124 126 127 131 133 140 141 143 146 147 158 159 161 162 167 168 169 170 174 179 182 187 189 199 204 209 214 217 233 237 238 244 247 255 257 258 264 266 269 270 274 281 282 285 288 292 298 301 302 309 312 314 326 327 328 330 332 334 335 337 339 346 349 351 352 353 356 357 363 365 369 372 374 379 382 383 388 391 402 410 411 415 416 418 424 431 432 433 434 435 436 438 439 447 453 455 456 470 479 483 494 500 506 512 515 517 521 525 526 532 538 539 542 544 545 547 553 554 562 563 564 565 569 571 573 581 582 583 585 592 596 601 606 609 610 613 614 615 619 621 622 628 630 631 633 634 636 638 642 648 649 650 656 659 661 665 668 669 672 673 675 683 688 689 691 694 696 697 699 702 706 716 718 727 732 733 737 738 742 752 753 756 758 760 767 768 770 776 777 778 780 781 783 793 797 798 809 811 812 814 819 823 824 829 833 834 837 838 848 849 856 857 860 862 863 866 878 881 882 885 892 894 898 901 902 904 908 909 910 911 912 914 918 921 926 927 928 931 933 947 950 952 956 958 960 964 969 973 974 986 988 990 991 997 1003 1006 1009 1010 1011 1015 1019 1025 1026 1031 1032 1033 1036 1037 1038 1043 1044 1051 1053 1054 1059 
Days = 7
Shift constraints
2 6
2 5
1 6
0 7
1 6
3 4
true
true
Forbidden sequences = 2
3 1 
2 3 

