# Randomly generated data for the integrated task scheduling and personnel rostering problem, skilling=0,300 and tightness=0,900 seed=68040
Tasks = 1081
574 667 6
731 817 4
570 621 2
730 841 2
727 794 0
720 769 6
420 475 6
722 825 6
420 532 1
477 543 6
570 664 0
748 810 2
420 494 4
433 530 3
723 813 5
723 820 3
420 500 1
738 776 0
423 479 1
572 608 0
831 878 3
732 860 2
582 659 5
724 817 0
722 775 1
570 656 1
848 925 2
577 644 2
579 647 5
573 602 1
720 812 6
724 792 4
720 821 4
420 498 1
570 643 0
724 820 3
420 521 3
726 819 6
420 446 4
422 487 4
570 619 6
883 975 3
424 488 0
860 894 2
435 486 2
570 612 3
602 692 1
421 509 5
576 663 3
720 847 2
720 826 5
526 565 3
657 741 1
421 537 5
420 486 1
570 633 0
420 476 5
502 553 1
615 684 3
420 517 5
587 639 3
448 547 3
574 632 1
720 808 2
763 866 1
984 1073 3
1082 1177 3
822 885 4
572 653 6
570 635 5
848 985 2
725 842 2
519 609 5
653 738 6
421 524 5
722 818 6
733 789 2
570 624 0
577 655 2
734 827 3
665 746 0
420 468 3
721 814 1
487 590 4
581 685 5
723 822 6
420 524 5
570 656 0
422 463 2
570 647 4
639 725 3
446 555 3
746 875 2
575 684 4
747 875 0
815 861 1
570 674 4
424 507 3
814 907 5
433 492 6
732 857 5
580 725 2
509 606 1
426 495 4
794 917 2
725 781 4
420 518 4
726 812 6
570 624 2
865 937 1
824 892 6
722 796 2
495 612 0
647 778 0
726 817 6
728 785 4
446 530 3
798 923 4
426 503 4
732 786 3
422 455 1
656 728 0
430 485 2
651 732 5
750 830 6
742 791 5
425 521 0
819 869 6
823 893 6
896 957 2
625 671 0
420 515 3
728 800 0
665 719 2
420 490 1
575 720 6
579 707 0
428 555 1
720 837 3
421 508 3
939 1022 1
838 933 3
570 618 2
619 706 2
572 638 3
828 880 2
581 663 4
707 794 2
427 559 2
526 609 5
570 617 6
800 872 0
544 639 3
724 822 4
420 503 0
428 461 4
573 643 5
571 687 3
573 619 3
720 804 5
421 455 6
624 697 0
720 808 6
570 597 2
468 553 3
720 790 6
830 909 6
792 825 5
664 752 4
422 528 5
420 517 4
721 792 2
436 559 5
570 647 2
808 900 6
635 689 5
734 786 0
570 661 6
860 911 5
570 637 6
899 984 2
902 981 6
1027 1075 1
818 876 0
575 692 2
721 818 3
694 748 3
561 615 2
720 805 2
429 505 4
583 660 1
805 911 3
645 702 2
421 466 6
464 574 2
490 566 1
573 701 3
786 860 4
582 660 0
871 966 1
430 553 1
721 843 3
820 930 3
900 991 6
759 843 4
420 501 1
735 839 2
942 1049 4
792 933 4
871 955 6
803 927 2
617 687 6
603 714 1
690 774 4
830 924 5
595 663 0
615 687 0
724 818 0
640 721 3
844 936 2
574 647 4
862 952 4
538 605 3
633 706 0
600 672 2
934 983 4
570 609 3
720 820 5
687 781 0
876 952 0
972 1027 2
710 794 0
729 846 6
936 1013 3
532 647 1
560 677 1
612 668 5
615 744 5
576 721 2
525 642 0
433 496 1
457 566 6
528 633 5
572 644 5
505 572 4
420 472 4
795 897 0
962 1038 2
502 552 1
491 561 1
519 592 4
726 820 0
572 685 0
556 614 1
576 657 5
676 770 4
769 883 6
648 764 2
840 884 6
633 703 1
517 608 3
751 840 3
645 729 5
824 932 6
426 526 5
715 772 0
611 745 3
812 933 6
889 1000 6
467 525 6
497 558 6
572 706 0
609 645 1
721 785 2
572 627 4
908 979 5
825 892 6
977 1019 1
826 948 4
678 776 1
420 501 5
527 592 5
745 846 6
986 1066 4
539 646 5
558 624 6
703 795 1
622 731 6
800 899 0
735 815 2
665 755 3
570 609 6
638 739 6
842 942 3
633 719 5
699 793 3
933 1040 6
721 796 5
832 929 3
570 636 0
648 744 1
625 739 6
885 994 0
924 1048 3
589 663 3
688 733 0
883 953 6
821 869 4
526 651 5
899 1019 0
689 747 5
950 1056 4
661 700 5
574 645 2
920 975 5
571 652 3
724 819 2
829 933 5
625 679 2
647 762 5
696 781 1
855 894 6
526 582 4
724 799 4
543 633 6
778 854 1
635 731 6
930 1011 2
476 546 5
991 1087 6
420 493 6
1077 1150 1
959 1091 4
732 832 3
819 915 2
574 619 0
493 561 6
856 899 1
657 716 5
763 878 1
420 461 2
662 740 5
651 730 2
426 498 5
687 819 6
561 677 1
487 556 2
651 741 5
708 841 0
1079 1153 2
506 541 4
511 587 3
724 776 1
456 598 1
754 847 5
694 800 2
420 506 4
425 496 1
462 516 2
570 633 0
494 566 4
588 680 4
739 813 6
627 678 4
728 845 0
1070 1142 3
1000 1068 6
558 625 2
643 684 0
927 1010 5
751 862 2
425 469 6
914 1018 6
575 653 5
834 927 3
627 697 0
502 616 5
881 960 2
467 564 6
798 879 3
1087 1200 6
616 693 5
425 480 6
558 613 1
578 626 3
597 671 4
917 1040 2
724 823 5
504 633 5
721 784 6
678 778 4
572 679 0
899 1026 6
491 592 6
633 727 0
623 677 3
588 678 3
726 801 2
941 1028 6
761 871 5
820 906 6
744 804 1
660 735 1
653 711 0
1074 1195 6
821 875 5
1043 1118 2
708 776 0
784 842 1
665 738 3
572 671 5
897 995 6
477 569 4
945 1017 5
694 841 5
456 531 5
677 753 1
703 773 3
564 644 6
804 899 1
754 896 1
427 536 0
480 594 6
561 634 6
610 737 6
421 481 5
609 652 3
515 616 3
929 996 3
982 1039 6
838 895 2
896 1000 6
810 870 2
665 767 3
734 868 5
503 601 0
771 901 2
724 756 1
810 886 2
614 677 1
610 740 3
650 731 3
777 879 4
743 789 0
741 804 3
683 762 0
810 852 2
698 754 5
844 931 5
946 1013 2
953 1011 6
569 659 3
844 927 4
765 832 5
788 864 3
758 894 1
506 562 1
999 1138 6
934 1018 5
670 763 5
846 919 0
878 978 0
744 842 5
824 952 3
570 695 6
1027 1089 2
982 1063 5
542 653 4
1014 1070 3
508 567 4
506 548 4
680 791 1
943 1019 3
921 1014 0
734 857 3
801 897 5
616 714 3
426 487 4
570 689 4
599 674 5
887 979 2
756 824 1
626 754 3
510 592 2
741 809 3
572 692 4
931 1015 4
687 763 5
765 828 5
903 977 2
978 1029 0
616 690 5
701 786 4
574 621 5
858 921 3
722 814 1
674 746 5
781 848 4
766 886 5
812 888 3
1041 1148 6
961 987 3
446 524 4
825 901 1
776 873 4
869 948 5
962 1000 5
562 650 0
700 804 0
790 909 6
567 647 4
867 916 6
747 805 5
785 879 0
732 871 6
1063 1150 4
703 758 4
792 855 2
787 851 0
912 958 1
786 863 0
554 621 3
660 719 4
619 702 4
843 898 5
900 938 5
885 948 4
567 642 1
727 832 0
959 1015 5
572 650 1
744 847 6
609 660 0
671 768 6
872 923 6
875 945 3
877 946 5
844 923 1
1001 1130 3
657 741 1
832 943 0
770 893 3
796 825 1
723 794 4
617 699 6
689 783 4
766 865 0
1031 1103 0
721 812 2
641 751 2
979 1055 2
902 1018 2
894 927 3
1028 1130 6
952 1019 0
943 1016 5
693 769 5
993 1126 3
805 943 5
518 598 2
660 791 3
661 799 1
880 941 1
806 911 1
654 723 5
716 783 3
848 940 4
439 549 0
751 859 5
524 581 4
752 864 2
758 847 3
923 1019 6
828 893 2
1015 1117 1
628 765 5
432 498 6
488 622 0
644 757 6
420 476 5
1131 1199 6
906 1019 6
859 938 5
794 864 0
787 856 0
697 813 6
815 912 2
583 724 4
814 897 3
621 691 1
857 933 2
627 703 2
499 540 6
627 692 0
569 663 4
793 894 3
605 663 1
926 1018 2
554 642 1
773 836 3
1072 1198 3
780 922 0
501 603 1
987 1073 2
854 954 0
1056 1149 2
947 1030 5
674 775 0
1067 1137 4
703 761 0
585 703 4
551 671 3
899 967 2
622 674 3
968 1016 2
884 930 0
603 649 1
1133 1198 3
612 726 6
957 1019 5
551 637 0
483 542 5
789 893 0
787 814 4
604 660 6
585 729 4
732 829 6
647 736 1
1016 1141 5
570 640 4
666 726 6
630 682 2
871 959 4
826 863 1
424 515 2
652 761 1
851 954 3
646 685 4
800 940 6
622 675 2
649 739 1
1145 1183 3
901 1011 2
1097 1137 4
997 1067 5
824 887 5
1029 1071 6
915 1014 1
704 769 4
782 914 1
797 898 3
731 804 2
682 757 3
1121 1198 2
788 896 2
809 889 2
962 1057 0
949 1058 4
887 937 5
755 818 3
734 784 4
633 699 5
731 833 0
732 835 3
960 1008 4
867 946 0
674 737 3
757 829 3
846 962 0
692 789 2
1148 1198 3
698 747 4
910 948 6
830 923 0
1109 1197 0
671 735 0
929 973 6
1008 1092 4
813 906 4
511 616 5
789 894 2
515 627 2
707 771 0
965 1011 6
644 689 0
765 882 5
929 1014 2
725 814 4
885 978 3
664 737 4
771 893 0
928 1012 3
1040 1145 6
880 931 0
836 937 3
805 871 1
1150 1197 2
695 797 1
805 907 5
648 757 4
948 1012 6
775 823 0
947 1014 0
759 832 6
662 729 0
738 834 6
783 842 1
820 891 3
690 770 5
864 952 1
1063 1113 4
833 897 6
634 739 6
737 786 1
1040 1092 2
1011 1128 6
742 800 0
1070 1151 5
941 1019 4
531 643 6
930 988 1
747 875 4
624 714 2
874 957 4
964 1032 0
711 799 0
476 597 5
876 973 4
433 504 0
1158 1194 6
849 974 3
546 612 5
703 755 4
805 849 0
580 660 0
670 783 5
822 927 6
977 1061 6
1085 1195 5
677 767 3
788 899 1
704 822 5
756 818 6
943 1019 0
879 1017 0
739 822 1
943 1019 5
645 747 6
979 1017 2
772 883 1
567 662 1
602 715 2
973 1036 4
1074 1189 6
827 936 0
880 958 4
857 944 0
747 868 1
775 896 4
729 837 6
798 878 1
758 898 4
1129 1199 6
675 754 2
885 1017 5
945 1015 0
739 864 0
656 745 3
1139 1194 4
757 822 2
870 973 2
922 1045 1
720 773 3
957 1012 0
842 914 6
929 1013 0
940 993 3
963 1019 4
723 804 5
423 466 1
995 1090 0
800 879 5
1004 1071 2
739 852 6
818 884 4
830 927 2
612 693 5
909 1002 5
808 874 5
665 783 4
675 773 4
1075 1153 2
1015 1082 3
468 588 1
1153 1197 2
752 846 4
1000 1050 1
917 1001 2
846 948 1
906 972 1
823 905 0
958 1056 6
920 1014 6
814 955 6
754 898 4
681 781 2
1076 1194 1
928 1005 2
476 559 4
1098 1194 3
837 899 5
511 567 0
708 809 3
493 552 4
720 769 2
1160 1196 4
715 754 6
895 994 0
677 725 2
1059 1157 6
783 825 4
1015 1136 0
1000 1091 6
501 590 1
933 983 3
628 664 2
849 899 6
792 896 4
820 890 6
1122 1170 1
737 812 3
799 920 2
822 899 1
783 900 4
857 957 2
825 948 4
1030 1121 5
852 898 6
1093 1198 6
870 938 1
841 947 6
592 686 1
900 1019 4
962 1015 0
703 810 5
752 886 2
890 970 3
680 728 0
738 819 0
986 1048 2
760 867 4
1150 1198 1
547 650 5
948 1019 6
602 690 5
961 1082 1
664 759 3
893 956 0
810 843 0
825 899 4
864 895 0
974 1015 1
955 1019 6
687 790 1
757 833 4
1037 1133 2
934 1013 0
938 1016 3
763 841 3
770 816 6
896 962 2
873 985 4
932 1014 3
770 893 5
1035 1123 0
906 1018 0
792 898 1
783 925 2
835 892 3
1152 1198 5
1168 1196 6
620 720 5
816 882 3
989 1094 4
774 826 2
1149 1199 5
747 818 6
670 737 1
911 997 1
729 812 0
662 742 6
1138 1198 6
884 942 5
740 872 1
664 759 1
434 505 1
573 605 4
545 678 6
829 952 5
817 865 6
906 979 2
683 746 6
822 882 0
938 1009 5
929 1018 6
652 784 5
1041 1098 4
722 766 5
1058 1118 4
776 909 3
953 1015 5
922 975 3
1099 1184 4
693 786 5
596 669 1
1082 1185 2
786 899 5
593 663 4
672 742 4
746 851 3
770 893 1
747 794 5
829 898 6
716 770 2
1004 1091 5
716 761 2
1041 1117 2
850 898 0
1137 1191 0
792 836 4
955 1041 3
607 703 4
835 898 4
1091 1183 5
1051 1085 1
1092 1197 1
774 898 5
959 1014 1
705 813 0
690 833 5
815 878 0
1106 1140 4
762 831 2
559 672 4
856 899 4
1012 1093 6
983 1046 3
954 1075 0
1126 1190 0
961 1084 2
767 813 5
770 811 2
996 1118 0
791 860 1
1041 1116 3
967 1072 4
707 812 4
939 1015 1
1099 1162 1
909 963 4
966 1075 2
800 932 0
817 898 5
1094 1175 0
849 945 3
890 1015 0
685 757 4
814 848 4
756 816 4
935 1006 2
789 872 5
812 897 2
558 653 4
1047 1085 3
976 1092 4
1086 1190 2
831 894 5
824 898 6
946 1016 3
1123 1184 2
652 758 0
853 948 4
978 1013 3
623 728 3
664 767 2
815 899 4
1066 1187 0
1087 1198 2
1103 1197 4
853 934 4
680 753 4
1086 1162 4
1068 1188 6
791 845 5
782 886 4
760 839 6
916 1001 0
824 886 4
840 947 3
957 1018 4
922 997 5
971 1019 3
1114 1149 4
742 822 6
1089 1189 2
738 877 3
760 798 4
933 1017 2
1044 1188 0
671 791 4
827 918 2
953 1016 2
769 801 2
1167 1199 1
1091 1121 3
954 1015 4
639 744 0
852 898 5
927 1019 2
834 899 5
1013 1084 5
1092 1183 5
890 1012 4
751 813 6
1018 1119 2
761 894 4
1014 1078 2
932 1000 0
910 1014 4
828 896 5
869 1003 6
1164 1197 4
819 895 6
802 885 4
1119 1198 2
843 899 6
1138 1194 4
822 895 6
801 891 4
950 1011 1
769 870 0
1119 1192 0
946 1007 3
881 1003 0
672 774 1
957 1019 0
1128 1196 3
1122 1198 5
1085 1198 2
1081 1181 0
1122 1192 3
966 1019 2
1092 1199 2
812 897 3
861 898 1
975 1050 3
831 899 2
608 734 1
814 885 0
784 895 1
1060 1152 3
1093 1146 6
1124 1196 4
947 1012 3
770 895 4
803 897 2
1145 1200 6
796 878 1
938 1010 4
1160 1198 3
780 850 3
1135 1192 2
893 1012 3
1054 1126 2
945 1018 5
1095 1193 4
814 886 3
1146 1199 6
1143 1196 4
856 995 0
1057 1179 1
Shifts = 4
0 0 0 0 0 0
420 0 0 480 0 0
570 0 0 450 0 0
720 0 0 480 0 0
Employees = 40
308: 2 3 7 15 22 28 29 32 33 34 36 42 55 59 68 78 84 88 90 92 93 95 96 101 108 110 112 113 114 117 120 122 126 127 128 129 130 133 136 142 147 148 149 151 156 157 158 159 161 163 169 171 175 176 177 179 186 195 196 197 199 204 205 206 207 211 215 219 222 223 229 231 232 233 234 236 238 241 246 249 260 261 263 265 269 272 276 278 285 300 302 307 309 315 321 334 335 337 341 342 344 347 354 356 357 359 366 371 374 399 407 412 427 438 439 446 447 449 455 456 457 464 465 469 472 479 485 492 494 495 507 509 512 513 514 518 519 536 540 541 544 548 553 556 560 567 569 573 578 579 586 588 592 595 598 601 602 605 608 610 612 613 615 616 623 624 625 630 633 638 640 642 656 661 664 665 666 669 674 679 681 683 692 693 700 708 712 716 718 726 732 733 734 736 741 742 745 751 754 755 757 764 768 769 772 773 774 775 779 782 785 791 799 801 803 806 809 811 814 815 817 828 830 832 839 842 845 848 849 855 862 863 866 868 870 872 876 878 882 886 890 894 905 906 909 911 915 916 923 924 925 929 934 936 940 941 951 958 959 961 965 967 970 973 975 979 982 989 990 991 993 995 996 997 999 1003 1005 1007 1008 1010 1013 1017 1019 1021 1022 1023 1026 1027 1028 1033 1034 1040 1042 1043 1046 1053 1054 1055 1056 1058 1061 1063 1068 1071 1075 1076 1078 1079 
321: 7 9 12 14 19 20 21 24 26 32 34 36 37 39 44 47 51 54 55 57 58 59 63 64 65 67 71 73 78 84 88 94 96 98 104 110 113 115 116 119 122 123 130 133 135 136 142 145 148 153 154 156 162 163 167 171 172 177 178 182 183 185 188 189 192 196 197 200 202 203 205 210 211 213 217 223 224 226 227 244 247 255 259 264 266 268 269 271 272 273 274 276 286 287 288 289 290 293 303 311 316 327 329 331 332 334 336 345 350 351 352 353 354 355 356 359 361 365 368 369 371 376 384 386 388 395 398 400 401 403 405 406 407 411 414 417 419 420 421 423 425 434 438 440 443 448 449 450 451 452 458 461 462 464 465 469 470 471 474 476 477 480 481 482 484 488 494 495 497 501 508 510 511 523 525 526 531 532 534 535 537 539 547 549 558 562 571 591 594 599 605 606 616 619 627 641 646 649 656 664 667 670 672 675 676 679 681 682 694 695 706 714 730 735 743 744 746 748 757 764 771 774 776 782 786 788 789 790 792 793 794 799 804 806 810 811 820 821 822 825 827 831 832 834 838 839 841 849 850 855 859 866 874 877 879 880 882 883 885 890 891 892 906 908 909 913 914 915 919 921 923 926 927 929 932 935 936 940 956 959 960 965 973 979 983 985 990 993 997 1002 1010 1012 1015 1017 1025 1027 1028 1032 1033 1036 1037 1040 1041 1052 1053 1057 1059 1061 1062 1063 1066 1067 1068 1069 1070 1072 1074 1077 1078 1079 1080 
339: 5 7 8 10 12 21 22 29 34 35 44 46 47 52 56 58 59 65 73 76 78 83 89 91 92 95 97 98 100 101 104 105 107 113 114 115 126 127 128 129 130 133 139 143 148 149 150 151 153 154 155 157 159 160 161 166 167 169 171 177 178 179 183 185 197 198 200 201 204 205 209 214 215 218 221 223 226 228 234 237 245 251 257 264 268 269 271 281 282 283 284 289 299 300 304 306 309 310 314 315 317 318 319 320 321 330 332 335 336 337 341 346 348 349 351 353 356 360 364 365 366 370 372 375 385 386 389 390 395 396 397 402 403 404 405 413 414 416 421 422 424 425 427 431 433 434 436 438 444 445 450 452 453 455 462 466 472 475 476 477 480 483 492 493 494 496 497 499 506 508 513 515 518 521 527 529 541 544 546 551 552 556 561 562 567 569 570 572 575 581 583 585 589 590 593 594 597 600 603 607 610 611 614 618 621 631 637 641 643 644 646 653 654 655 657 668 670 671 682 686 689 690 693 696 698 700 703 705 709 716 717 719 722 723 725 728 730 733 734 738 741 744 747 750 752 753 756 757 764 765 768 769 771 775 783 789 790 796 797 798 801 804 810 811 812 818 821 822 826 829 841 846 849 850 851 853 855 856 861 863 864 865 866 869 878 882 886 888 891 895 900 913 915 922 936 938 944 945 948 950 956 957 958 959 961 962 963 966 968 972 977 978 982 987 988 990 991 993 998 1005 1010 1011 1012 1014 1015 1017 1021 1026 1030 1033 1040 1044 1046 1049 1057 1062 1069 1071 1077 
311: 19 20 26 28 31 32 33 34 37 38 43 52 54 57 60 63 64 65 67 71 75 76 78 86 89 90 91 93 97 108 111 118 123 125 128 131 132 136 144 151 157 163 167 168 169 173 177 178 180 183 184 185 188 189 190 196 202 204 205 206 208 210 216 219 235 239 241 245 246 249 252 263 267 271 276 280 281 282 291 297 304 306 307 308 312 317 321 327 329 334 339 341 342 346 348 353 362 364 365 367 373 375 377 381 383 384 387 391 394 397 398 403 409 410 411 413 414 417 421 425 427 428 429 439 443 444 447 448 457 459 462 465 466 471 475 477 481 482 491 494 501 503 506 516 517 520 525 529 534 536 537 542 543 548 551 554 555 560 562 566 568 570 575 577 589 593 608 609 612 622 624 628 633 634 635 639 641 647 654 657 659 663 664 665 671 676 677 678 682 685 688 690 693 696 698 705 706 714 722 724 728 732 738 740 742 746 754 755 756 757 759 766 771 781 785 786 792 796 800 805 807 808 809 816 824 825 826 836 839 841 845 847 848 850 856 857 858 860 861 862 867 870 875 878 880 881 882 886 888 891 902 908 913 915 920 922 925 926 936 939 940 941 943 946 947 949 951 953 956 959 961 966 969 971 975 979 985 986 989 992 994 996 997 1000 1002 1004 1005 1006 1010 1015 1016 1017 1018 1022 1026 1029 1031 1032 1035 1046 1048 1049 1050 1060 1063 1064 1065 1069 1070 1072 1074 
336: 6 7 9 19 21 24 33 34 35 36 38 40 48 52 53 55 56 58 59 61 62 67 68 78 83 84 88 98 99 101 108 111 112 113 132 142 143 150 151 153 155 159 160 165 166 171 175 182 185 187 190 191 194 196 200 201 202 204 206 208 210 214 215 216 217 219 222 224 225 229 233 236 239 242 243 244 246 247 248 251 252 253 254 255 256 259 261 264 265 266 272 273 276 279 280 286 289 291 294 302 303 306 313 314 315 318 321 322 323 324 326 329 333 335 341 344 345 346 347 348 349 351 357 358 360 364 365 368 370 374 375 376 377 378 379 381 394 396 400 401 406 412 421 422 439 446 447 453 455 456 457 462 463 465 466 470 476 479 483 486 487 493 495 505 508 509 515 523 524 528 534 542 543 547 549 552 556 557 563 564 565 567 575 579 580 581 582 590 592 593 596 597 601 605 609 611 615 618 620 622 626 631 634 636 641 643 644 645 646 648 650 651 653 669 670 673 674 675 681 688 689 694 696 699 702 704 706 713 717 726 731 733 736 737 740 741 745 752 756 766 771 773 776 779 781 785 789 790 792 798 802 805 806 808 810 828 829 830 832 835 836 848 857 863 867 868 873 876 877 880 882 883 885 886 890 894 896 898 900 901 910 913 916 917 922 930 934 940 941 943 944 945 948 949 952 954 962 964 965 966 969 978 979 981 982 988 990 993 1003 1005 1008 1010 1011 1014 1017 1019 1023 1025 1026 1036 1037 1039 1044 1045 1046 1049 1054 1055 1056 1058 1059 1060 1064 1069 1074 1080 
307: 0 1 10 14 23 24 25 31 32 35 37 38 40 42 48 52 55 56 57 59 63 67 72 73 76 77 81 83 88 90 92 96 99 103 110 115 119 120 121 129 134 136 138 142 145 149 150 153 159 161 164 165 166 167 169 173 175 177 185 191 192 202 206 213 215 220 223 237 246 247 249 254 255 261 263 264 270 271 272 276 279 280 283 289 291 294 295 300 304 306 316 321 322 323 330 341 344 356 357 358 363 366 369 371 372 373 374 386 387 388 395 401 402 403 406 407 413 414 415 419 422 426 430 433 443 444 445 448 450 453 456 457 463 464 469 470 472 473 476 477 482 483 492 494 498 501 502 507 512 517 519 526 529 530 538 539 556 557 558 561 566 575 578 580 583 584 585 604 608 612 613 618 619 621 622 623 624 625 631 632 640 644 645 646 647 649 652 655 657 661 667 672 673 682 686 698 705 706 708 709 713 714 716 719 720 725 728 729 730 733 736 737 738 741 751 752 764 767 769 773 779 780 782 784 787 790 792 795 796 797 802 804 809 811 812 813 823 824 826 832 834 837 839 840 841 842 844 847 851 854 858 870 872 876 878 879 881 883 896 902 904 908 915 924 933 934 936 938 942 944 946 949 955 966 967 969 973 977 979 980 984 985 986 990 1001 1006 1009 1010 1012 1014 1020 1021 1031 1035 1039 1041 1042 1043 1044 1050 1052 1062 1063 1065 1066 1069 1071 
316: 0 1 2 5 6 7 8 10 23 27 28 33 35 36 37 38 40 49 55 61 63 69 70 71 73 74 75 81 87 92 96 101 104 115 121 129 132 136 137 141 146 159 161 162 165 166 169 177 181 185 190 193 207 209 211 214 215 218 230 234 240 241 242 245 252 260 264 265 266 274 275 276 279 282 285 288 295 298 309 317 319 320 321 329 332 334 337 349 352 362 364 367 369 372 373 374 375 379 387 388 393 398 400 403 406 407 409 414 415 421 422 428 432 433 434 437 438 440 443 446 449 452 455 456 458 462 466 468 470 472 475 478 479 487 489 491 493 494 500 501 515 519 526 529 530 532 534 542 544 547 552 561 564 576 578 579 580 582 585 590 591 592 593 601 603 605 608 609 612 613 615 618 620 623 625 626 627 630 632 638 640 642 643 644 647 650 651 654 655 660 664 667 669 670 673 675 680 682 684 690 694 696 697 698 700 707 715 726 731 740 742 744 745 754 756 759 760 763 766 769 772 773 778 784 788 790 795 800 811 814 815 816 823 825 826 829 830 831 833 834 841 844 846 848 855 856 857 859 860 871 876 881 884 886 892 893 897 901 909 911 913 914 920 921 922 926 929 935 936 937 938 939 941 945 949 962 964 965 967 973 975 976 981 984 985 987 988 996 1001 1002 1009 1011 1015 1016 1019 1023 1024 1025 1027 1029 1032 1040 1041 1042 1043 1052 1055 1056 1058 1060 1062 1065 1069 1072 1074 1076 
325: 4 5 6 12 13 14 15 18 19 24 25 30 32 40 41 49 53 57 59 62 66 68 71 74 75 77 81 87 88 89 93 97 100 106 109 110 112 118 119 121 127 129 131 132 140 143 144 148 149 151 157 162 166 168 171 176 178 184 193 194 197 202 205 209 215 217 223 227 231 232 238 242 246 247 255 256 262 265 272 273 278 283 284 286 288 294 295 304 305 307 308 309 313 320 324 327 328 329 336 340 343 344 345 352 353 355 357 360 361 363 365 366 368 375 376 379 380 382 390 394 396 408 409 410 411 415 416 426 431 436 441 444 446 447 455 456 457 458 469 470 471 479 480 483 486 487 491 493 495 504 505 506 509 510 515 529 532 534 535 539 540 541 544 549 554 557 558 559 560 561 575 576 578 581 584 597 601 606 607 608 611 614 621 632 635 637 642 647 654 655 656 658 661 662 663 665 667 671 673 674 676 682 684 685 686 687 689 693 697 699 702 703 705 706 715 717 718 720 722 726 727 732 740 742 743 748 753 756 757 760 761 763 764 765 769 770 773 775 777 778 783 793 794 795 801 808 811 818 819 821 823 824 826 830 832 837 839 841 849 857 860 861 862 863 866 869 872 873 879 880 892 894 897 906 911 914 916 917 918 919 921 928 929 932 933 936 937 941 943 944 962 963 967 972 976 985 988 993 998 1006 1008 1012 1018 1021 1022 1032 1033 1036 1037 1040 1041 1044 1045 1046 1048 1052 1055 1059 1060 1062 1068 1069 1073 1075 1078 
344: 3 4 10 14 16 17 18 20 21 24 29 34 35 44 55 58 59 62 64 65 66 76 84 86 89 92 96 97 103 105 113 115 117 118 119 120 121 122 123 131 134 135 136 140 141 143 147 148 153 154 155 157 160 163 166 167 175 179 183 184 186 188 198 199 200 201 203 204 205 206 207 208 214 218 224 226 229 234 236 238 243 244 246 251 252 254 255 256 258 260 263 268 270 272 276 281 283 286 289 306 311 313 315 316 317 318 320 323 324 329 331 337 343 344 354 355 356 359 363 365 370 374 375 377 378 379 384 386 388 389 393 397 400 407 408 409 410 413 414 417 418 421 423 426 428 429 432 434 435 437 440 441 443 445 448 458 459 463 466 475 476 477 478 482 483 489 493 495 496 498 501 505 510 514 515 516 519 523 528 532 535 542 544 546 548 550 557 559 568 579 582 584 586 588 597 599 603 606 608 609 612 614 617 619 620 627 633 634 638 639 643 645 647 648 651 655 665 666 668 669 670 671 676 677 679 686 687 688 692 694 697 698 703 704 705 706 707 710 716 721 722 729 735 737 743 748 749 751 752 765 767 768 769 775 776 778 781 785 786 789 790 791 792 794 801 809 813 816 820 821 832 838 841 843 845 849 852 855 856 857 858 860 861 862 870 871 876 877 879 884 888 890 891 892 894 895 896 898 901 904 908 910 914 918 921 926 929 941 943 949 955 956 962 970 979 984 990 994 999 1005 1010 1016 1018 1019 1021 1032 1036 1037 1038 1040 1043 1047 1048 1049 1052 1053 1055 1065 1067 1069 1071 1073 1078 1079 
328: 4 5 7 9 11 14 16 19 20 22 24 27 28 29 30 41 45 49 50 51 54 61 66 69 70 72 77 80 82 83 91 93 95 97 106 107 108 109 110 113 114 116 117 120 122 128 131 132 140 142 143 144 149 150 153 156 158 161 163 165 166 172 175 176 177 179 182 184 186 197 203 204 206 211 214 215 219 222 230 237 241 243 250 252 253 261 262 267 269 271 274 276 280 282 283 284 287 288 289 290 292 294 296 299 302 304 306 310 315 325 326 328 329 330 331 333 334 336 340 343 346 351 353 358 363 365 366 370 372 374 376 380 388 390 391 395 397 400 408 410 411 419 423 427 428 430 431 432 434 435 436 439 440 442 443 446 449 450 467 472 475 476 478 484 488 491 492 496 502 505 506 514 525 529 532 538 547 551 553 556 560 561 568 572 578 580 583 588 593 596 597 598 599 600 603 604 605 609 612 615 616 623 626 631 635 639 641 642 645 654 659 660 662 663 666 672 675 681 683 686 691 699 701 702 703 704 715 720 727 730 734 746 749 751 752 754 756 761 763 768 771 772 774 784 785 786 790 791 793 794 802 805 811 812 813 822 825 830 833 837 838 844 850 851 853 855 863 867 870 871 873 875 879 880 882 883 884 890 892 897 901 907 908 909 924 932 938 941 950 954 961 962 967 969 971 977 982 984 991 1002 1004 1009 1010 1014 1015 1016 1024 1028 1030 1031 1032 1037 1041 1043 1045 1046 1051 1053 1058 1059 1063 1066 1069 1070 1071 1072 1077 1080 
328: 0 4 5 9 10 13 14 16 17 18 21 28 31 32 34 35 39 40 42 43 44 47 48 49 52 53 54 55 57 61 62 69 72 73 74 78 79 80 81 84 86 87 94 96 97 103 113 114 115 116 124 135 136 139 140 146 153 156 157 158 159 161 162 169 174 175 176 177 178 179 181 184 187 188 202 205 208 212 214 218 225 227 229 230 232 236 239 241 246 247 250 251 253 259 263 264 265 271 273 275 278 281 283 285 286 288 298 305 308 312 314 316 318 320 321 323 327 333 336 340 345 346 350 353 360 363 367 368 371 381 391 392 396 398 410 420 425 426 427 432 438 447 457 462 468 471 472 473 476 479 482 486 487 488 489 490 492 498 499 501 503 506 507 508 510 511 513 515 523 525 526 531 534 538 539 542 543 544 547 548 554 555 562 564 565 571 573 578 581 582 583 585 590 592 594 595 596 599 603 604 608 612 613 618 620 625 627 633 635 640 646 649 651 652 653 660 661 662 663 665 673 686 692 694 700 701 708 709 712 715 716 719 720 722 730 739 741 742 755 759 764 766 768 783 786 788 792 795 796 799 800 802 803 805 811 818 819 823 829 831 834 840 844 848 850 852 857 859 862 865 868 871 873 879 880 881 882 898 899 905 908 913 915 921 924 925 929 933 934 937 945 946 947 951 955 957 959 964 966 968 971 972 984 992 996 1000 1004 1015 1019 1026 1029 1030 1032 1034 1036 1041 1044 1052 1053 1057 1058 1059 1062 1064 1065 1077 1079 1080 
320: 0 1 2 7 12 13 14 16 17 24 32 47 48 60 62 65 69 71 74 80 82 84 85 87 91 92 98 103 104 107 108 109 112 115 118 127 130 134 137 138 139 141 143 144 145 148 149 151 158 161 165 169 173 176 177 192 193 196 207 212 215 216 217 219 220 221 223 224 230 233 240 241 242 243 245 253 254 256 264 267 268 273 274 283 286 287 290 293 298 300 310 313 314 320 327 335 342 343 346 348 349 350 351 353 358 363 372 378 380 381 383 384 387 388 389 393 397 399 405 415 416 418 424 425 430 432 436 437 440 441 447 449 450 456 458 459 464 466 468 470 476 478 481 495 498 503 507 515 517 518 519 522 525 527 530 537 545 548 550 553 561 569 570 575 578 579 583 584 587 589 592 594 596 600 613 615 616 620 623 627 629 636 640 644 651 655 656 665 666 667 668 669 670 671 673 674 676 677 680 683 685 687 691 694 696 697 702 703 704 711 712 719 726 727 729 732 733 739 748 751 755 756 760 773 777 780 781 782 789 802 803 806 807 812 814 815 816 819 822 824 827 831 832 833 838 840 842 844 847 848 858 863 868 870 875 877 878 879 880 882 894 895 897 904 905 918 924 925 927 928 930 932 933 936 949 951 952 953 955 959 967 968 974 979 980 981 983 984 985 986 992 997 1000 1006 1007 1009 1015 1016 1018 1019 1020 1022 1025 1027 1033 1035 1036 1040 1042 1051 1052 1057 1062 1069 1070 1074 1075 1076 1078 1080 
305: 6 7 8 10 11 14 20 21 23 29 31 32 33 39 45 52 60 61 63 64 66 75 77 84 88 90 95 115 117 118 120 123 126 133 134 136 141 142 143 146 147 153 155 156 158 162 164 169 184 187 192 193 196 197 200 206 207 209 212 214 215 220 226 228 232 234 235 254 266 272 273 278 282 286 288 297 305 306 307 310 311 312 314 315 317 318 322 323 326 334 337 338 344 345 347 349 357 359 367 372 374 376 385 388 390 394 403 408 410 413 415 420 426 432 433 438 439 454 457 466 469 477 480 491 493 496 497 500 501 503 504 505 507 508 512 514 517 519 522 528 530 537 540 541 542 543 552 554 561 562 563 565 566 569 570 572 574 575 576 578 579 583 584 586 587 588 590 592 595 601 606 609 616 625 628 633 638 641 645 646 648 652 660 661 663 664 667 668 671 674 678 686 688 691 693 699 700 704 706 707 710 714 716 721 722 728 735 740 742 743 746 747 754 755 757 762 770 772 774 775 778 783 788 791 799 810 811 814 819 825 827 831 837 841 842 845 846 847 849 857 860 864 866 870 871 875 881 885 886 887 892 902 903 913 919 923 933 939 941 943 947 948 949 952 953 954 959 964 969 970 977 978 982 983 986 989 990 1001 1004 1010 1011 1012 1019 1022 1023 1025 1029 1030 1032 1035 1038 1041 1044 1050 1056 1057 1060 1063 1064 1065 1067 1072 1077 1079 1080 
301: 2 5 10 12 16 20 23 27 29 30 33 39 41 42 47 53 56 58 60 62 66 83 88 90 92 93 99 105 106 107 115 122 123 129 130 133 134 144 146 154 155 164 171 176 177 178 179 180 182 187 188 193 198 204 209 211 212 214 216 217 221 226 228 230 231 233 234 243 250 255 257 258 263 265 274 278 284 285 288 291 301 305 306 311 316 317 319 322 324 325 328 331 333 338 341 343 345 349 350 354 356 368 369 371 376 377 382 386 398 399 402 406 412 419 421 423 429 434 436 437 443 444 450 452 453 461 469 470 473 474 476 481 483 484 487 488 489 492 499 503 505 508 509 511 514 515 517 520 522 523 530 531 536 541 546 551 556 559 562 568 570 576 579 595 605 606 608 617 619 620 635 637 644 645 653 656 658 659 660 664 671 672 673 676 684 689 694 697 703 706 710 716 721 727 732 737 742 748 752 757 758 760 765 768 774 780 790 792 796 799 801 805 806 809 810 814 817 818 819 821 824 825 827 835 836 849 852 854 856 860 861 862 863 864 869 874 876 880 887 898 900 903 904 907 919 925 931 932 933 934 936 941 942 944 945 947 950 957 958 961 963 965 969 974 976 978 980 981 989 993 994 996 999 1000 1002 1004 1005 1009 1014 1017 1020 1038 1039 1042 1043 1044 1045 1046 1047 1050 1051 1052 1055 1058 1063 1064 1070 1073 1075 1077 1078 
298: 0 2 3 4 5 7 9 11 12 13 14 19 21 22 34 36 39 46 48 53 57 68 72 74 75 76 77 84 86 93 98 100 103 105 111 115 117 121 122 128 132 133 145 146 148 149 156 161 163 164 169 170 172 176 178 185 188 189 191 193 201 205 207 209 215 219 222 226 234 236 238 240 241 249 258 274 275 283 284 287 289 290 292 293 295 296 307 310 311 326 327 329 330 342 348 350 354 358 360 363 364 365 366 368 371 373 376 379 382 384 385 397 398 400 402 404 417 422 424 427 432 433 434 436 438 441 442 443 446 454 459 464 465 466 470 472 479 481 482 494 498 501 505 508 513 515 517 520 525 526 527 530 532 535 539 541 543 544 545 546 555 572 574 575 578 581 583 588 593 596 603 604 605 606 607 610 614 617 618 621 624 631 635 636 638 642 643 653 663 669 670 680 681 685 693 695 701 702 706 717 718 731 732 734 735 738 741 742 744 746 750 755 761 766 767 769 773 774 776 777 778 779 780 785 788 789 790 791 795 803 805 807 820 824 828 829 831 834 843 857 859 868 872 873 877 879 882 889 890 895 903 912 913 915 917 930 932 936 937 949 951 956 962 963 968 978 980 981 987 992 993 997 1001 1003 1005 1011 1014 1016 1017 1023 1029 1030 1031 1037 1038 1041 1042 1045 1048 1056 1057 1059 1063 1066 1067 1075 1078 1079 
324: 6 7 10 13 15 17 21 22 25 30 35 36 41 42 47 49 51 57 60 61 62 63 64 66 67 77 79 81 84 91 93 97 105 109 110 113 118 119 129 130 133 135 139 140 145 147 148 150 154 155 157 158 159 162 167 168 170 171 173 174 175 182 192 194 203 205 209 212 217 218 229 234 238 243 245 247 253 255 259 260 261 266 269 272 280 281 282 283 284 288 291 299 300 301 302 305 308 309 318 319 322 342 344 350 351 360 362 363 364 371 375 376 377 380 381 382 384 386 393 394 396 401 402 407 411 412 419 421 422 424 425 428 429 440 441 449 451 454 462 468 469 470 474 478 481 482 484 485 486 492 502 505 507 508 510 513 515 516 517 519 525 527 530 531 532 538 540 541 542 547 550 551 556 558 559 560 563 567 573 575 580 583 584 587 590 592 597 599 601 602 604 608 610 612 614 615 616 618 619 620 625 627 630 631 636 643 645 649 650 651 653 654 656 657 659 661 664 666 671 679 686 687 692 693 703 707 708 709 718 720 724 725 726 727 730 734 738 742 744 745 748 749 758 759 769 772 775 778 779 780 784 788 794 801 810 813 816 818 821 828 829 831 832 844 847 848 851 857 861 869 872 874 878 882 884 894 895 899 915 918 922 930 933 938 947 948 962 965 968 972 975 976 980 986 989 990 992 995 997 998 1001 1003 1007 1013 1023 1024 1025 1032 1033 1034 1037 1038 1039 1049 1050 1051 1056 1064 1067 1071 1073 1074 1077 1080 
303: 0 3 6 7 14 28 45 49 52 57 61 67 69 70 76 77 81 93 94 97 99 103 112 115 122 135 143 144 148 150 157 159 166 169 172 173 176 181 184 185 187 190 197 198 199 200 201 211 214 216 218 220 229 230 234 237 239 242 243 251 253 255 257 260 262 265 275 284 291 294 297 299 304 307 314 319 338 339 344 351 353 355 362 366 373 374 378 379 380 382 385 386 389 390 392 393 397 398 400 406 418 423 431 433 434 435 436 441 445 446 448 449 450 464 468 469 470 472 475 477 480 486 498 508 510 514 516 524 525 529 531 532 533 534 535 536 543 551 558 568 572 574 576 578 580 581 582 585 589 592 599 600 601 604 605 607 609 612 616 625 628 629 631 634 636 637 642 643 647 648 649 650 653 654 655 660 664 669 671 675 681 689 690 693 701 703 704 712 715 717 719 722 726 730 733 735 737 739 740 741 746 747 749 753 754 758 769 772 774 776 778 780 782 783 787 788 792 795 797 801 803 805 808 810 811 813 818 821 823 829 833 842 843 844 846 849 851 854 858 861 872 873 884 887 888 889 899 905 907 910 911 920 921 923 925 926 928 929 930 931 933 936 939 943 947 948 950 955 956 959 963 965 966 968 970 972 973 978 979 982 985 988 991 997 1004 1016 1024 1026 1027 1030 1034 1039 1042 1043 1044 1049 1052 1058 1059 1063 1064 1065 1067 
346: 1 3 4 7 10 11 13 18 19 22 23 24 26 29 36 39 40 42 43 46 47 50 59 60 63 64 65 71 72 75 83 97 98 101 112 113 114 118 120 127 130 131 136 139 140 142 143 146 147 149 150 152 157 158 161 162 164 166 167 178 183 194 197 198 199 200 210 211 214 215 217 220 225 227 228 229 230 234 235 236 238 239 247 248 249 250 254 258 259 260 261 263 266 267 268 273 274 275 279 281 283 284 285 286 303 306 310 312 316 319 320 322 323 331 333 335 338 342 343 344 347 351 353 355 357 366 373 375 377 379 382 384 389 390 392 395 396 397 403 404 406 410 411 412 423 427 429 431 433 434 439 449 450 451 453 455 456 459 460 461 469 470 471 476 477 485 490 491 492 493 495 496 498 500 505 511 517 521 522 524 526 530 533 535 536 539 541 542 543 546 547 550 551 552 554 556 557 559 560 562 566 569 574 575 579 583 585 587 588 598 602 605 608 610 611 615 620 622 626 627 632 641 646 648 649 657 658 659 662 665 666 669 674 679 686 688 689 692 693 698 703 706 707 712 713 717 720 723 725 728 732 733 746 748 758 761 765 770 774 777 792 794 798 800 802 803 809 815 817 825 827 834 841 842 844 847 848 859 861 865 867 869 870 876 877 884 892 896 898 899 906 908 910 911 921 922 923 928 937 938 943 944 948 949 955 973 975 978 980 981 982 987 990 991 996 999 1000 1001 1007 1009 1010 1011 1017 1018 1020 1026 1028 1033 1034 1038 1039 1042 1044 1045 1048 1049 1051 1056 1058 1059 1064 1065 1067 1070 1071 1080 
294: 1 2 3 6 7 10 11 14 15 23 26 30 38 42 45 48 54 55 59 61 67 69 74 83 85 87 95 104 105 125 126 129 130 133 135 136 138 141 143 144 145 148 152 154 156 158 159 161 175 176 179 184 190 194 195 197 199 201 205 207 215 218 226 228 230 231 234 240 243 247 252 256 258 259 267 269 270 273 275 285 291 292 294 296 302 304 306 311 312 313 319 322 324 327 329 332 333 339 342 344 358 359 361 368 370 371 379 380 381 382 385 386 387 402 403 406 407 408 409 418 425 429 440 441 451 452 453 454 456 457 458 459 466 470 472 473 477 481 484 489 494 495 496 499 501 503 505 508 509 520 523 530 535 538 539 542 543 544 549 553 556 560 561 567 569 570 572 575 577 578 580 583 594 597 598 602 605 607 610 616 623 626 627 631 634 637 638 645 646 649 652 661 662 665 668 673 675 678 688 692 695 697 698 710 721 726 729 732 735 737 742 744 746 754 755 760 766 767 775 776 777 778 780 785 792 795 803 805 806 807 810 811 812 813 815 817 823 825 828 829 833 842 843 846 847 848 864 866 867 868 873 892 893 895 897 899 910 932 939 940 945 946 953 955 959 960 963 964 966 969 971 972 975 976 985 990 994 995 1001 1015 1017 1024 1025 1028 1030 1039 1053 1055 1056 1064 1066 1067 1070 1076 
341: 0 4 7 8 11 26 27 28 29 35 36 37 40 42 43 45 46 48 50 54 55 61 66 67 68 72 75 77 79 82 86 90 93 94 98 99 112 114 115 117 118 120 124 125 128 134 138 140 142 144 145 148 152 157 162 164 165 172 182 183 187 192 193 195 196 198 200 202 204 208 210 211 214 223 224 225 226 227 230 232 233 234 235 236 237 239 243 251 257 263 267 269 273 276 281 283 285 289 291 298 299 316 327 331 332 337 341 344 345 349 354 361 366 367 372 374 375 381 385 386 387 390 396 403 405 408 410 412 416 417 424 425 427 428 435 437 440 442 447 448 452 456 457 467 470 475 476 477 481 483 484 488 491 493 501 502 505 506 508 509 510 512 516 518 519 521 523 526 527 529 532 533 536 537 539 540 543 551 555 557 566 567 568 571 575 578 580 582 583 585 586 588 589 590 595 597 600 606 607 609 612 614 618 619 620 621 622 624 627 630 638 643 644 645 646 650 651 652 655 657 664 666 669 671 682 683 687 689 690 692 696 699 709 710 711 713 718 719 726 729 730 734 739 740 742 744 748 749 753 754 755 756 764 768 790 793 796 800 801 803 807 808 810 813 815 817 818 819 822 831 836 838 845 850 857 862 867 869 872 874 879 886 889 892 893 896 897 899 906 910 913 914 915 917 918 923 944 946 949 953 957 960 961 964 968 969 970 971 973 975 976 981 983 990 994 995 996 1000 1003 1005 1008 1009 1011 1013 1022 1025 1030 1031 1036 1037 1040 1045 1046 1047 1048 1051 1052 1063 1074 1077 1080 
357: 0 4 8 9 13 14 15 19 25 29 30 34 35 36 37 38 40 42 46 54 55 56 65 69 70 73 77 80 81 82 83 86 91 93 96 97 100 104 112 116 124 129 147 148 149 151 153 155 158 160 164 165 167 168 172 175 183 186 200 202 204 205 211 215 216 222 227 228 229 231 232 233 234 238 241 244 249 252 254 255 259 263 265 268 275 279 280 281 287 291 293 294 297 302 304 306 307 319 320 321 322 334 338 339 340 343 344 345 346 349 354 357 358 364 365 368 370 371 373 374 381 388 393 394 397 402 407 409 411 420 421 423 424 425 426 432 440 447 450 453 458 461 465 468 476 477 479 485 488 489 490 492 494 497 500 502 508 509 510 516 517 518 519 520 521 523 528 530 531 532 534 535 537 541 542 545 547 548 553 554 555 557 558 559 564 566 575 578 579 580 585 587 588 589 593 594 598 601 604 605 607 608 609 612 618 621 622 623 625 629 635 636 645 648 660 662 663 668 672 674 679 681 683 685 686 687 688 692 700 707 711 712 719 720 721 727 729 730 731 734 735 737 740 742 743 745 748 749 750 752 753 757 761 773 774 775 776 778 780 781 782 785 786 789 793 802 811 814 816 819 824 832 843 845 849 851 856 859 860 861 862 867 868 869 871 878 879 884 887 889 894 898 906 909 918 923 924 925 927 929 930 933 939 941 943 944 945 947 949 952 954 961 963 964 965 967 970 972 976 978 980 983 988 995 997 998 999 1001 1002 1004 1007 1008 1010 1015 1016 1018 1020 1022 1023 1028 1030 1036 1043 1044 1046 1047 1058 1059 1060 1061 1066 1070 1072 1074 1075 1077 1078 
307: 7 9 13 16 18 19 22 33 36 41 47 48 55 58 60 65 69 73 74 77 84 86 87 89 90 92 95 100 103 104 105 107 108 110 120 122 124 136 138 148 149 151 152 153 161 172 175 178 179 180 181 182 183 184 186 190 192 193 197 206 208 212 214 228 232 233 234 235 244 246 247 248 249 251 252 253 256 260 266 281 288 292 294 296 297 306 317 323 326 328 339 341 344 348 349 352 353 355 361 362 368 374 376 377 380 381 383 387 388 389 392 393 397 403 408 414 416 421 424 430 431 437 439 442 443 444 446 453 467 468 469 471 475 476 478 480 481 482 483 485 486 487 490 495 497 499 505 507 509 510 512 515 520 528 541 545 546 549 554 557 560 561 563 564 566 570 573 575 577 578 580 581 584 586 589 591 593 601 605 606 610 613 618 625 629 637 639 642 646 648 651 653 659 662 663 665 670 671 675 677 679 682 690 694 695 701 702 706 708 715 717 718 727 732 736 738 748 749 760 763 764 766 770 774 776 779 780 785 801 803 804 814 819 820 822 831 835 840 846 848 849 850 851 854 859 860 862 864 869 872 875 881 883 886 889 897 904 907 911 917 918 921 923 924 925 928 933 941 950 951 953 955 956 957 961 962 963 969 974 976 978 982 983 987 991 999 1001 1005 1008 1011 1021 1028 1032 1034 1038 1040 1041 1043 1046 1047 1049 1054 1055 1056 1062 1063 1078 
341: 1 3 5 7 9 13 17 18 19 26 27 33 39 40 43 44 45 50 54 55 56 57 59 61 64 65 66 68 73 75 77 78 81 83 87 91 94 95 103 106 110 111 115 116 122 124 127 129 132 134 137 142 144 145 146 166 176 177 178 179 194 198 204 207 210 214 215 222 224 225 232 235 244 245 252 259 262 265 268 272 273 274 277 279 283 284 289 290 293 299 303 307 312 316 317 322 325 326 331 333 337 341 343 344 348 349 355 359 362 367 372 374 379 381 384 389 391 395 400 401 403 405 406 409 412 414 416 419 420 425 426 431 440 442 448 451 453 455 456 457 460 467 468 473 475 478 482 484 485 487 503 508 511 513 516 524 525 529 531 532 534 535 545 547 553 556 557 560 564 566 567 568 569 570 573 574 577 579 580 581 585 586 590 593 597 603 604 607 610 613 617 625 628 629 632 636 637 643 644 645 648 650 653 657 658 659 660 663 664 667 670 671 673 677 680 685 686 689 692 694 702 717 720 722 724 725 726 729 732 733 736 737 740 742 743 747 748 749 750 752 753 762 763 767 769 771 783 789 791 795 801 803 809 811 812 813 821 822 832 835 845 854 857 861 862 865 870 873 874 878 880 881 884 894 898 901 902 904 905 912 915 916 917 919 920 921 924 926 927 930 932 935 936 939 940 946 948 951 959 961 962 964 965 970 973 975 976 977 978 981 986 989 992 993 999 1003 1006 1009 1010 1012 1014 1015 1019 1020 1021 1025 1026 1027 1028 1031 1033 1040 1042 1052 1055 1063 1064 1065 1068 1071 1079 
318: 0 1 6 7 13 15 18 19 23 32 34 36 48 50 52 54 59 63 67 72 73 75 80 81 82 90 91 98 102 106 109 114 115 118 119 126 129 130 140 151 152 157 158 164 165 166 167 169 174 175 177 178 182 183 185 188 190 194 198 201 206 209 216 224 225 237 239 240 243 248 249 250 254 257 258 274 276 280 282 283 284 286 288 291 293 298 302 304 305 306 326 327 331 332 338 339 343 345 349 354 356 361 363 368 370 380 381 382 385 388 390 391 397 398 399 400 401 408 418 424 434 436 442 445 447 448 456 457 458 459 464 472 474 475 476 478 479 483 485 490 499 501 505 506 508 521 523 530 535 536 540 542 545 548 551 558 559 564 567 569 572 574 582 584 587 592 593 595 598 601 602 606 607 610 613 615 616 622 627 632 634 641 646 648 652 654 656 661 666 673 674 676 684 686 687 689 691 698 701 702 704 706 708 709 710 713 714 719 722 723 725 726 731 733 736 740 741 743 750 751 752 757 758 768 773 785 790 798 800 805 813 815 819 826 829 830 831 835 844 845 847 852 858 860 865 866 869 870 871 873 875 878 881 887 888 893 895 905 909 916 920 921 927 930 932 934 937 939 942 945 947 954 956 959 961 965 967 968 973 975 976 978 985 991 995 1000 1001 1004 1009 1012 1013 1015 1020 1027 1029 1034 1037 1038 1040 1041 1043 1046 1048 1049 1050 1051 1053 1054 1055 1057 1058 1060 1061 1062 1065 1075 1077 1079 
315: 1 6 9 11 18 21 24 27 29 30 32 42 43 47 49 50 51 53 55 60 61 63 67 72 73 76 78 80 82 83 88 89 90 95 96 97 98 99 102 103 105 107 112 114 115 117 118 121 124 133 135 137 145 146 154 156 157 161 165 166 167 168 173 176 184 186 190 195 197 198 199 201 204 205 206 207 208 214 215 221 227 236 241 243 249 250 251 252 264 265 268 270 271 272 273 274 275 279 285 287 288 289 290 294 297 298 301 303 307 310 316 318 322 323 330 332 333 336 337 339 341 347 357 359 366 369 375 377 382 385 388 394 395 397 402 403 404 412 413 415 418 419 421 423 425 426 428 433 444 445 448 451 455 456 461 467 471 472 475 478 482 483 488 489 490 493 496 498 503 504 505 509 512 513 514 515 521 530 531 536 539 541 542 546 548 550 551 552 576 581 583 588 591 593 599 601 604 608 610 613 614 618 623 627 640 642 645 649 653 655 658 660 677 686 689 691 695 696 698 700 708 713 715 721 724 725 727 737 738 742 747 749 750 757 761 763 766 767 775 776 779 780 789 793 794 810 812 815 824 826 827 832 833 836 839 841 842 845 850 854 860 861 863 864 869 870 871 872 876 880 887 892 896 897 898 901 910 917 921 923 932 938 943 948 952 960 962 975 977 978 986 990 994 998 1000 1002 1006 1008 1010 1011 1013 1016 1017 1020 1021 1029 1033 1035 1040 1055 1060 1067 1073 1078 1080 
330: 0 1 2 13 15 17 24 25 26 29 35 36 37 38 42 50 52 56 64 65 66 67 69 75 76 78 79 80 81 84 89 92 93 96 97 98 99 100 101 103 107 109 110 114 116 126 134 139 140 145 154 156 158 160 166 167 171 174 178 180 181 182 183 185 189 190 195 199 208 211 212 213 220 226 227 242 243 250 255 256 258 269 277 278 281 286 287 289 291 294 298 301 303 305 306 307 311 315 317 321 325 326 329 330 331 334 335 339 351 354 356 358 359 362 364 367 368 370 371 372 379 385 391 393 396 399 409 410 415 417 419 426 428 432 433 434 435 436 438 443 445 446 447 451 452 453 456 457 461 462 464 466 475 477 489 490 493 498 503 504 507 508 515 519 523 524 525 527 529 530 533 534 535 537 538 540 545 547 554 560 567 576 579 580 581 583 588 589 595 597 599 600 601 603 607 612 615 616 618 619 622 628 629 630 635 637 642 651 652 654 662 674 678 682 684 695 704 705 712 720 722 723 727 732 733 734 735 738 744 748 753 759 763 766 770 771 776 777 780 785 786 787 789 792 801 802 804 809 810 814 817 818 825 829 835 838 840 841 843 847 848 849 853 867 868 872 879 881 883 884 891 892 895 896 900 903 906 907 912 913 914 915 916 925 926 927 929 931 932 935 937 938 941 947 949 950 952 953 954 956 968 970 971 980 982 985 988 994 996 998 999 1002 1008 1010 1017 1018 1027 1034 1038 1041 1043 1046 1048 1049 1052 1054 1060 1064 1068 1076 
331: 0 2 3 5 6 10 13 22 24 38 42 45 47 49 70 72 81 85 88 93 94 95 96 104 106 108 115 117 119 120 126 135 136 144 145 150 151 153 157 158 163 164 165 167 172 184 187 189 190 193 194 199 202 204 210 211 217 219 221 222 224 226 227 234 241 248 251 254 255 258 262 263 266 268 275 277 289 292 294 302 309 311 312 314 315 318 324 329 330 332 333 335 336 337 339 346 352 354 355 357 363 366 374 375 376 380 388 391 392 395 397 399 403 410 411 412 415 416 422 423 427 429 430 435 436 437 438 443 445 447 448 450 451 463 465 466 468 470 471 476 479 481 486 490 497 500 502 503 505 507 508 520 521 525 529 530 531 532 539 542 546 552 559 560 562 563 569 571 573 576 577 580 581 584 591 600 607 610 611 614 617 619 621 622 623 626 627 630 632 633 635 651 652 660 663 666 667 671 680 681 683 688 689 691 694 695 697 703 705 706 709 710 711 712 714 718 719 729 730 731 732 734 735 740 741 742 743 744 746 752 753 756 757 759 760 763 764 768 769 771 782 783 784 785 790 793 794 798 799 803 804 807 809 818 830 833 837 839 840 845 847 851 856 863 864 865 867 872 874 877 878 880 885 889 891 894 901 904 908 915 916 918 919 921 924 930 932 937 944 945 951 955 957 960 963 965 966 969 976 986 987 989 990 992 993 995 1001 1003 1005 1009 1013 1024 1027 1035 1036 1037 1038 1041 1044 1048 1049 1051 1052 1055 1057 1060 1061 1063 1066 1067 1079 
305: 2 10 11 12 17 19 20 22 24 26 30 32 33 34 48 52 55 58 62 63 65 72 74 75 77 79 85 90 92 100 102 104 106 109 119 123 125 127 128 132 142 144 146 150 153 165 166 169 174 181 182 186 188 191 197 199 203 204 207 212 215 217 227 228 231 236 240 242 243 244 245 246 247 249 252 263 264 268 270 275 281 282 289 297 298 300 302 303 304 308 310 311 314 317 319 324 325 327 328 332 337 340 341 342 345 346 353 354 357 358 359 364 365 367 370 372 373 377 384 385 387 391 398 400 402 404 408 411 412 417 420 425 426 431 438 451 452 453 460 461 469 474 475 476 478 480 488 490 491 495 496 502 514 515 520 526 534 535 540 548 549 550 561 562 567 568 569 572 574 584 586 587 599 605 609 611 612 614 623 625 631 632 634 637 639 642 644 647 648 662 665 670 672 676 679 688 692 696 701 705 707 710 711 716 719 722 723 726 727 730 733 738 740 741 742 743 752 754 755 760 762 767 773 774 775 779 782 783 794 795 802 808 812 815 820 826 828 829 831 833 836 837 846 848 849 853 861 863 868 869 876 880 884 885 887 892 894 895 898 899 905 907 913 915 917 918 919 924 932 937 938 940 954 962 971 973 974 975 988 990 991 996 998 1003 1009 1013 1019 1020 1025 1028 1032 1036 1038 1044 1045 1050 1053 1056 1059 1064 1065 1067 1069 1072 1078 
349: 6 15 21 27 29 32 37 40 41 45 46 47 50 51 59 62 63 64 65 72 74 82 85 89 90 92 96 101 106 112 118 119 122 124 126 132 133 134 135 136 137 140 141 142 143 144 152 154 155 158 160 163 168 169 175 189 190 195 196 201 203 204 205 208 210 213 214 216 217 219 222 226 229 231 234 239 240 243 245 246 247 248 249 252 253 261 266 269 270 271 274 278 279 284 285 288 293 298 299 308 315 316 318 322 323 324 331 332 333 337 340 341 344 345 348 350 352 354 358 359 360 362 365 368 373 374 377 378 382 386 389 390 391 394 397 398 399 402 404 405 408 409 410 416 417 419 424 430 431 432 433 438 439 443 445 449 450 452 455 458 460 465 466 467 477 478 480 487 488 489 490 491 494 497 501 506 513 519 521 522 524 526 529 531 536 538 540 543 546 547 548 551 552 554 555 556 559 560 562 564 572 573 577 578 579 582 586 588 596 599 605 609 616 619 621 625 627 630 632 633 635 636 638 639 643 647 659 660 664 665 666 667 668 674 680 682 683 689 691 693 700 702 703 704 706 708 711 712 720 723 726 727 731 733 735 743 744 748 753 761 763 766 772 775 778 780 781 783 784 790 791 793 803 804 805 808 811 813 814 820 822 823 824 839 844 857 860 863 865 879 880 887 890 892 895 897 898 900 902 905 906 908 912 915 918 919 920 927 928 939 944 945 946 950 958 960 961 969 970 981 983 984 986 992 995 998 1000 1003 1005 1006 1007 1008 1009 1018 1024 1028 1029 1033 1036 1037 1039 1045 1053 1058 1063 1065 1070 1078 1080 
338: 5 7 10 13 15 20 21 22 26 27 31 41 55 64 65 66 69 70 77 89 102 108 111 113 119 120 121 122 128 132 135 139 140 143 146 148 149 154 157 159 160 162 166 170 171 175 176 178 179 183 187 198 200 207 211 212 214 217 218 220 226 228 232 233 236 240 244 246 251 254 256 258 259 260 263 265 272 274 275 276 277 281 282 283 289 290 291 295 298 302 303 304 306 310 315 316 319 321 324 335 337 340 347 351 352 354 357 361 363 364 365 373 375 377 378 379 383 384 388 390 391 411 412 419 421 424 425 435 437 440 443 447 449 450 453 456 457 459 460 462 464 467 470 477 481 487 488 490 495 496 497 498 499 502 505 507 509 512 513 514 516 518 521 526 535 538 539 551 556 558 561 566 569 571 572 579 580 585 589 591 593 596 599 604 606 621 623 624 631 632 633 641 643 647 648 660 662 663 667 669 670 673 675 676 680 684 686 688 690 697 698 700 707 710 712 715 716 718 719 723 724 725 728 730 731 736 746 748 749 752 753 758 762 763 765 767 770 773 778 780 782 785 786 787 789 796 797 804 805 806 807 808 812 815 817 824 828 829 831 840 848 849 851 852 855 857 858 861 862 866 868 869 870 871 876 881 883 888 890 895 897 898 899 901 902 904 909 910 911 920 931 932 934 937 939 942 946 947 948 951 954 956 961 965 967 972 973 974 976 977 978 979 980 986 990 995 998 1011 1012 1014 1015 1016 1025 1028 1032 1037 1040 1043 1045 1047 1055 1059 1061 1067 1069 1072 1073 1075 
326: 2 4 6 7 14 20 23 24 29 30 34 37 45 52 58 60 75 78 79 82 86 89 91 95 96 103 104 113 119 124 127 129 130 132 137 138 141 146 149 150 151 155 168 170 174 175 177 182 188 189 191 195 197 199 204 205 206 207 211 218 219 220 221 222 224 226 228 229 231 237 240 242 244 247 249 258 261 262 265 271 272 283 290 291 294 295 296 297 298 300 303 308 311 312 313 316 317 319 320 325 327 329 333 337 338 339 341 343 345 348 349 351 352 353 354 358 359 360 362 363 366 368 369 370 371 373 379 395 398 399 405 412 415 416 430 431 432 433 438 443 444 447 449 450 453 457 461 465 478 485 488 494 502 505 509 519 521 523 525 529 530 537 539 541 542 543 545 546 551 555 556 557 559 560 564 567 569 571 575 577 585 586 589 597 598 599 606 607 608 609 614 618 620 621 622 627 630 633 637 641 646 649 651 655 657 658 663 665 673 674 679 680 684 685 688 689 698 700 702 703 705 707 709 710 712 718 719 723 729 734 739 740 741 743 751 753 754 761 769 774 775 783 784 793 794 795 799 802 803 804 809 814 832 835 836 841 842 852 855 861 867 870 871 874 881 886 889 891 893 895 900 903 904 918 920 923 924 930 935 936 938 943 944 945 950 952 954 958 959 967 969 970 982 991 997 1001 1004 1005 1012 1013 1014 1015 1017 1020 1022 1023 1024 1025 1027 1028 1029 1030 1033 1034 1047 1050 1054 1058 1060 1064 1065 1068 1070 1072 1075 1078 
327: 0 6 9 10 13 16 18 19 20 21 23 25 27 36 37 39 50 52 53 57 71 72 75 77 78 80 81 82 89 91 92 115 116 119 121 122 126 128 130 133 134 136 138 139 140 141 147 149 153 157 159 160 165 168 170 174 176 180 183 186 187 190 194 198 201 202 207 211 218 219 223 228 232 236 238 239 241 250 254 255 257 259 261 262 263 264 266 271 272 275 279 280 281 282 284 286 287 291 292 294 299 301 308 312 313 318 322 324 325 330 337 348 349 350 352 358 360 373 380 387 390 391 393 395 397 403 404 407 408 412 414 415 433 439 440 450 454 457 462 466 467 468 471 472 474 475 476 478 490 495 496 497 500 501 510 511 512 515 518 520 524 526 531 536 537 539 540 541 542 553 554 558 562 564 570 571 574 583 584 586 587 589 592 597 600 603 604 605 607 615 616 618 625 629 633 634 635 639 641 643 645 646 647 652 654 656 662 665 666 668 672 674 676 687 690 692 699 701 702 705 712 715 716 720 722 727 730 734 737 739 748 762 763 766 772 775 778 783 791 793 796 798 800 803 804 805 808 810 811 812 813 814 822 823 828 835 838 841 843 844 845 849 852 856 865 874 875 876 878 880 881 887 894 899 907 920 924 925 928 933 934 935 941 948 958 969 971 977 980 983 985 986 992 995 996 999 1001 1005 1007 1009 1012 1013 1014 1015 1020 1024 1026 1031 1033 1034 1036 1039 1041 1043 1044 1045 1049 1052 1053 1057 1060 1063 1065 1071 1072 1073 1074 
316: 3 8 10 18 24 27 32 33 34 39 42 43 44 51 61 62 68 75 77 78 80 81 84 90 91 93 94 101 103 111 115 116 120 124 125 133 136 137 141 142 144 145 146 153 156 158 159 165 173 174 181 190 191 192 193 194 196 197 210 212 221 222 228 231 233 235 238 241 243 245 251 257 260 261 266 276 277 278 286 289 292 296 308 311 312 314 316 320 322 326 328 331 332 344 346 353 364 366 367 373 376 384 386 392 393 397 409 411 416 419 424 425 426 430 431 432 434 444 445 446 448 465 468 470 471 473 474 477 479 484 486 489 492 498 500 504 507 510 511 512 516 518 525 528 535 536 543 547 548 564 568 586 591 593 596 597 608 611 612 613 615 618 621 630 634 636 639 641 642 643 649 651 654 655 656 659 662 667 674 675 676 677 678 688 694 702 706 707 710 713 714 716 722 729 731 732 733 735 739 741 742 743 745 746 752 762 763 765 775 777 780 781 784 787 788 794 798 803 806 809 818 819 823 824 825 829 834 837 840 841 842 845 850 851 852 857 859 860 869 871 873 875 885 887 889 891 892 893 894 895 898 900 903 904 905 907 913 915 920 921 922 923 924 925 930 934 936 940 943 946 951 957 959 960 965 967 971 974 976 977 978 983 990 991 993 995 997 998 999 1006 1009 1013 1016 1017 1020 1023 1025 1028 1032 1036 1037 1043 1045 1046 1049 1050 1051 1053 1054 1058 1060 1067 1070 1072 1073 1075 
334: 0 7 9 12 14 18 19 27 28 30 31 33 35 38 39 40 42 45 54 57 60 72 80 86 88 100 102 108 109 112 118 121 123 132 137 139 141 142 144 149 150 151 153 156 157 162 164 166 167 168 171 172 174 176 177 179 181 184 185 187 191 192 193 202 207 208 215 217 218 220 226 230 232 234 235 237 240 249 251 253 255 256 257 266 267 272 275 277 281 287 289 290 291 292 293 304 325 327 330 332 334 336 340 342 344 345 346 348 351 355 357 358 368 371 374 379 381 387 388 400 401 402 404 405 413 418 420 421 425 426 427 429 433 434 437 439 440 442 446 448 450 451 455 456 457 458 463 464 465 476 477 481 487 489 490 491 495 497 502 503 506 508 510 512 514 515 520 524 528 530 532 534 535 537 547 548 558 559 560 562 567 570 571 572 577 583 589 593 596 599 600 602 603 604 607 614 616 619 620 629 630 636 640 643 645 648 651 665 666 669 671 675 680 681 683 685 686 689 692 696 698 708 722 726 727 729 730 731 740 742 743 745 746 748 749 750 751 756 757 762 766 767 768 770 775 779 780 783 784 787 789 790 792 793 805 806 809 811 812 813 815 822 824 825 827 830 850 851 855 858 868 869 871 878 882 885 887 889 896 898 900 901 902 907 912 915 925 928 934 936 939 942 948 951 956 957 959 962 966 971 972 976 981 988 990 992 996 1001 1009 1012 1014 1016 1018 1021 1023 1027 1028 1031 1036 1043 1044 1048 1050 1052 1053 1056 1057 1058 1062 1068 1071 1073 1077 1078 
328: 0 3 10 11 16 19 23 26 32 39 41 45 50 55 60 61 62 68 72 73 75 77 80 83 85 86 90 91 93 97 98 100 103 106 107 110 111 114 117 119 122 124 125 130 136 139 140 143 146 147 151 152 153 164 167 170 172 173 174 175 177 178 185 186 187 189 193 194 195 200 204 208 213 214 215 220 224 229 230 231 238 240 242 248 255 258 263 264 265 267 269 271 274 276 283 284 285 286 292 295 296 297 303 304 306 307 310 314 315 316 320 323 330 331 336 338 342 348 350 355 356 357 358 362 363 364 365 367 369 373 379 385 386 389 390 391 395 398 400 401 402 404 406 408 409 411 420 423 425 439 441 446 447 449 453 461 467 474 477 479 482 484 488 489 493 494 495 497 503 513 514 518 521 522 525 527 538 539 542 550 552 553 554 555 556 558 559 560 568 573 576 577 578 580 582 589 590 597 598 602 604 610 621 628 629 632 637 641 642 651 652 654 662 665 666 667 668 669 683 688 689 698 700 701 703 708 713 716 717 720 728 731 734 743 748 758 759 764 766 779 781 786 788 790 791 792 793 795 798 799 808 810 811 819 820 821 825 827 836 837 842 846 853 856 858 861 862 864 869 874 875 879 885 889 899 901 902 904 905 908 909 910 911 916 918 921 922 927 929 934 935 953 957 959 960 967 968 982 987 988 995 997 1001 1006 1009 1010 1016 1019 1021 1022 1023 1027 1029 1033 1035 1040 1046 1047 1049 1051 1063 1065 1067 1069 1070 1076 1079 1080 
330: 7 9 12 15 17 20 21 25 29 30 33 34 36 41 51 59 63 68 71 74 87 91 93 103 104 105 107 110 118 121 122 124 131 142 144 156 157 158 163 167 170 172 177 181 184 200 203 220 222 223 224 226 230 232 234 236 237 242 243 244 245 250 256 259 260 263 269 276 279 291 300 304 307 310 311 315 322 324 326 328 330 335 338 347 349 354 364 368 371 375 376 379 380 384 386 387 393 398 399 401 402 404 405 407 408 412 413 422 423 427 429 431 435 440 441 442 443 451 453 455 457 460 465 467 469 475 477 478 482 486 488 492 497 500 501 506 509 510 513 514 518 519 522 524 526 529 532 534 536 538 542 545 546 549 550 554 557 558 559 562 564 569 572 575 576 578 580 585 586 587 588 591 594 595 598 599 602 603 605 606 610 611 612 613 615 620 624 625 628 629 631 635 638 643 645 646 647 651 654 656 657 658 659 665 666 671 674 676 679 681 683 685 694 695 698 699 702 705 707 708 711 713 719 720 729 731 734 736 743 744 745 747 752 758 760 764 768 771 773 775 776 783 789 792 796 799 800 801 803 805 809 815 816 821 829 830 831 832 836 842 850 851 856 859 864 870 871 881 883 887 889 890 894 896 901 903 909 912 920 922 924 926 927 931 939 940 942 946 950 951 953 955 956 958 966 971 973 975 977 981 982 983 985 991 992 993 997 999 1001 1004 1005 1008 1010 1014 1020 1023 1028 1030 1032 1033 1036 1037 1041 1046 1049 1050 1052 1053 1062 1066 
308: 3 14 16 18 19 20 22 23 24 32 33 35 49 55 58 68 72 73 75 81 85 86 91 97 101 109 110 113 114 120 121 132 137 138 139 144 145 152 155 157 163 165 166 167 171 176 180 181 183 184 185 192 194 198 199 203 216 218 219 221 222 224 225 229 232 236 239 242 246 248 250 251 252 253 255 257 258 259 260 267 268 270 276 277 279 283 284 290 297 299 302 305 306 312 315 317 321 329 330 332 336 337 338 339 340 346 351 353 356 358 359 360 365 367 370 373 374 378 379 385 386 390 392 396 400 401 402 405 409 410 417 422 434 435 438 439 441 443 445 452 455 458 466 469 473 474 477 479 483 492 496 501 506 521 523 525 529 530 539 542 548 550 557 558 569 580 583 591 594 595 596 597 601 609 614 628 636 637 639 642 643 644 646 650 656 661 665 667 669 670 679 681 684 695 699 701 712 719 720 726 728 730 737 739 741 744 751 753 754 755 764 770 771 773 775 781 782 788 790 791 792 802 813 817 819 823 828 832 833 837 839 841 843 846 848 850 854 857 861 862 865 867 871 873 879 881 882 883 888 889 890 898 902 910 913 915 917 920 922 923 924 932 935 936 940 945 947 953 956 957 964 965 968 972 973 974 988 990 1003 1004 1008 1009 1012 1014 1017 1018 1021 1025 1026 1030 1032 1035 1038 1041 1045 1050 1051 1052 1056 1057 1061 1063 1069 1072 1076 1077 1078 1080 
341: 1 6 9 12 13 15 18 20 24 30 31 36 37 43 44 45 53 56 57 58 59 60 61 62 66 69 70 76 77 83 84 86 87 94 97 98 100 105 111 112 115 117 122 127 130 131 132 134 135 136 139 140 144 147 152 153 154 155 156 162 167 171 173 174 177 180 181 185 188 192 201 203 207 210 211 212 217 218 219 220 224 225 226 229 230 232 238 240 242 243 247 248 252 258 263 264 268 270 271 272 276 278 280 282 291 297 303 304 311 315 316 328 329 340 341 342 348 350 352 356 357 358 371 374 375 378 380 381 382 384 388 390 392 400 401 403 405 408 410 411 416 417 420 421 434 444 446 449 451 453 460 462 463 466 470 471 472 473 475 476 480 482 489 490 491 494 501 503 516 517 521 522 526 529 538 540 543 545 548 551 552 560 570 574 579 580 583 588 591 594 597 601 608 612 614 618 619 621 623 624 626 630 633 639 641 642 644 647 654 656 662 664 667 669 673 674 676 679 680 690 693 695 696 698 703 706 707 709 710 713 717 718 723 727 728 731 732 733 735 742 743 748 752 758 762 763 769 772 775 777 779 786 788 789 793 803 810 817 818 822 823 827 828 831 837 845 848 849 852 855 856 863 864 865 867 868 869 870 874 876 877 881 882 883 889 896 900 913 916 919 922 923 925 928 934 936 940 943 953 954 956 958 970 973 980 981 985 988 989 990 994 999 1002 1004 1010 1017 1018 1019 1023 1024 1028 1029 1031 1036 1037 1040 1041 1042 1044 1048 1050 1053 1061 1062 1065 1066 1068 1069 1071 1073 1074 
327: 2 8 9 10 12 18 19 20 21 30 31 39 43 47 50 51 52 58 61 68 69 82 83 93 97 103 107 110 113 114 120 122 125 129 131 132 135 136 137 138 143 144 147 148 150 152 158 160 162 167 171 172 173 175 178 179 180 181 186 188 193 198 199 200 209 211 212 213 214 227 229 234 236 237 239 241 244 245 246 247 250 251 252 253 259 265 273 275 276 289 291 293 294 296 300 301 303 304 314 316 317 322 323 325 331 335 336 338 339 348 352 362 363 366 368 381 383 384 387 388 396 397 399 401 405 406 411 413 416 417 418 419 421 423 431 432 434 437 440 441 442 443 445 450 454 460 465 468 474 481 482 484 489 492 494 496 502 506 512 516 518 522 526 527 529 532 536 537 550 559 560 561 568 571 572 574 583 584 588 593 595 597 599 606 613 619 627 631 633 641 649 652 653 663 665 675 678 681 683 684 687 688 690 694 698 699 701 705 707 708 712 713 714 717 719 723 725 726 731 735 738 741 742 747 754 755 760 762 763 764 766 767 768 770 772 774 775 777 778 779 784 791 794 796 797 799 801 802 804 814 816 820 830 835 843 844 846 853 858 862 865 867 872 877 879 881 882 884 887 890 894 896 897 904 905 906 907 908 909 913 916 920 923 928 935 939 942 944 945 947 948 953 956 957 966 968 970 977 983 986 994 997 998 1000 1001 1002 1007 1008 1010 1013 1017 1019 1024 1028 1035 1036 1045 1048 1049 1051 1054 1057 1061 1068 1072 1074 1078 
349: 2 6 7 10 13 17 22 26 29 30 31 34 35 38 39 42 44 46 52 59 60 61 63 66 67 68 73 74 75 80 81 86 87 88 89 91 93 94 97 103 104 106 108 111 112 113 115 119 122 125 127 128 129 130 133 134 136 144 149 157 161 163 164 168 169 171 173 174 177 183 186 190 191 192 195 200 201 204 209 210 211 212 213 214 215 218 227 229 230 234 238 241 243 246 255 257 260 261 267 268 273 276 279 284 287 293 295 296 297 298 303 307 308 312 315 317 318 319 328 336 337 338 347 349 350 351 354 355 362 370 371 376 377 386 387 389 390 391 394 397 401 402 415 417 423 424 428 431 433 435 441 452 455 459 460 461 462 463 465 470 472 479 480 481 486 490 502 511 514 515 516 518 522 523 524 526 530 535 538 539 540 541 542 543 544 546 554 559 561 562 563 566 570 573 578 579 593 594 596 599 600 602 603 605 606 608 611 612 614 616 618 625 626 627 629 634 635 636 637 647 649 650 651 659 661 668 673 674 681 682 688 690 692 695 707 711 712 715 722 728 732 733 738 742 746 748 749 753 760 761 763 771 786 788 789 790 793 795 800 801 804 806 809 811 814 816 817 820 821 825 826 828 829 831 832 835 838 840 848 849 851 852 853 855 858 861 862 871 875 877 878 880 896 898 906 908 912 915 916 924 925 932 933 937 941 942 945 947 948 949 952 955 958 961 962 964 968 970 973 976 978 982 983 984 986 993 994 995 996 998 1000 1005 1006 1012 1022 1029 1032 1035 1037 1040 1052 1054 1064 1065 1071 1073 1077 1078 1080 
Days = 7
Shift constraints
2 6
2 5
1 6
0 7
1 6
3 4
true
true
Forbidden sequences = 2
3 1 
2 3 

