# Randomly generated data for the integrated task scheduling and personnel rostering problem, skilling=0,300 and tightness=0,600 seed=25200
Tasks = 712
925 991 26
629 695 21
378 472 24
426 521 2
365 421 9
930 1032 13
378 465 21
605 643 19
840 962 4
884 931 23
363 465 1
600 664 18
603 700 14
847 900 23
622 721 2
601 661 26
603 699 22
383 450 7
843 969 23
606 641 12
603 654 13
840 896 1
971 1057 4
380 413 13
605 667 19
884 939 22
849 939 9
761 796 26
455 556 25
474 527 24
407 465 27
847 974 2
443 574 26
600 735 1
939 1071 9
840 945 3
360 414 24
847 982 26
907 990 4
897 1001 1
425 502 15
850 971 20
388 429 19
626 694 5
441 567 3
393 462 21
611 678 11
491 591 23
365 464 8
929 974 23
511 584 15
360 425 16
971 1037 20
461 554 20
1079 1170 9
932 1038 15
760 859 21
383 466 4
1031 1088 19
622 693 27
633 704 6
1021 1069 18
925 964 26
989 1038 23
665 709 18
695 792 27
374 444 1
604 709 17
1002 1089 1
627 730 20
631 703 27
926 996 11
984 1091 20
479 594 7
482 554 8
469 547 21
537 652 24
727 831 2
850 931 3
436 484 4
874 1016 19
847 952 2
374 464 11
601 681 7
859 946 17
432 516 13
603 682 13
710 772 18
417 528 24
542 617 25
964 1061 3
379 422 17
360 489 21
855 945 10
600 688 8
375 487 5
611 723 0
854 963 22
364 496 21
362 464 11
847 926 22
360 422 24
529 568 24
600 646 18
665 738 26
363 502 1
608 682 0
873 959 24
632 707 23
368 478 9
620 663 7
500 577 17
1107 1151 20
643 713 19
446 528 18
984 1065 23
687 746 15
900 956 25
688 749 8
615 669 16
844 932 9
903 956 15
600 696 7
605 677 11
370 442 0
646 720 12
608 689 25
772 883 18
1108 1151 15
600 660 1
364 453 16
376 436 20
728 836 25
1086 1127 3
840 904 13
845 910 12
709 798 17
1052 1131 4
912 959 12
850 898 12
674 804 19
362 462 6
510 603 21
611 683 19
663 774 13
666 745 14
1174 1230 9
602 701 7
748 829 11
703 732 7
621 677 6
691 811 7
370 408 2
705 738 24
607 671 14
521 625 13
1172 1269 20
751 840 8
715 768 25
723 792 20
750 867 6
629 738 17
360 457 5
600 710 14
1232 1314 9
567 684 8
431 470 17
794 903 27
631 708 13
743 873 26
951 1048 22
655 719 4
569 625 24
838 913 6
420 552 3
776 859 13
706 792 7
899 987 0
863 920 10
978 1081 23
486 571 27
462 564 6
421 466 16
463 598 5
668 714 1
841 917 26
457 509 16
627 699 23
383 520 2
568 659 6
808 877 20
898 951 14
613 650 27
703 787 27
661 726 6
451 556 16
942 1061 18
726 779 19
422 477 24
723 793 14
949 1015 6
402 496 22
443 519 0
603 689 24
876 927 26
481 567 11
478 554 24
1053 1084 22
1130 1234 3
705 784 7
1095 1154 22
600 660 15
851 930 0
367 433 12
696 766 5
649 733 20
500 619 9
641 716 15
949 1053 18
805 870 17
812 891 17
626 699 7
391 472 10
946 1016 3
646 759 10
895 1033 15
872 977 6
979 1103 2
523 615 16
1188 1288 19
937 1018 26
650 727 21
912 994 13
475 569 4
414 502 5
556 607 24
862 971 18
705 833 24
377 474 4
610 715 24
669 790 16
1176 1239 18
360 468 27
428 496 3
392 448 12
753 875 20
706 790 27
504 606 10
934 1028 22
929 963 26
952 1026 23
444 518 5
695 783 13
714 781 24
399 492 25
647 751 17
956 1029 2
998 1084 13
516 619 1
927 1012 23
1034 1102 19
806 884 19
988 1022 12
578 647 4
916 1036 12
601 708 13
1036 1146 12
1077 1201 26
742 788 0
1012 1074 15
709 748 14
718 756 1
368 433 20
1052 1152 13
1106 1183 23
895 944 3
794 874 14
766 800 15
1158 1199 22
1209 1304 4
725 799 0
868 974 5
871 943 25
662 796 22
1102 1196 18
370 490 21
1026 1103 0
512 589 25
1028 1115 3
926 1015 20
716 786 19
905 978 27
717 855 20
728 810 12
710 769 7
501 633 21
710 839 14
1048 1131 12
1096 1230 17
813 897 19
800 864 4
626 685 25
937 1012 9
436 559 2
876 935 10
791 852 0
361 441 8
825 953 7
901 1007 25
999 1059 25
746 825 27
465 566 11
1059 1172 4
853 895 24
452 570 12
496 586 21
484 600 16
914 942 6
739 857 7
767 819 1
712 783 13
871 949 25
872 947 24
898 974 19
654 713 23
1074 1166 22
874 969 3
996 1076 26
677 762 14
847 915 13
562 594 2
959 1074 14
586 686 2
505 578 27
828 930 12
624 705 6
360 469 11
801 864 0
883 997 22
1089 1197 1
1169 1250 22
1020 1089 9
847 939 24
520 639 0
554 644 10
968 1030 22
1019 1094 3
885 941 2
991 1073 3
626 711 24
375 479 21
704 811 14
884 966 18
882 1019 20
868 924 7
459 586 12
729 819 6
1199 1319 1
521 575 2
470 551 1
940 994 11
646 700 18
851 914 18
1190 1280 23
822 899 1
971 1090 18
716 758 24
1125 1203 7
1049 1129 5
646 734 21
1016 1105 26
572 656 12
504 573 21
489 589 4
871 940 7
864 908 5
1015 1139 23
423 492 9
619 678 9
778 851 7
769 822 5
624 751 21
1008 1058 25
1160 1239 23
719 824 3
441 489 8
670 808 4
680 793 9
702 809 18
489 551 5
612 675 4
804 897 19
636 695 16
943 1006 14
612 706 8
483 560 4
1139 1223 12
697 745 27
644 782 10
511 613 9
490 584 8
1145 1225 26
760 817 24
913 1032 0
862 958 21
571 661 11
1160 1218 24
737 870 1
1029 1155 2
922 965 10
1072 1170 22
859 987 27
975 1034 24
775 892 14
505 618 19
1261 1319 22
828 891 5
906 972 19
806 867 24
696 766 15
790 893 16
593 623 12
903 951 1
911 980 7
963 1038 3
876 918 22
871 961 17
1190 1312 23
1081 1208 26
615 709 9
859 990 0
978 1059 19
978 1056 27
599 687 5
839 936 22
1181 1239 15
994 1075 7
974 1053 19
639 737 0
1259 1290 24
1105 1243 2
853 935 10
785 882 13
1118 1235 14
988 1079 0
457 566 25
932 1005 13
621 690 6
955 1086 5
1176 1254 4
809 846 18
594 635 27
1087 1148 13
564 684 16
506 580 22
424 533 26
569 682 20
1085 1145 13
671 780 12
735 825 18
1219 1293 7
592 636 8
689 791 11
865 954 0
602 664 10
366 504 27
521 621 27
938 1003 10
591 686 11
611 703 3
960 1053 7
899 1010 12
626 724 12
1084 1170 3
382 498 16
615 679 4
1160 1234 13
840 907 8
703 819 8
814 877 14
907 992 8
828 894 27
1028 1122 0
1155 1277 5
1132 1207 3
555 656 1
680 756 16
1217 1298 22
487 535 11
933 967 10
979 1067 15
552 622 5
688 777 5
742 810 0
898 974 6
1154 1208 0
644 770 10
777 901 15
1064 1155 23
1245 1319 23
662 701 11
958 1059 24
1174 1292 12
1197 1301 18
764 819 16
628 765 1
564 695 21
377 490 17
1047 1122 23
651 771 6
781 854 13
616 723 16
829 944 15
510 590 17
809 854 27
687 808 2
904 1042 5
912 1005 24
941 1063 22
1099 1185 3
971 1071 25
574 660 21
966 1016 26
994 1039 8
601 730 22
1047 1145 24
993 1064 6
656 783 5
598 698 25
711 795 6
1175 1226 2
810 893 6
992 1076 10
1096 1160 7
688 802 16
626 681 3
1153 1187 24
594 683 25
714 811 24
765 854 22
1168 1211 7
1210 1314 26
708 788 16
1260 1308 25
742 815 12
1248 1313 7
870 997 1
884 989 13
637 721 8
847 936 18
614 686 21
765 812 1
1072 1196 25
492 568 20
711 810 23
953 1057 12
936 1001 18
724 819 8
1238 1293 2
629 707 4
590 686 1
1242 1305 14
968 1047 17
682 802 4
931 1000 6
956 1016 0
665 726 1
1213 1299 10
597 710 17
903 1021 21
548 656 11
994 1059 10
742 807 17
516 655 3
755 821 8
1045 1137 11
736 810 4
717 813 11
1028 1119 21
1034 1084 10
558 632 3
876 946 7
1089 1196 10
882 929 14
748 817 21
1053 1142 12
1137 1211 21
1257 1319 4
1090 1218 9
375 430 21
967 1059 18
1133 1239 0
904 960 17
541 630 26
937 1017 19
906 1036 17
721 819 4
530 639 20
489 586 17
946 1055 7
963 1058 26
933 1057 14
1105 1191 5
1152 1235 12
1179 1298 13
906 962 10
897 975 27
706 791 3
1084 1175 6
1021 1108 2
742 821 23
1227 1319 12
1250 1314 2
630 720 5
820 915 16
617 716 17
1223 1309 6
1002 1058 18
1104 1223 19
943 1026 14
1187 1311 3
793 850 17
1232 1318 9
1235 1289 3
441 490 21
797 860 13
722 813 5
709 808 11
1080 1147 22
880 907 13
739 819 9
736 817 1
804 925 11
714 815 21
718 782 20
1271 1317 20
379 451 15
1219 1311 25
942 1053 13
735 798 22
567 661 17
1241 1317 18
866 970 14
767 811 25
1223 1313 26
714 781 16
949 1012 7
1124 1255 2
1180 1247 22
822 920 11
847 971 8
892 1004 27
925 1050 16
716 776 3
706 783 25
966 1057 7
805 901 4
1248 1309 22
771 856 10
1219 1297 11
681 787 21
1249 1300 12
958 1024 1
899 965 14
1112 1202 24
737 812 21
1174 1299 13
689 818 5
1265 1313 5
717 819 17
1021 1059 1
1181 1303 23
912 1039 16
728 806 16
1211 1273 24
909 1034 4
607 707 2
966 1034 14
1235 1312 21
985 1050 27
830 899 11
716 819 2
1080 1147 15
907 1017 22
1189 1296 3
968 1080 10
710 811 21
1049 1135 22
966 1034 17
942 1005 15
864 938 13
989 1058 13
1235 1304 13
1188 1310 24
1265 1299 0
944 1051 11
1159 1299 0
1103 1194 19
942 1049 13
740 803 13
653 767 27
1226 1311 19
682 768 27
969 1058 11
1180 1285 23
981 1043 25
1162 1254 22
1205 1315 22
1119 1186 20
591 676 25
1088 1183 10
695 763 25
Shifts = 4
0 0 0 0 0 0
360 0 0 460 0 0
600 0 0 460 0 0
840 0 0 480 0 0
Employees = 10
208: 2 6 9 16 20 23 24 30 32 43 48 49 53 55 56 61 69 70 72 73 75 76 77 78 81 87 90 91 94 103 104 109 115 119 120 124 126 129 133 136 142 144 146 148 151 153 154 160 166 169 170 173 178 184 187 188 190 202 208 210 213 215 227 231 235 239 240 245 249 251 258 259 260 261 263 265 271 272 278 281 283 285 290 292 295 303 319 320 325 328 332 338 343 345 347 355 356 357 360 361 362 363 364 368 371 381 383 388 394 398 403 404 410 413 420 421 422 428 430 434 436 438 440 442 445 447 450 460 462 465 472 483 484 485 486 487 489 490 491 492 493 495 497 503 505 507 509 520 521 529 531 532 537 539 540 544 545 547 548 549 556 560 561 562 563 564 567 569 570 575 584 585 591 604 609 613 617 619 623 625 628 629 632 633 634 636 639 640 647 658 659 662 664 666 672 673 676 680 681 683 687 689 691 697 699 705 706 707 
200: 1 3 6 7 9 18 31 32 33 44 48 49 51 53 55 57 59 60 62 65 70 74 76 79 80 89 90 91 97 107 116 119 127 132 134 140 141 144 145 148 152 158 165 166 167 172 176 179 181 187 189 192 194 199 201 202 206 210 211 216 219 220 221 225 229 232 233 234 236 238 241 246 248 255 257 260 263 274 277 279 280 283 284 286 287 291 293 297 304 321 325 333 336 337 340 341 350 351 356 366 372 377 386 387 388 390 393 396 397 398 402 404 407 408 410 411 412 413 414 420 421 423 425 427 430 431 432 436 437 448 452 454 456 458 474 476 477 478 485 488 494 496 501 511 514 522 524 526 533 535 536 538 540 542 545 546 551 553 563 565 570 575 578 579 586 587 590 592 594 598 599 607 618 619 627 628 636 637 639 645 653 660 661 662 664 670 674 675 678 682 683 684 690 692 698 701 703 705 707 709 
212: 0 7 8 9 14 17 20 33 36 44 55 56 60 64 66 67 70 73 74 75 79 87 92 94 98 99 101 102 108 116 118 124 126 128 130 132 133 136 139 144 146 147 149 152 153 157 159 175 176 177 178 181 184 186 190 193 196 197 198 209 210 215 219 221 230 238 242 243 248 251 252 261 270 276 282 285 289 290 295 300 307 308 311 317 320 321 323 325 326 331 332 335 343 344 346 348 349 356 357 366 367 369 373 375 376 382 385 386 392 397 399 403 408 409 410 415 418 426 427 430 434 435 444 446 447 448 450 455 457 459 468 470 471 473 475 477 480 481 484 486 491 494 503 504 506 510 514 523 525 530 532 539 542 543 548 549 551 555 558 560 561 562 564 565 567 568 571 573 576 584 585 588 593 595 596 602 603 614 620 622 626 629 633 638 641 642 645 646 648 651 652 653 657 658 661 663 665 668 670 672 674 676 678 679 685 687 688 691 698 699 710 711 
199: 8 13 14 16 17 19 23 28 34 37 41 42 47 50 54 59 69 71 73 77 81 85 87 89 95 96 98 107 108 109 111 117 121 123 128 132 137 138 142 143 166 171 174 179 180 181 185 189 192 193 198 204 206 207 208 216 218 226 227 230 231 234 240 251 256 259 267 269 271 274 277 279 280 283 290 291 293 296 301 302 308 313 315 316 318 323 328 329 332 333 335 338 339 343 344 347 358 362 363 367 369 370 376 378 380 382 383 387 391 393 396 402 412 413 414 418 425 426 437 439 440 446 453 454 457 458 460 462 463 470 472 473 474 475 478 484 485 487 490 494 499 504 509 511 516 517 523 525 527 528 535 536 539 546 559 561 563 567 570 572 575 580 583 586 590 591 593 594 596 603 604 607 611 618 620 622 625 636 642 643 645 646 648 658 666 667 668 673 676 682 683 685 686 692 693 698 707 709 710 
215: 1 2 3 4 9 14 15 17 19 20 21 22 24 25 29 30 32 36 39 41 42 43 47 48 54 63 68 71 74 76 81 84 92 93 98 104 106 113 114 117 118 120 122 123 124 125 126 129 136 139 141 142 149 150 159 160 166 169 171 173 182 184 185 187 199 200 204 208 214 215 216 217 220 225 235 236 241 243 244 246 249 251 253 254 257 263 267 274 282 283 284 287 289 293 295 300 314 316 317 318 325 329 333 334 335 336 339 340 343 344 349 350 351 354 357 361 364 368 374 377 379 381 392 398 399 400 408 411 412 414 415 417 418 419 420 426 429 432 442 446 450 459 462 463 468 470 472 474 475 478 481 491 494 495 507 509 510 511 513 518 519 525 527 534 535 537 542 550 554 555 557 558 565 566 568 569 573 579 585 589 590 597 600 605 609 610 620 621 627 630 631 632 633 637 639 640 642 643 648 649 652 655 662 663 668 669 677 678 684 689 694 695 700 703 711 
208: 0 1 9 14 17 26 31 33 38 45 46 47 49 51 53 56 60 63 66 67 68 69 73 78 81 86 96 100 108 109 110 111 116 118 121 122 124 130 137 139 148 151 155 158 160 162 164 169 170 173 183 184 185 195 196 203 204 206 207 210 211 213 214 215 216 220 221 230 234 237 239 241 243 245 248 250 252 255 256 263 267 270 276 277 278 279 280 283 290 292 294 300 301 303 306 308 309 310 315 316 321 322 323 324 326 329 335 337 341 346 347 351 353 357 370 371 372 373 376 377 379 388 394 398 402 415 417 418 419 421 433 437 441 446 449 451 452 453 454 458 460 463 464 468 469 471 474 480 481 482 486 487 490 497 501 505 508 510 514 517 520 521 524 525 526 534 538 539 549 559 565 571 574 581 589 592 599 601 606 610 611 616 621 625 632 643 644 645 646 650 657 662 664 665 666 667 668 679 680 682 689 690 695 697 698 701 703 704 
226: 0 3 6 8 9 10 11 13 15 22 27 32 35 37 44 46 51 52 58 60 61 72 73 75 82 88 91 92 94 95 97 98 101 104 106 109 118 124 135 136 138 140 152 160 163 166 167 168 169 173 174 181 183 184 187 188 191 195 197 198 200 205 206 207 210 217 222 223 224 229 235 236 237 238 239 247 250 255 257 260 262 266 268 269 270 273 280 281 282 283 284 285 289 292 296 297 299 300 301 303 304 305 307 309 312 314 315 318 320 324 331 332 334 338 339 343 345 346 349 355 359 360 364 366 370 379 381 383 384 389 390 392 394 395 396 401 402 403 405 406 410 419 423 425 429 443 449 450 452 453 458 462 466 476 477 479 485 486 491 496 498 500 502 511 515 519 520 533 537 541 545 550 552 556 557 559 560 561 566 567 576 577 586 588 589 592 597 598 599 602 606 608 613 614 615 623 625 626 627 631 632 637 640 641 644 645 648 649 651 657 660 671 674 678 683 684 688 691 695 696 701 703 705 706 708 710 
232: 4 7 9 10 12 17 23 25 28 30 32 36 37 39 45 49 52 63 73 76 77 80 83 84 85 87 96 97 110 113 114 115 117 124 125 131 137 138 139 140 142 151 155 162 168 175 177 180 184 188 190 192 197 198 199 200 201 207 216 226 230 235 243 246 248 250 251 252 254 259 262 263 264 266 270 271 275 279 285 288 291 296 297 298 299 306 309 312 314 315 316 318 320 323 327 329 332 333 342 351 352 353 356 357 358 362 363 371 374 375 379 383 385 386 390 396 397 400 401 403 406 409 410 412 415 418 420 423 425 426 428 430 431 435 439 440 441 448 449 453 461 462 464 466 467 471 474 475 476 479 481 482 483 484 492 495 496 508 515 518 521 522 523 524 525 529 530 534 535 537 539 540 541 543 548 557 563 566 568 572 573 574 575 576 581 583 584 585 587 589 594 595 597 598 601 603 607 608 611 612 613 614 620 624 628 631 633 637 641 645 648 650 653 656 658 660 667 668 670 673 675 681 683 693 694 695 697 698 699 704 705 706 
223: 5 6 7 8 9 11 17 22 24 27 31 34 40 41 43 49 50 51 54 55 57 58 64 65 67 72 82 87 88 91 93 94 98 100 103 105 108 112 115 116 120 124 127 130 133 135 140 141 156 157 159 160 161 163 181 186 189 195 199 200 201 206 208 209 212 214 216 220 226 227 228 235 236 239 245 246 247 248 249 251 254 257 261 263 268 273 276 277 281 282 283 286 287 294 298 301 302 308 312 313 316 317 320 335 336 337 338 339 341 342 349 350 351 352 355 357 366 368 373 380 386 387 388 391 392 394 399 400 401 403 405 406 408 410 415 416 417 424 425 431 434 436 437 440 442 445 449 454 455 460 461 465 466 470 471 476 491 493 497 500 506 507 511 512 516 519 526 535 536 537 539 543 544 545 549 554 561 563 564 567 570 571 572 573 575 582 585 587 588 590 595 599 603 608 610 612 615 616 621 622 627 631 632 635 638 640 646 649 658 661 663 666 670 673 677 678 686 690 692 696 697 700 709 
213: 1 3 4 7 12 17 19 26 34 35 36 39 45 48 52 54 56 62 67 74 75 76 77 81 83 84 87 88 91 92 102 105 110 113 121 123 124 126 128 130 133 134 144 145 146 154 158 164 167 169 171 172 176 177 178 179 181 182 186 192 198 199 209 210 211 212 217 218 219 224 226 228 233 236 242 244 246 248 255 258 259 262 263 269 272 276 277 281 283 284 286 288 291 292 295 298 300 301 304 314 316 317 319 321 330 333 347 348 349 351 354 358 361 362 364 365 371 375 381 382 384 387 389 391 392 396 401 402 404 419 423 424 430 431 434 436 438 444 446 447 450 451 453 457 458 460 462 467 468 469 472 478 481 484 487 492 495 501 503 505 506 512 522 527 532 533 535 538 550 551 553 561 569 571 578 580 581 583 590 591 593 598 599 602 611 612 615 621 624 628 634 640 647 648 650 652 653 654 657 658 662 666 676 678 681 687 688 689 696 701 702 705 707 
Days = 28
Shift constraints
8 24
8 20
4 24
0 28
4 24
4 5
true
true
Forbidden sequences = 2
3 1 
2 3 

