# Randomly generated data for the integrated task scheduling and personnel rostering problem, skilling=0,600 and tightness=0,600 seed=70560
Tasks = 704
1053 1129 8
607 700 5
840 936 12
687 745 9
662 742 2
375 468 27
853 980 18
702 816 15
842 958 11
840 954 27
607 668 5
378 453 18
489 598 26
613 689 5
716 818 9
1013 1088 27
867 942 14
435 511 24
382 466 13
625 749 18
406 511 7
686 730 3
377 442 7
451 498 3
669 747 3
605 706 15
607 721 10
394 480 12
881 947 14
439 511 14
512 639 7
505 585 20
602 698 2
605 693 21
939 1086 24
375 464 6
731 826 27
375 444 6
928 1014 15
841 934 11
860 953 11
706 758 26
1077 1172 3
840 899 7
797 855 3
412 462 12
385 515 13
521 576 24
383 448 27
844 916 24
375 447 24
397 503 8
876 948 21
840 904 17
419 468 10
600 689 20
841 948 26
872 906 7
942 1037 24
518 564 3
547 607 3
845 961 20
960 1061 21
465 523 6
862 983 14
850 931 2
965 1086 11
725 785 10
716 765 5
606 682 7
1088 1150 11
605 661 16
928 1009 17
468 547 27
955 1048 17
379 507 0
691 740 20
607 683 14
381 453 5
792 927 10
613 666 1
601 685 15
548 665 27
611 653 19
846 899 20
605 665 1
692 797 15
713 769 20
834 944 27
464 539 5
601 718 25
524 566 6
432 479 17
867 939 25
383 492 6
748 800 3
862 951 22
1008 1036 22
864 1006 25
932 995 7
718 812 25
849 952 22
506 564 6
1130 1226 8
391 474 8
382 433 7
607 661 22
772 910 5
801 881 15
996 1112 14
604 659 4
958 1057 27
375 475 12
619 704 12
865 962 20
845 882 26
840 954 16
972 1034 11
661 729 16
822 919 9
732 810 16
601 747 17
906 1024 22
546 625 5
813 880 25
1024 1105 20
472 569 27
396 494 1
1158 1215 20
605 655 16
840 941 18
600 669 16
775 864 2
606 659 0
669 750 16
497 585 17
740 823 20
507 613 12
516 625 18
847 976 2
376 464 19
383 491 19
712 800 2
389 462 17
991 1044 17
473 605 18
904 978 17
702 835 21
375 443 1
480 538 12
451 544 24
376 421 22
610 727 23
392 442 3
921 1006 5
540 610 12
470 585 13
386 474 13
763 842 26
936 1030 11
657 731 7
610 712 12
1045 1146 14
603 679 21
1102 1155 23
1031 1077 11
475 559 22
654 699 22
693 812 21
901 1038 7
1010 1098 25
717 845 15
962 1029 20
453 501 3
446 571 7
616 658 15
700 783 2
881 980 15
905 950 25
973 1052 20
750 833 16
465 565 6
558 637 19
791 894 2
949 1017 26
390 468 20
481 591 20
1077 1151 11
990 1050 15
826 921 20
395 465 1
376 460 21
620 699 3
841 944 2
647 693 5
410 465 2
840 917 6
618 675 13
1059 1126 26
781 869 23
858 906 15
470 557 21
426 496 15
957 1028 16
575 684 6
668 775 1
572 630 7
626 744 5
383 457 25
1055 1115 22
600 740 4
928 1007 20
849 960 23
664 739 15
771 872 5
840 878 19
1151 1245 11
1091 1189 27
680 745 21
454 529 18
447 547 1
749 805 17
396 514 15
1153 1289 11
870 947 24
922 991 6
387 472 0
650 738 8
847 915 10
910 960 12
844 923 6
743 831 4
1038 1127 11
969 1016 25
844 963 8
376 459 5
877 956 5
840 910 2
1190 1240 3
484 532 12
474 572 8
422 495 22
379 458 11
840 985 3
469 541 17
1208 1260 2
550 609 17
844 911 9
899 977 3
732 792 10
970 1060 22
891 992 5
682 794 16
509 582 0
978 1069 17
1049 1121 22
398 480 24
941 1030 18
490 599 13
693 791 15
600 678 10
476 564 5
498 596 13
687 805 7
496 561 22
812 854 16
780 910 19
1017 1128 26
977 1054 20
496 556 1
482 564 1
600 671 17
382 448 11
620 655 27
871 947 27
853 941 17
716 787 22
470 535 10
607 748 14
734 796 0
1129 1239 26
704 831 14
612 690 13
562 673 22
466 565 1
833 912 16
375 437 0
563 624 21
961 1077 12
841 952 6
478 555 19
673 717 5
950 1053 10
808 904 7
824 898 23
685 771 5
383 464 26
1054 1102 24
407 478 8
1063 1124 27
585 659 12
377 491 23
426 513 0
516 598 15
1061 1130 20
1040 1142 7
1174 1262 22
842 959 8
880 951 25
950 1064 18
655 764 27
577 653 24
1138 1284 11
912 996 9
731 775 5
965 1083 8
952 1020 25
632 740 7
928 996 10
565 652 6
869 964 19
532 618 18
624 675 13
615 727 9
412 478 4
482 519 24
604 686 12
505 574 23
1143 1208 20
387 445 22
694 745 22
673 788 22
883 995 23
858 985 16
1156 1223 14
762 823 18
476 578 0
525 626 15
993 1110 6
398 487 16
619 745 18
717 801 12
880 927 13
685 772 18
923 1004 6
665 705 27
934 1012 13
580 677 8
447 521 22
736 810 5
991 1036 17
533 645 4
578 687 1
509 612 2
967 1041 5
522 640 16
912 996 16
1062 1142 22
740 834 7
953 1041 9
951 1028 24
579 655 0
899 960 2
586 688 0
611 671 24
1077 1139 17
745 834 18
1031 1108 18
971 1086 21
961 1048 6
745 832 21
964 1043 25
656 737 6
657 716 24
462 532 7
1112 1229 21
690 778 0
727 824 24
912 980 2
749 834 7
452 541 11
950 1054 2
806 907 2
623 708 19
1105 1202 24
578 680 23
871 990 10
1143 1208 7
632 761 15
1054 1149 20
730 800 19
765 828 9
566 640 6
843 961 18
703 752 6
854 941 19
898 981 8
1240 1289 26
574 658 7
848 937 14
905 964 23
914 968 15
994 1083 3
524 608 24
660 721 4
942 1059 19
516 647 13
1170 1243 17
628 744 17
1083 1183 8
960 1039 23
1075 1126 10
530 614 22
860 936 15
633 719 8
1108 1245 18
752 812 18
815 879 3
1163 1263 25
1007 1056 5
924 991 2
536 639 15
468 585 13
1044 1163 16
705 760 27
833 907 21
1059 1180 6
670 743 7
588 680 0
678 793 10
969 1057 18
585 696 10
1001 1066 23
1015 1099 18
1184 1287 8
1078 1193 12
570 613 5
561 628 1
796 889 16
461 532 11
471 575 1
949 1055 14
1017 1081 9
655 753 5
640 694 1
620 695 5
1050 1142 23
1125 1171 18
894 942 26
907 978 16
1189 1262 16
1059 1092 10
643 725 6
1192 1271 14
699 832 5
729 827 4
961 1069 2
548 613 11
985 1069 16
518 588 14
1213 1265 12
950 988 2
445 559 0
978 1026 15
612 659 13
1076 1153 24
1180 1276 10
984 1057 2
563 662 1
626 707 11
612 752 24
681 757 23
769 830 6
759 855 22
1152 1233 23
700 787 5
992 1097 2
760 834 27
1144 1218 14
868 907 21
967 1016 12
963 1100 8
970 1042 3
897 1004 26
1068 1143 18
880 926 15
555 612 3
1008 1045 20
980 1065 16
627 758 12
647 724 13
1199 1284 6
1086 1189 9
694 803 9
1213 1287 24
1173 1284 22
1154 1224 20
784 859 27
807 915 0
977 1053 15
948 1068 3
1045 1092 25
875 967 9
688 818 15
654 787 4
752 834 24
764 820 13
1106 1164 8
1044 1140 7
736 825 13
1101 1154 3
592 708 14
1207 1289 24
840 947 4
1069 1154 2
598 644 13
758 830 23
684 774 23
647 699 13
662 775 1
1150 1245 9
377 443 1
833 955 17
1196 1265 9
766 834 11
912 992 21
1010 1068 20
789 831 5
713 834 12
1015 1151 26
1174 1264 18
858 975 22
1111 1188 6
652 708 2
1185 1270 24
793 856 10
561 631 0
1013 1065 8
745 869 9
1247 1289 11
542 676 11
1077 1141 25
934 1058 10
1168 1216 8
910 976 19
1152 1255 18
1152 1256 19
1108 1214 2
745 808 15
446 508 5
645 720 25
856 983 10
1224 1276 14
832 882 4
813 921 21
592 674 20
702 782 24
1189 1283 6
777 848 1
830 920 25
682 803 11
1225 1289 8
619 714 23
1209 1286 7
739 823 19
925 1011 21
645 723 19
954 1064 5
636 770 0
809 886 21
851 961 1
885 978 4
800 934 6
684 753 0
1007 1109 6
979 1026 4
938 1005 21
437 517 10
748 827 17
776 840 5
627 695 22
1058 1151 2
789 834 22
787 866 5
1101 1160 23
1027 1083 26
993 1066 19
653 698 4
1235 1279 2
1156 1231 3
928 1031 12
1110 1183 6
978 1068 22
664 773 12
757 825 0
1071 1151 8
1183 1283 2
777 829 0
720 795 23
779 828 1
1190 1260 23
941 1069 9
738 808 1
710 824 1
731 820 1
1149 1220 20
1072 1161 17
988 1068 17
1160 1209 2
1029 1073 13
935 1055 6
853 987 22
1004 1114 5
1069 1201 17
1013 1066 21
1131 1251 15
950 1035 1
984 1069 10
1157 1283 26
904 973 23
700 824 13
543 673 26
1223 1288 13
446 524 1
1132 1232 21
1138 1268 5
1247 1288 3
1210 1271 20
818 923 23
744 776 13
868 897 5
996 1070 16
1167 1249 7
700 756 22
700 777 10
1111 1225 25
957 1050 7
1157 1259 3
644 702 22
833 943 26
782 834 0
1048 1137 12
543 650 1
732 801 19
935 1053 18
1246 1289 18
900 991 5
1201 1290 17
996 1068 5
962 1012 1
1067 1172 19
964 1028 23
769 832 16
582 650 3
1160 1225 22
1207 1283 27
692 744 8
994 1039 0
970 1056 15
1000 1066 10
942 986 25
704 819 1
648 726 15
655 794 6
1184 1289 6
997 1063 5
1234 1275 23
732 792 25
624 758 21
1020 1069 25
717 755 14
1232 1286 20
975 1059 4
940 1045 21
1002 1051 25
697 768 26
728 814 1
683 811 17
1180 1277 23
931 1050 4
972 1034 9
962 1034 15
781 822 26
869 966 14
598 677 10
1026 1069 4
702 802 0
1197 1258 19
760 831 22
1186 1279 17
1212 1288 2
586 710 5
995 1067 21
642 788 20
1170 1253 17
726 832 6
763 834 21
745 832 8
908 1009 2
996 1055 22
1154 1249 14
1184 1284 8
1152 1286 12
720 821 25
Shifts = 4
0 0 0 0 0 0
375 0 0 460 0 0
600 0 0 470 0 0
840 0 0 450 0 0
Employees = 10
431: 2 6 8 9 10 11 13 14 15 17 18 21 22 23 26 27 28 29 32 34 35 37 40 42 44 45 46 47 48 49 50 51 52 53 54 55 58 59 60 61 62 63 64 65 66 67 68 69 70 71 73 75 76 77 78 80 81 85 86 89 90 91 94 96 98 102 104 106 108 109 111 113 115 118 119 120 121 122 125 126 127 129 130 133 135 136 137 138 142 143 144 146 147 148 149 150 151 152 154 156 157 159 160 161 162 163 166 167 169 173 174 175 176 178 179 183 184 186 187 189 190 192 193 194 196 199 203 205 206 207 210 211 212 213 214 216 217 218 219 221 222 223 224 225 226 227 228 229 231 232 233 236 238 240 241 245 249 252 253 254 256 260 263 264 265 266 267 269 270 271 272 273 274 275 277 278 279 280 281 282 283 284 287 288 290 291 292 295 297 299 303 304 305 306 307 308 310 312 314 316 317 318 319 320 321 322 324 325 326 327 328 329 330 331 332 333 337 339 340 341 344 346 347 348 350 351 352 353 354 358 359 362 365 366 367 369 370 371 372 376 379 380 381 382 383 384 387 388 389 391 392 393 394 396 400 402 403 404 405 408 410 411 413 414 418 419 421 423 427 429 430 431 432 434 435 436 437 438 441 443 444 446 452 455 456 457 458 461 462 463 467 469 470 472 474 475 476 477 480 481 482 483 484 486 487 488 490 492 493 494 495 497 498 501 505 509 511 512 514 515 516 517 518 519 520 522 523 526 527 529 530 533 534 539 542 543 544 545 547 550 552 553 554 556 559 560 562 563 564 565 566 573 574 575 577 579 580 581 583 585 586 587 588 590 593 596 600 602 604 607 608 609 612 613 614 615 617 618 619 620 622 623 624 627 628 630 635 637 638 643 644 646 649 650 651 652 654 656 657 658 659 661 662 663 664 665 666 667 669 671 672 674 675 676 677 680 681 682 683 684 689 690 691 692 693 696 697 698 701 702 703 
421: 0 1 3 5 6 8 9 13 14 16 17 18 22 24 25 26 27 28 29 30 32 33 34 35 36 38 39 41 45 46 47 48 50 51 55 56 57 60 61 63 64 65 66 67 70 72 74 75 76 77 78 79 80 83 87 94 95 96 97 98 101 103 105 106 107 108 110 111 112 114 115 116 117 118 122 125 126 127 128 131 132 135 137 139 143 145 146 147 148 149 150 151 152 153 154 155 156 157 159 160 162 163 164 165 168 170 173 174 175 178 180 183 184 185 186 187 188 190 191 194 197 198 202 203 205 206 207 208 210 212 214 215 216 217 218 222 223 224 225 226 228 230 233 234 235 237 238 239 240 243 246 248 249 250 255 257 258 259 260 262 263 265 266 268 271 274 278 280 281 285 286 287 288 291 292 294 297 299 300 301 303 304 307 309 310 311 313 314 316 317 318 319 323 325 326 327 328 329 330 332 333 334 336 337 338 339 340 341 343 344 347 349 351 353 354 355 356 358 359 363 364 365 369 370 372 373 374 376 377 379 384 385 386 388 391 392 393 398 399 400 403 404 405 406 407 410 411 413 417 418 419 420 421 422 423 424 425 426 429 431 433 434 435 436 439 441 442 443 445 447 449 450 452 453 455 456 457 458 459 463 464 465 466 467 468 469 470 471 472 473 475 477 478 479 480 485 486 487 488 490 491 494 496 497 499 500 501 502 503 508 513 514 515 516 517 518 522 524 525 529 530 531 533 534 535 536 538 539 540 543 545 547 549 550 552 556 557 558 559 560 562 563 564 567 568 569 571 572 573 574 580 581 585 586 589 590 591 592 593 596 597 599 600 601 603 604 606 607 610 611 614 615 617 618 620 621 622 625 627 628 629 631 634 636 638 639 641 645 647 648 649 650 652 657 659 661 662 663 664 665 668 669 672 674 676 678 679 681 683 686 687 688 690 692 693 694 695 696 698 701 702 
409: 0 2 5 6 9 10 11 12 13 15 16 17 18 21 23 25 29 30 31 32 33 34 36 38 44 47 48 50 51 52 53 54 56 57 59 60 61 62 63 69 70 71 77 78 79 80 81 82 84 87 88 89 90 93 95 96 99 100 102 103 107 108 109 110 111 113 116 118 120 122 123 124 126 127 128 129 130 131 136 138 139 141 145 148 150 151 152 153 154 155 156 160 161 163 164 165 166 168 169 171 172 173 174 178 179 181 182 183 187 189 190 191 192 193 194 195 197 198 199 200 202 203 205 211 217 218 219 221 223 225 227 228 229 230 233 234 235 237 241 244 246 247 249 250 252 256 257 258 261 267 270 272 274 276 277 278 282 283 286 287 288 289 291 292 294 298 302 303 304 305 307 308 310 311 313 314 316 317 320 323 324 328 329 330 332 333 339 341 342 343 344 345 346 349 350 352 354 355 356 359 362 363 364 365 367 370 374 375 376 377 378 379 380 381 382 383 385 387 388 390 395 397 399 400 401 403 404 406 408 409 410 413 419 420 422 424 426 429 431 432 433 434 435 436 437 439 440 442 443 445 446 448 450 452 453 456 457 461 467 469 470 472 473 474 475 476 478 480 481 482 483 486 487 488 490 492 493 494 495 496 497 500 502 503 505 508 510 511 512 513 514 519 521 523 524 525 526 527 530 531 533 534 535 536 537 538 539 540 541 542 546 550 551 552 554 555 557 558 559 560 561 562 565 567 571 574 577 578 579 581 583 584 585 588 589 590 591 593 595 596 598 599 605 606 607 608 609 611 612 614 615 616 619 620 622 623 625 627 628 629 631 632 633 634 636 637 638 639 640 641 642 644 647 649 652 653 655 656 658 660 661 662 663 665 667 669 670 671 676 677 678 679 680 682 683 684 686 688 689 690 691 692 694 695 699 700 701 702 703 
429: 2 5 7 8 10 14 17 19 20 22 24 25 26 28 29 30 31 35 37 38 39 40 42 43 44 47 49 50 51 52 53 54 56 59 62 63 64 65 67 69 70 71 72 73 74 75 78 84 87 89 91 92 95 97 98 99 102 105 106 109 110 112 113 114 115 116 117 119 123 125 126 129 130 131 132 134 136 137 142 143 145 148 149 150 151 153 154 155 156 157 158 160 161 164 166 168 169 171 172 175 176 178 179 180 183 184 185 186 187 190 191 193 194 195 196 198 200 201 203 205 207 208 209 210 211 212 213 215 216 218 219 220 222 224 225 226 227 228 229 230 231 232 234 236 238 240 242 245 246 249 250 254 256 259 260 262 263 265 266 267 268 269 272 273 276 278 279 280 281 282 283 284 285 286 287 288 290 291 293 294 295 296 298 299 302 305 306 307 308 309 311 312 314 316 318 320 324 326 327 328 329 330 333 334 335 336 340 341 342 343 344 347 348 352 353 356 357 359 360 361 363 365 366 367 369 370 371 373 374 376 377 380 382 383 384 385 387 389 390 391 393 394 395 397 399 400 401 402 403 404 405 406 407 409 410 413 414 415 418 420 421 422 423 425 426 427 428 429 430 432 433 434 435 437 440 442 443 444 445 446 447 449 453 454 455 456 458 463 464 466 468 470 473 474 475 477 478 479 480 481 485 488 489 490 491 492 495 497 499 500 501 502 503 504 505 507 508 509 510 512 513 514 518 521 522 525 527 528 529 531 532 535 536 537 538 540 541 544 545 547 548 549 550 551 553 554 555 557 558 560 561 562 563 564 566 567 568 569 570 571 573 575 576 577 578 580 582 583 584 588 590 594 600 601 603 604 608 609 610 614 615 616 617 621 623 624 625 628 631 633 634 635 638 642 643 644 646 647 650 652 653 655 656 658 660 662 665 666 673 675 676 677 680 682 683 684 685 686 688 689 691 693 694 695 696 697 698 700 702 
413: 3 4 7 9 11 12 14 18 19 21 22 23 24 25 26 28 31 32 33 35 36 37 40 41 42 44 45 46 47 48 52 55 58 59 64 66 67 68 69 70 71 73 78 79 80 83 84 88 89 90 92 93 94 95 96 97 99 100 101 104 109 110 111 112 116 117 118 120 122 123 124 125 126 127 130 131 134 135 138 140 141 142 143 144 145 146 147 149 151 156 158 161 166 169 170 171 173 174 175 176 178 180 181 182 183 184 185 186 187 188 189 191 192 194 195 198 199 200 203 204 207 208 212 214 215 218 220 222 224 225 229 232 233 234 235 237 241 242 243 244 245 248 249 250 254 256 257 260 262 263 264 266 269 271 272 273 276 277 279 280 283 284 285 286 287 289 290 292 293 295 298 303 306 307 308 310 311 312 315 317 321 323 324 326 329 331 332 333 334 336 337 338 339 340 341 343 344 346 347 348 349 351 352 353 355 357 358 359 360 361 367 369 370 371 373 375 379 383 384 386 387 389 390 393 394 395 396 397 398 400 401 403 404 405 406 409 410 411 413 414 416 420 421 422 423 425 426 427 428 429 430 431 434 435 436 437 438 439 440 442 443 444 445 446 447 449 450 452 454 457 460 462 464 465 466 467 469 471 472 473 474 476 477 479 480 481 484 486 490 491 492 493 494 495 496 502 505 508 509 512 517 519 520 522 524 525 531 532 533 534 537 539 541 542 543 545 546 547 548 549 550 551 552 553 554 560 562 563 571 572 574 575 576 577 579 581 582 583 584 586 588 590 592 593 595 596 597 599 600 601 602 604 608 610 614 615 616 617 619 622 623 626 628 629 631 632 634 635 636 637 638 639 643 644 645 648 652 653 654 655 656 657 658 662 664 665 666 667 670 671 672 673 674 675 676 677 679 681 682 683 685 686 687 688 689 691 692 694 696 697 698 700 703 
414: 1 2 3 4 5 6 7 8 10 11 12 13 17 18 19 20 22 23 24 25 26 29 30 31 32 35 36 38 41 45 46 47 48 51 52 53 55 56 59 61 62 63 65 67 69 73 75 76 78 79 80 84 86 88 91 94 96 97 99 100 102 103 105 108 110 111 112 113 117 119 120 121 126 127 128 129 130 131 134 138 139 141 142 143 144 145 146 149 150 151 152 157 158 159 160 162 166 167 169 170 174 175 176 179 180 181 182 183 184 185 186 189 190 196 199 201 202 207 208 211 214 216 218 222 223 225 228 229 230 231 232 233 236 239 241 242 243 244 245 247 248 251 252 253 254 257 258 261 265 266 269 270 272 273 274 276 277 278 279 280 284 287 288 289 290 291 292 295 296 298 300 301 302 303 306 307 309 310 314 315 316 318 320 322 324 326 327 328 331 336 338 339 341 342 343 345 346 349 352 354 355 356 357 359 360 362 363 364 367 368 370 371 372 373 375 376 377 379 380 382 383 384 385 387 388 389 390 391 394 396 398 399 400 401 405 406 410 411 412 413 414 415 418 420 421 425 426 428 429 431 432 433 434 435 436 438 439 440 441 442 444 447 448 449 453 456 457 458 459 460 461 463 464 466 467 468 469 470 472 473 475 478 480 485 486 487 488 490 491 492 493 494 496 497 498 501 503 505 506 507 508 509 510 511 512 513 515 517 518 519 520 521 522 523 524 525 526 529 530 531 532 533 537 538 539 540 541 542 544 546 550 552 553 556 557 558 559 560 562 564 565 566 568 570 571 573 575 576 578 579 580 584 591 593 594 595 596 597 598 599 600 605 607 608 609 610 611 614 615 616 618 624 625 627 629 630 631 632 634 636 640 642 643 644 645 647 649 650 653 657 659 660 665 667 668 670 671 673 674 675 677 678 680 681 682 688 689 692 693 695 698 699 701 702 
439: 2 3 4 6 8 9 10 12 16 17 19 20 23 24 25 28 29 31 32 33 34 35 36 39 40 42 44 45 48 50 52 54 55 57 58 60 62 63 65 66 70 71 72 76 77 80 82 86 88 90 91 93 96 98 100 105 107 109 111 112 113 114 115 117 118 122 123 124 125 126 128 129 131 133 134 136 137 138 139 140 142 143 144 148 150 152 157 158 160 164 165 166 167 168 170 173 174 176 177 178 180 181 183 184 190 192 193 196 197 198 199 201 203 204 205 206 207 208 209 210 212 213 214 215 216 219 220 221 222 223 224 226 227 229 231 232 233 234 235 237 238 239 241 242 243 245 247 250 255 256 258 259 260 261 262 266 267 268 270 274 275 276 277 278 279 281 282 284 285 286 288 289 291 293 294 295 296 298 299 300 301 303 305 306 307 309 310 311 312 313 314 316 318 321 322 323 324 326 327 329 331 333 334 335 336 338 340 341 342 344 345 346 347 348 349 350 351 352 355 358 361 362 365 367 372 373 374 375 377 378 381 382 383 384 385 387 389 391 392 395 397 401 402 403 404 405 406 407 408 410 411 414 416 417 418 419 420 422 423 424 425 427 429 430 431 432 433 434 436 438 442 444 446 448 449 451 452 453 456 458 459 461 462 463 464 466 467 469 470 472 473 475 476 480 481 482 484 485 489 491 492 493 495 496 497 501 502 503 505 506 508 509 513 515 516 517 518 519 520 521 522 524 526 527 528 529 530 531 533 534 535 538 539 541 542 545 547 548 549 550 552 554 555 556 557 558 562 563 564 565 567 568 569 571 572 573 575 578 579 580 582 583 584 585 586 587 589 590 591 594 595 596 597 598 599 602 603 604 606 611 612 613 615 616 617 620 621 622 623 624 625 628 629 630 631 632 633 634 635 639 640 641 642 644 646 648 649 650 651 654 657 661 663 664 665 667 669 672 673 675 677 679 680 681 684 685 686 687 688 689 690 692 693 694 695 699 700 701 703 
425: 0 3 5 7 8 9 10 11 13 14 19 20 22 23 24 26 27 30 32 33 38 39 40 41 42 43 45 46 47 48 49 50 52 53 56 57 58 61 62 63 64 65 66 67 69 74 76 77 78 79 80 82 83 86 87 88 90 94 95 99 104 106 109 110 111 113 114 115 116 118 121 122 124 125 126 128 129 130 131 136 137 138 143 144 145 146 149 151 155 156 158 159 160 162 163 164 166 167 173 174 175 176 178 179 183 184 185 186 189 190 194 197 198 201 202 203 206 207 208 209 212 213 214 216 218 219 222 228 229 232 233 234 235 237 238 239 240 241 243 244 246 247 248 251 252 254 255 258 260 261 263 264 265 266 268 272 273 274 276 279 282 283 284 285 286 287 289 290 293 294 295 296 297 298 299 300 303 305 307 308 309 312 316 318 320 321 322 326 327 328 329 331 332 336 339 340 342 343 344 345 346 347 348 350 351 353 354 355 356 358 359 364 365 367 369 370 371 373 374 375 376 377 378 380 385 386 387 388 389 390 391 393 394 395 396 397 401 402 403 404 405 406 408 409 412 413 414 415 417 421 422 423 424 426 429 430 431 434 435 436 437 438 439 440 441 443 445 447 448 449 450 451 452 453 454 455 456 457 458 460 461 462 464 467 468 469 471 473 474 475 476 480 482 484 485 487 489 491 492 494 496 497 498 500 501 502 506 507 508 509 510 512 513 519 520 521 524 525 530 531 532 536 538 540 542 544 545 546 547 548 549 550 553 554 555 557 558 560 561 562 564 565 567 568 569 570 571 572 575 576 577 578 580 581 584 585 586 587 588 589 591 592 593 594 596 598 601 602 603 605 607 610 612 613 615 617 618 619 623 624 626 627 628 630 631 632 633 634 637 639 640 643 644 645 649 651 652 653 654 655 658 662 663 666 670 672 673 675 676 679 680 681 682 684 685 686 688 690 691 692 694 695 696 698 701 
417: 1 4 5 6 8 9 11 12 14 15 16 18 21 25 26 27 29 30 33 35 36 37 38 39 41 43 44 45 46 47 49 50 51 53 54 55 56 57 58 59 60 68 71 72 73 74 75 77 78 79 80 81 82 84 89 90 91 92 93 95 96 101 105 107 108 110 111 113 116 118 119 123 124 125 128 130 131 132 137 139 142 143 144 145 147 148 150 151 153 154 155 158 160 161 162 167 168 169 170 171 172 173 174 176 180 181 183 184 187 188 189 191 193 194 198 200 201 202 203 204 205 206 207 209 210 211 213 217 219 222 223 225 226 227 228 229 232 233 235 236 237 238 239 240 242 245 246 247 250 251 253 255 256 257 259 260 261 262 263 265 269 271 274 275 277 278 279 280 282 286 287 290 291 293 294 295 296 298 299 300 301 303 304 305 306 307 308 310 311 314 316 319 320 322 325 326 327 328 329 330 332 333 334 335 336 337 338 339 341 342 343 345 346 348 349 350 354 356 357 361 362 363 366 367 368 369 370 371 372 373 374 375 376 377 378 382 385 386 388 390 392 394 396 397 398 400 402 403 404 406 408 409 413 414 415 417 418 419 420 421 422 424 427 428 429 430 433 435 436 437 440 441 442 444 447 449 450 451 452 453 457 459 460 463 464 466 467 468 469 470 472 473 475 477 481 482 483 485 487 490 491 492 493 494 495 496 497 498 499 500 503 505 507 512 513 514 515 517 518 519 520 523 526 527 528 529 530 532 533 537 538 539 540 541 545 548 549 551 552 554 555 557 559 560 563 564 566 569 572 573 574 575 576 577 580 582 585 586 592 594 595 596 599 600 601 602 604 605 606 607 610 611 612 614 615 619 620 623 625 626 630 635 636 637 642 643 644 645 652 653 654 659 660 662 663 664 668 669 671 674 675 676 677 683 685 686 687 690 691 692 693 696 698 700 701 702 703 
426: 3 4 5 7 8 9 10 11 13 14 15 16 17 19 20 23 24 25 26 27 28 30 31 32 33 36 37 38 39 42 43 46 47 50 52 53 54 56 57 59 61 64 65 67 68 69 70 71 72 73 75 77 78 80 81 82 84 85 86 90 92 94 95 96 97 98 100 101 102 104 105 107 108 109 110 113 114 115 116 117 119 123 128 129 130 132 133 135 137 138 139 140 145 146 149 151 152 153 154 155 156 157 158 159 160 162 164 166 167 168 171 172 173 174 176 177 178 179 180 181 183 184 187 188 189 190 191 192 193 194 195 197 202 203 204 205 207 208 209 210 211 213 215 218 220 222 223 228 232 233 234 235 239 240 242 244 246 247 248 251 254 255 256 257 259 262 263 265 267 268 270 271 272 275 276 278 279 280 281 283 284 286 288 289 290 295 296 297 298 301 302 303 306 308 310 311 312 314 317 319 320 321 322 324 325 329 330 331 332 333 336 338 341 342 344 346 348 351 354 358 359 360 361 362 364 365 366 367 368 369 371 373 374 375 376 377 379 381 382 383 387 388 390 391 393 395 397 399 403 405 408 410 411 412 413 414 417 418 419 422 423 424 428 429 431 432 433 436 437 442 444 447 450 451 452 453 457 459 461 462 463 465 466 467 468 470 471 474 475 476 478 481 483 484 486 492 495 496 499 500 501 502 503 504 505 507 509 512 513 514 518 523 525 526 527 531 534 535 536 538 539 541 543 544 545 546 547 548 551 555 556 558 560 561 562 563 564 566 567 568 571 572 574 575 576 577 578 579 580 582 583 586 588 589 590 591 592 594 595 597 598 600 601 602 603 605 606 607 609 611 612 613 615 616 617 618 621 622 624 625 626 628 629 634 637 640 642 643 644 645 646 647 650 651 653 654 656 659 660 661 662 663 664 665 666 667 669 671 672 675 677 678 679 680 682 683 684 685 692 695 697 698 700 701 702 703 
Days = 28
Shift constraints
8 24
8 20
4 24
0 28
4 24
4 5
true
true
Forbidden sequences = 2
3 1 
2 3 

