# Randomly generated data for the integrated task scheduling and personnel rostering problem, skilling=0,600 and tightness=0,600 seed=90720
Tasks = 737
381 444 7
827 916 24
823 914 12
879 993 11
853 913 18
621 684 21
795 854 0
806 851 15
925 970 26
366 471 15
366 490 3
875 958 15
618 648 7
617 692 16
801 847 2
620 753 19
867 925 0
617 726 26
702 789 20
796 830 20
826 894 12
796 910 14
802 944 15
361 463 21
798 902 5
367 495 5
651 712 16
502 584 17
360 472 16
717 794 10
364 480 6
643 683 7
932 965 18
805 875 25
800 936 22
366 417 15
940 1012 12
897 998 2
365 479 4
365 424 19
1023 1128 23
360 418 27
1026 1111 12
360 429 24
921 1027 24
869 966 9
815 920 14
804 852 20
795 895 13
438 485 12
986 1054 26
722 771 10
1062 1103 18
685 718 17
651 709 4
360 415 17
423 505 17
797 876 7
364 425 25
795 882 19
363 414 5
619 693 22
500 584 26
807 878 0
491 567 6
419 488 1
621 698 8
886 974 0
370 406 3
797 869 12
700 806 6
615 675 27
727 783 26
481 538 6
618 705 21
900 1030 20
649 693 23
970 1034 4
883 931 12
381 485 5
498 576 4
438 581 12
372 496 3
799 911 4
543 618 6
666 707 23
733 788 8
636 737 9
799 900 2
500 554 14
703 787 16
380 455 6
625 742 24
436 500 16
621 664 2
908 1023 5
425 503 19
646 734 6
624 678 25
812 933 4
361 411 23
429 484 25
850 988 20
445 548 24
363 493 13
675 733 27
371 507 4
390 506 8
776 916 2
735 820 6
493 569 13
906 1031 2
723 823 16
620 736 14
738 832 7
971 1084 15
869 926 6
422 531 15
740 810 23
581 704 18
998 1087 20
598 671 12
763 852 19
1014 1066 0
363 419 20
956 1053 1
836 875 13
624 728 2
368 479 14
617 749 17
600 665 8
693 732 17
624 696 4
799 883 16
415 455 5
764 844 4
654 777 18
744 785 2
885 982 7
618 673 9
855 947 19
685 725 21
843 927 10
660 746 8
879 986 13
822 923 3
458 522 3
726 766 26
620 682 20
569 693 13
374 503 18
789 867 10
819 920 23
865 946 24
463 545 21
535 648 15
686 772 25
1091 1206 15
420 479 4
829 903 20
779 870 9
372 475 15
733 808 27
934 1011 14
959 1039 22
774 820 25
363 472 1
884 969 20
433 475 3
863 971 23
819 918 16
849 894 2
434 479 24
885 977 19
697 772 22
546 662 21
983 1056 7
444 517 1
455 521 5
527 644 16
984 1084 27
830 891 25
923 1001 23
650 716 3
496 554 3
1088 1146 2
801 888 11
379 447 14
859 946 23
810 861 20
465 534 17
923 986 13
896 961 2
912 954 14
634 744 17
620 673 26
927 1000 2
400 464 0
903 967 16
727 811 21
626 721 18
469 528 14
523 621 5
796 887 11
491 579 15
810 837 2
500 574 5
615 724 27
956 1005 6
913 1019 2
706 816 19
1059 1172 7
517 565 19
696 790 7
466 557 0
725 791 27
755 887 17
1034 1113 2
561 642 3
641 740 17
920 999 11
415 522 3
495 534 5
1210 1240 15
956 1048 19
920 981 16
671 712 14
601 652 15
1002 1076 23
480 587 14
769 825 26
983 1047 26
642 765 22
813 847 19
710 778 21
1118 1172 12
510 592 11
898 949 12
794 863 27
531 614 1
369 459 22
633 707 1
808 923 27
857 958 22
424 558 8
559 648 3
957 1061 4
378 439 0
978 1051 19
647 735 21
615 690 6
466 542 20
896 997 7
624 726 13
555 640 13
666 769 14
617 677 8
403 490 22
912 1017 4
590 663 4
501 616 1
1070 1193 0
421 537 27
700 796 7
1028 1117 24
581 651 5
387 508 24
852 942 20
760 825 12
545 626 3
1199 1262 0
961 1070 2
805 863 3
682 781 26
966 1083 23
629 668 6
912 971 23
967 1028 9
554 658 3
619 698 1
900 969 25
792 884 7
697 770 13
363 396 26
702 840 4
1090 1189 23
495 561 22
1030 1113 14
403 461 26
485 605 26
894 1014 7
955 992 14
488 558 24
946 1015 8
841 945 26
626 706 12
836 883 26
1115 1196 2
546 651 14
588 694 14
863 953 20
757 848 17
696 786 6
805 911 9
1045 1130 2
819 895 21
1002 1084 14
718 812 27
672 772 5
360 436 10
1017 1100 20
1023 1107 20
947 1021 15
881 1000 10
999 1080 16
952 1006 20
818 870 26
543 665 5
1166 1238 23
603 646 18
843 905 4
653 731 15
474 617 7
615 693 14
1004 1078 12
506 637 17
644 777 1
405 502 24
594 640 15
538 682 27
399 518 9
463 583 26
1008 1065 12
1055 1171 15
972 1076 22
803 878 26
809 853 0
981 1097 16
645 778 15
857 957 9
966 1020 10
1194 1263 15
588 714 26
641 725 1
835 933 16
943 1023 26
565 624 19
902 979 7
670 747 15
756 823 26
641 716 20
1090 1149 14
836 915 20
955 1053 24
1063 1183 4
1203 1258 23
1160 1230 26
736 855 14
693 745 14
741 834 12
712 790 1
676 768 6
633 744 1
1119 1245 14
745 855 17
1052 1095 19
963 1019 9
362 447 21
463 523 16
413 509 12
1009 1077 6
734 860 18
664 775 21
775 849 5
1189 1256 12
653 707 3
860 941 17
1054 1134 8
797 888 4
367 473 11
711 834 21
462 605 21
780 914 21
1053 1152 11
745 851 14
774 883 22
678 810 8
808 923 24
737 767 15
885 936 19
721 765 26
887 979 11
834 966 27
644 708 23
905 1018 21
927 1020 4
773 823 23
955 1088 16
634 752 15
1027 1134 10
980 1071 11
923 1017 3
848 897 1
639 754 10
643 710 17
621 702 5
427 467 23
534 584 9
648 701 18
583 714 16
859 923 14
1191 1259 4
887 1033 17
699 798 3
629 720 6
938 986 20
786 873 22
759 828 10
770 849 13
726 813 13
791 841 6
477 597 16
1153 1199 14
881 951 0
924 967 14
762 813 8
700 748 14
485 581 19
841 884 10
702 735 5
906 981 3
1182 1262 18
665 744 4
976 1023 24
402 463 10
961 1018 0
489 543 25
654 724 17
1028 1098 2
641 696 25
511 571 4
770 890 22
926 1024 0
372 515 25
851 917 14
1012 1110 26
572 606 18
894 1027 22
464 527 10
564 597 24
635 690 0
905 989 6
1001 1074 22
1001 1069 13
533 671 1
929 1018 21
749 846 4
701 833 8
497 574 11
1141 1241 24
614 706 21
1148 1216 2
1022 1083 21
660 805 2
984 1082 25
882 972 18
1043 1093 17
917 1006 14
1004 1097 13
1155 1234 10
598 696 16
555 603 20
888 959 4
705 841 16
703 829 1
814 881 8
865 972 27
896 973 22
681 726 20
873 937 8
615 692 19
1017 1076 4
694 817 19
1002 1075 9
427 486 24
814 863 13
630 718 11
768 847 26
619 651 23
972 1074 27
889 987 8
1007 1065 20
750 802 25
471 584 23
642 703 23
628 740 4
671 798 5
559 692 0
550 640 25
874 949 6
924 1032 27
647 702 25
1182 1259 7
1004 1084 22
724 828 1
1104 1167 27
972 1046 8
726 849 6
808 908 17
1089 1216 20
949 1015 6
1031 1111 2
792 847 15
884 977 26
1030 1080 22
692 771 23
739 802 17
1071 1122 18
849 938 17
831 965 1
656 717 14
1006 1094 6
736 845 5
778 808 11
1046 1125 22
831 914 23
1075 1207 2
700 808 3
1099 1196 20
618 680 7
1050 1131 19
912 966 1
1079 1170 4
844 925 12
965 1025 1
1217 1264 20
1031 1116 0
483 566 11
1032 1104 27
944 1027 17
1073 1107 11
585 654 10
897 992 26
1172 1262 4
869 971 2
1156 1222 20
436 498 10
946 1047 11
1020 1103 7
1022 1102 21
1023 1125 5
718 797 17
1203 1263 2
1028 1087 21
607 678 9
1136 1197 2
1107 1220 1
1030 1137 9
498 640 10
971 1085 16
578 658 24
778 847 21
1083 1145 22
902 967 25
988 1061 18
891 1001 10
599 704 8
865 1002 13
755 828 11
993 1103 8
1008 1101 20
1121 1226 0
1082 1166 13
513 610 24
1058 1141 19
1099 1163 16
840 956 1
515 583 6
768 849 15
1065 1127 3
1001 1103 10
968 1009 14
819 878 1
1175 1260 11
1139 1226 9
726 771 8
661 725 3
728 838 3
1002 1100 13
620 701 22
973 1028 23
752 807 9
571 688 4
746 813 14
563 650 25
628 693 19
679 746 9
1185 1250 13
890 942 4
690 835 7
942 1011 12
1132 1243 5
780 869 13
907 1012 3
1091 1168 0
1006 1104 14
655 721 13
1035 1104 17
621 723 11
953 1046 0
1071 1146 0
699 749 0
947 1054 8
932 1048 20
1233 1264 0
713 844 25
792 839 23
1155 1262 0
988 1097 13
1147 1213 22
818 933 24
691 768 4
692 766 24
1107 1203 11
601 641 24
1074 1101 27
535 648 8
773 833 1
1159 1242 2
1151 1263 13
679 770 6
1038 1077 3
943 992 24
981 1091 27
643 705 24
719 826 8
753 833 20
1004 1097 10
1023 1101 4
875 1010 10
636 722 18
1200 1257 14
913 1010 9
520 612 12
683 748 27
902 970 23
895 987 1
1039 1132 23
656 756 11
999 1089 24
1104 1169 24
1020 1109 9
868 933 6
1003 1082 7
1134 1200 23
1013 1135 12
707 848 21
1020 1143 25
1009 1094 4
1172 1250 24
1169 1260 3
1142 1226 7
604 655 3
1183 1233 16
944 1027 6
1168 1259 19
1169 1250 12
575 680 24
669 711 10
750 848 14
1203 1263 20
1118 1199 4
1213 1263 2
725 827 25
640 761 10
703 780 19
995 1082 1
1176 1261 24
1017 1137 3
750 843 27
766 832 4
925 979 12
781 895 21
1137 1224 8
1128 1220 9
986 1066 23
1167 1259 19
1039 1099 2
724 847 24
799 840 5
1176 1229 6
699 781 8
1166 1261 22
707 838 3
709 826 12
1016 1086 10
887 1030 17
973 1088 2
746 796 1
640 742 24
757 838 10
761 845 0
663 770 3
742 819 23
949 1050 19
791 838 19
890 998 13
1153 1264 26
774 827 11
766 843 9
984 1103 12
732 830 11
761 849 10
782 844 15
817 940 25
974 1086 1
744 811 24
1011 1104 14
630 709 18
820 928 9
827 957 19
988 1091 26
1149 1232 3
963 1013 7
1062 1151 11
1032 1081 24
1140 1181 16
1203 1263 11
963 1092 19
721 828 14
1161 1253 25
971 1076 23
1026 1103 9
718 789 24
608 680 10
1221 1251 22
1205 1243 4
Shifts = 4
0 0 0 0 0 0
360 0 0 490 0 0
615 0 0 490 0 0
795 0 0 470 0 0
Employees = 10
438: 1 2 5 6 8 9 10 11 12 13 14 16 18 20 21 22 25 26 27 28 29 34 36 40 41 42 43 44 45 46 49 52 53 54 56 57 58 59 60 61 62 63 64 66 69 70 71 73 74 75 77 78 81 82 85 86 87 89 90 91 92 96 97 101 102 104 105 106 109 112 114 115 116 117 118 119 122 123 124 126 127 130 131 132 133 134 135 136 139 140 143 144 145 147 149 153 155 156 157 158 160 161 162 164 165 166 167 168 169 170 171 172 175 176 177 178 179 180 184 186 187 188 191 192 193 197 198 202 204 205 206 207 209 213 215 217 220 221 222 224 228 229 232 234 235 236 237 238 239 240 241 243 247 249 251 252 253 254 255 256 259 260 261 263 264 266 267 268 269 272 273 274 276 277 278 279 282 284 287 288 290 292 293 294 295 297 299 300 303 304 305 306 308 309 310 313 314 315 317 319 320 322 323 327 329 330 331 333 337 339 341 344 345 346 353 356 358 359 360 361 363 364 366 368 369 372 374 376 377 378 380 381 386 387 391 392 393 394 395 396 397 398 399 402 403 404 405 407 408 410 411 413 414 417 418 419 421 422 423 424 425 429 433 436 438 439 441 442 443 444 445 446 447 448 451 452 453 454 455 460 461 463 466 467 468 471 472 473 474 475 478 479 480 482 484 485 486 487 488 493 494 497 498 500 502 507 511 512 513 515 516 518 520 522 523 524 525 527 529 531 533 534 535 536 537 540 541 542 543 545 546 548 549 551 556 558 562 563 566 569 576 577 578 582 586 587 588 589 591 592 593 595 596 598 599 605 606 607 608 609 610 611 612 614 615 617 620 622 626 627 631 633 634 636 637 638 639 640 641 643 645 646 647 651 653 654 655 656 657 658 659 660 661 663 667 668 669 670 672 674 676 677 679 680 681 683 685 687 690 692 693 695 696 697 698 699 700 702 706 707 708 709 711 713 714 716 720 721 722 723 724 725 727 728 729 730 732 733 
439: 0 1 2 3 4 5 7 9 10 11 14 15 16 19 21 22 24 25 26 28 29 32 35 36 38 39 40 41 44 46 49 50 53 54 55 59 62 63 64 65 66 67 70 72 74 76 77 78 79 80 83 85 86 88 90 91 93 97 98 101 103 109 110 111 112 115 116 117 118 122 123 124 125 126 129 130 131 132 133 134 137 139 140 142 145 147 149 150 152 153 154 155 158 159 160 162 165 167 170 172 173 176 177 179 180 182 184 185 188 192 195 196 197 199 201 202 205 206 207 210 212 222 224 225 227 228 229 230 233 234 235 236 237 239 241 243 245 246 248 249 250 251 252 253 255 256 258 259 261 262 265 268 270 272 273 274 275 276 277 278 279 282 284 285 286 288 292 294 295 296 298 299 300 301 302 303 304 305 306 307 308 311 312 314 315 318 319 320 321 323 324 327 328 329 331 332 333 334 335 336 339 340 341 344 346 349 353 355 357 358 359 361 362 364 365 366 367 368 369 370 371 372 373 374 375 376 378 379 381 382 384 386 387 388 389 390 394 395 397 398 399 400 407 409 410 411 412 415 418 419 422 423 425 426 428 430 431 432 434 435 437 439 444 448 449 451 454 455 456 457 461 462 463 464 465 467 468 469 470 471 472 473 474 476 477 478 479 481 482 483 484 485 486 487 488 489 490 491 492 494 495 496 497 504 505 506 507 509 510 511 512 514 516 517 518 520 522 523 525 527 529 530 531 532 533 542 544 545 549 550 553 554 556 557 558 559 560 562 563 564 565 567 569 571 573 574 575 577 578 579 580 581 582 588 589 590 591 593 595 596 599 600 602 604 605 607 608 609 612 613 614 616 619 620 621 622 624 625 626 627 628 630 633 634 639 641 642 644 645 647 648 649 650 652 654 655 657 658 659 661 662 664 666 667 668 671 672 673 677 679 681 682 685 687 688 689 690 692 694 695 700 701 703 706 707 709 710 712 714 716 717 720 724 725 727 729 730 732 735 
430: 0 1 3 4 5 8 9 10 11 12 15 16 17 18 19 21 22 23 24 26 28 30 31 34 35 37 39 40 41 42 43 44 45 48 49 50 53 55 59 61 62 63 67 69 70 72 73 74 75 76 79 81 83 84 87 88 89 90 93 94 96 98 100 103 105 106 111 115 119 121 122 123 124 126 127 128 129 130 132 133 136 137 139 140 141 142 144 146 147 149 151 153 154 155 156 157 161 164 165 167 168 170 172 173 175 177 178 179 180 181 185 189 191 192 193 194 195 197 198 200 201 202 204 206 213 215 216 218 219 222 223 224 225 227 228 229 232 233 235 239 240 241 242 243 246 248 253 254 255 256 258 259 260 261 263 265 267 269 271 273 274 275 276 277 278 280 281 282 288 289 290 291 292 293 300 301 305 306 311 317 318 323 324 325 327 328 333 334 336 340 342 343 345 348 349 350 351 352 353 356 357 359 361 365 366 367 368 369 370 372 373 375 376 383 385 386 389 390 392 396 398 400 401 402 403 404 405 406 409 410 411 412 416 418 420 421 422 423 424 426 427 428 429 432 434 435 436 437 438 440 441 443 445 446 448 449 450 452 455 456 457 459 462 463 464 472 473 474 476 477 479 481 482 484 485 487 488 490 491 492 494 495 496 500 503 504 505 506 507 509 510 515 516 517 518 519 521 523 524 526 527 528 529 531 532 537 538 540 543 544 545 546 547 548 550 553 554 555 557 558 559 560 562 565 566 568 570 571 572 573 574 575 579 581 584 586 587 588 589 590 592 596 599 602 603 604 605 608 609 612 614 619 620 622 624 625 627 629 630 631 632 633 634 635 636 639 641 643 645 646 648 649 650 651 652 653 656 659 662 663 665 671 672 673 674 675 676 677 679 680 682 683 685 688 689 691 692 693 694 695 697 698 699 702 704 706 707 708 709 711 712 713 714 715 716 717 719 720 721 722 723 724 725 726 727 728 730 731 732 735 
440: 0 4 9 11 14 15 16 17 18 19 20 22 23 25 27 28 31 35 37 39 41 42 43 46 50 53 55 57 58 59 60 62 65 66 69 70 71 74 75 76 77 78 79 81 83 84 86 87 88 89 90 91 93 94 96 97 98 101 102 103 104 106 107 108 109 110 112 113 114 115 116 118 119 120 122 123 125 126 128 131 132 133 135 136 138 140 142 143 144 145 146 148 150 151 152 153 154 158 159 161 162 164 168 169 170 171 172 173 175 176 178 179 183 188 189 190 191 192 193 196 203 205 207 208 209 212 217 218 224 227 229 230 231 232 233 236 241 242 243 244 245 247 250 253 255 256 257 259 262 263 265 266 269 270 272 273 274 275 276 280 281 283 286 287 289 291 293 298 299 301 302 304 305 308 309 310 311 312 313 314 315 316 317 318 319 320 322 325 326 327 328 331 334 335 336 337 338 339 340 342 346 347 348 349 351 354 355 357 359 360 364 365 366 367 370 371 374 375 376 377 378 381 382 383 384 385 386 387 389 391 393 394 396 397 400 401 402 406 410 412 413 415 419 420 421 424 425 426 427 429 430 431 433 434 435 436 437 439 440 441 443 447 448 449 450 451 454 455 456 459 460 461 462 466 467 469 470 472 473 474 475 477 478 482 485 486 487 488 489 494 496 497 498 499 500 501 502 504 506 509 511 512 513 514 515 516 517 520 523 525 529 530 533 536 537 538 540 542 543 544 545 547 548 550 552 554 555 556 557 559 560 561 563 565 567 569 570 573 576 577 578 579 581 583 585 586 587 588 589 591 593 595 597 598 599 600 601 602 603 604 605 606 615 616 618 621 622 623 625 627 629 631 632 634 635 636 637 638 639 642 643 645 648 650 652 653 655 656 657 658 659 660 661 662 663 664 666 667 669 670 671 674 675 680 681 682 683 684 689 690 691 693 694 695 696 700 702 703 705 707 709 710 712 714 716 717 719 720 721 722 725 726 727 729 730 731 732 733 734 736 
423: 0 1 3 5 7 11 17 19 20 22 23 24 25 26 27 29 30 33 34 37 39 40 41 42 46 47 48 50 51 52 53 54 55 56 58 59 60 61 64 66 67 69 70 71 72 73 75 76 78 79 80 81 82 84 85 86 88 89 92 94 96 97 98 99 101 105 106 108 109 110 111 112 114 116 118 119 120 121 122 124 125 126 128 131 132 133 134 135 136 137 142 143 144 146 147 149 150 151 152 154 159 161 162 166 168 169 170 171 172 174 178 179 180 181 182 183 185 187 190 191 195 199 200 204 205 206 207 208 209 212 213 215 217 219 224 226 229 230 231 232 234 236 238 240 242 243 245 246 247 249 254 255 256 258 259 263 264 265 266 267 270 274 275 276 277 278 279 281 282 283 284 285 286 288 289 290 291 292 296 297 298 299 302 304 305 306 308 311 313 318 320 321 325 326 328 330 332 333 334 338 342 346 350 351 352 353 354 355 357 360 363 364 365 367 370 372 373 374 375 376 378 379 380 382 383 384 385 386 388 390 391 392 394 395 399 404 406 407 410 411 412 413 415 416 417 418 421 422 423 427 428 429 431 436 438 440 443 444 446 447 448 450 452 453 454 455 457 460 462 465 470 471 472 473 475 476 479 480 482 485 486 487 488 490 493 495 499 500 501 503 505 506 509 510 512 513 515 516 518 519 522 523 524 525 529 530 531 532 533 534 537 538 539 540 543 546 547 552 553 554 555 556 560 561 562 563 564 565 566 569 570 571 572 574 575 577 583 584 586 588 591 592 593 594 596 597 598 599 600 601 603 605 609 610 611 612 616 623 624 625 626 627 629 633 635 636 637 638 639 642 645 646 647 648 650 655 658 659 660 661 662 664 665 669 670 672 673 674 675 676 679 680 683 684 685 686 689 690 691 693 694 696 699 700 703 704 705 707 708 709 710 711 714 716 720 721 723 725 727 729 731 732 733 
462: 1 2 3 5 6 8 9 12 14 15 18 19 20 21 23 24 25 27 28 29 31 33 35 39 40 41 42 44 46 47 50 51 53 54 56 57 58 59 60 61 62 65 66 67 69 71 73 77 79 80 83 84 87 89 90 91 95 98 99 101 103 105 106 108 109 110 115 117 118 120 122 124 125 127 128 129 130 132 134 135 136 138 140 141 143 144 146 148 150 151 152 153 155 159 160 162 163 164 165 166 167 168 169 171 172 173 174 175 176 178 180 181 182 183 185 187 189 190 191 192 193 194 196 197 198 199 202 203 204 207 208 211 212 214 215 216 219 220 224 225 230 231 232 233 235 236 238 239 240 241 242 243 244 245 246 248 249 251 253 255 256 257 258 259 262 264 265 266 267 268 269 270 271 272 274 277 278 279 282 283 284 285 286 287 289 292 293 294 295 296 297 298 299 300 301 305 307 309 310 311 312 313 314 317 320 323 324 326 328 329 330 331 332 333 334 337 341 344 345 347 349 350 351 353 355 359 360 361 362 363 365 367 369 371 372 374 375 383 384 387 389 390 391 392 393 394 397 398 399 401 410 413 414 415 418 419 420 421 422 424 425 426 429 430 433 434 436 438 441 442 444 446 447 448 450 451 452 455 458 459 460 461 464 466 467 470 471 472 473 475 476 477 479 480 486 487 488 489 490 491 492 493 494 495 496 497 498 499 500 501 502 503 505 510 511 512 514 518 519 520 522 523 524 525 527 528 529 530 531 532 533 539 540 541 543 544 545 547 549 550 551 552 553 556 557 560 563 564 565 567 568 569 574 575 576 577 578 579 580 581 582 583 586 587 590 591 592 593 595 596 599 600 601 602 603 604 605 607 608 609 610 611 612 613 615 617 618 620 621 623 625 626 627 628 630 631 633 635 636 637 638 640 642 645 646 648 649 651 653 655 656 657 658 659 660 667 668 669 671 674 675 676 677 678 682 683 684 685 686 687 689 690 691 697 698 700 701 702 703 704 705 709 710 711 713 714 715 716 717 718 719 720 723 724 725 727 728 729 730 733 735 736 
445: 1 2 3 6 8 10 11 12 13 14 15 16 17 19 20 22 23 24 28 29 30 31 32 33 34 35 37 40 41 44 47 52 53 57 58 60 61 63 64 65 66 68 70 73 77 79 81 82 83 84 86 87 88 89 90 93 94 96 98 101 102 104 105 107 108 109 110 112 114 115 117 118 120 121 127 128 130 131 132 135 141 143 144 145 147 148 149 150 151 153 154 156 157 158 159 160 163 164 166 168 170 171 172 174 176 177 180 181 183 184 186 188 189 190 191 194 195 196 198 199 200 201 202 203 204 205 207 208 209 213 214 216 217 220 221 223 224 225 226 227 228 229 230 231 232 236 238 239 243 245 247 248 250 251 254 255 257 258 259 260 263 267 268 271 272 273 276 279 281 282 283 284 285 286 287 288 290 296 297 298 299 301 302 303 307 308 309 310 311 312 314 317 318 319 320 321 323 326 327 329 330 333 335 337 338 340 341 346 347 350 352 353 354 358 359 360 361 364 366 369 370 371 372 373 375 378 379 381 382 383 385 388 389 390 391 393 394 395 396 398 399 402 406 408 410 413 414 415 417 418 420 421 423 424 425 428 429 430 433 438 439 440 441 442 444 445 446 450 451 452 453 461 462 463 464 465 466 471 472 474 475 477 478 479 481 482 483 484 485 488 489 490 491 492 493 494 496 498 499 500 501 502 503 504 505 506 508 509 510 514 517 518 521 522 523 524 525 526 527 528 530 533 535 536 539 541 542 543 544 545 547 548 552 553 554 556 560 561 562 563 564 565 567 568 571 575 576 577 578 580 581 583 584 588 590 591 592 596 597 598 600 602 603 604 605 606 607 608 610 611 612 613 614 615 618 619 621 624 626 629 632 633 634 635 636 638 641 642 645 646 648 651 653 657 658 660 663 665 666 667 668 669 670 675 676 677 678 680 682 684 686 687 689 690 696 697 698 699 700 703 705 706 707 708 709 711 714 715 716 717 718 720 721 722 723 724 725 727 728 729 730 732 733 734 736 
460: 1 3 5 8 9 10 11 12 14 18 20 23 24 25 27 28 30 32 34 35 36 39 40 42 44 45 49 50 54 55 56 59 60 61 62 63 65 67 68 69 70 71 74 75 76 77 78 80 83 84 86 88 89 90 92 95 97 98 100 103 104 105 106 107 108 112 113 114 115 116 118 119 122 126 127 129 130 132 133 135 136 137 138 139 142 145 146 148 150 151 152 154 155 157 161 165 166 167 169 171 172 173 175 176 177 178 179 180 182 183 184 186 187 188 189 191 192 193 194 195 197 199 200 201 202 203 205 206 207 208 209 210 211 212 214 215 218 219 220 222 223 225 226 227 228 231 234 235 237 240 241 244 245 246 248 249 250 252 253 254 256 259 260 263 265 266 267 268 269 270 271 272 273 274 276 278 281 283 285 286 287 289 290 291 293 294 295 297 298 299 300 301 302 303 304 305 306 308 309 310 312 313 314 315 316 317 319 322 324 325 327 328 331 332 335 336 338 339 340 344 345 350 354 355 360 361 362 363 365 367 368 369 370 373 374 379 380 382 383 387 389 391 392 397 399 400 402 403 404 405 411 413 416 418 420 422 423 424 426 427 428 429 430 432 433 435 437 439 441 444 445 446 447 449 451 452 453 454 455 459 460 461 462 463 464 466 467 470 471 472 475 476 477 479 480 482 483 484 485 487 488 489 490 493 495 496 497 498 499 501 502 503 505 506 507 508 509 511 515 516 519 520 521 522 523 524 525 527 528 529 530 531 533 535 537 538 539 542 543 545 546 548 550 551 554 555 558 560 562 563 565 566 568 570 571 573 574 575 576 577 581 582 583 585 589 590 591 593 595 596 597 600 601 602 603 605 606 607 609 610 611 613 616 617 619 620 622 623 624 625 627 628 629 630 631 632 633 635 636 640 641 642 644 645 648 650 651 652 653 654 656 657 658 659 660 661 669 670 673 674 675 676 677 680 682 684 685 686 689 690 698 699 700 701 702 703 704 705 709 712 713 714 715 716 717 718 719 720 721 722 723 724 725 726 728 730 732 733 734 736 
455: 0 1 2 4 5 7 8 9 11 13 14 16 18 20 21 24 25 28 29 30 31 32 33 38 39 40 41 42 43 45 46 47 49 50 51 52 53 58 60 61 62 63 65 66 68 70 73 75 76 77 80 82 83 84 89 90 91 93 94 96 97 98 99 100 101 102 105 106 108 111 112 115 116 122 124 127 128 129 130 137 138 139 144 145 146 147 149 150 151 153 155 156 157 158 159 165 167 168 169 170 172 173 174 175 177 178 179 180 181 182 183 184 185 186 187 188 189 190 191 193 194 195 196 200 202 204 205 206 208 213 214 215 216 217 218 223 224 225 228 229 231 232 233 234 235 236 239 240 242 244 245 246 247 249 253 255 256 257 259 260 261 263 264 266 267 268 269 273 274 275 277 278 282 284 285 288 289 291 292 293 294 296 297 299 300 303 304 306 308 311 312 313 315 316 317 321 322 323 324 325 327 329 330 331 332 333 334 335 336 337 341 343 347 348 349 353 355 356 357 358 359 361 362 363 367 368 369 371 372 373 375 378 380 381 382 383 385 387 388 389 390 391 393 394 395 398 400 402 403 405 406 410 411 412 414 416 417 418 423 425 426 427 428 429 430 431 433 437 439 440 443 446 447 449 453 456 458 460 462 463 466 467 468 469 471 473 474 475 476 477 479 480 484 487 490 491 493 494 496 502 503 505 507 509 510 515 521 522 524 525 526 527 528 529 530 531 532 534 536 538 539 541 542 543 544 546 547 548 550 551 552 554 555 556 559 560 562 563 564 565 566 567 568 569 570 571 572 574 575 576 577 578 579 580 581 582 583 584 585 586 587 588 589 591 592 593 594 595 596 599 603 604 606 607 608 609 610 611 612 615 617 619 620 622 623 624 625 630 632 634 635 636 638 639 640 642 643 644 646 648 649 650 651 654 656 657 658 659 661 662 663 664 665 666 667 669 670 671 673 679 680 683 684 686 687 688 691 693 694 695 697 698 699 702 703 705 708 711 713 714 715 716 717 718 720 722 723 724 725 726 729 730 733 734 736 
430: 0 1 4 5 8 11 12 13 14 17 18 19 20 22 23 24 26 27 29 31 32 33 34 35 36 37 38 39 40 41 43 44 45 46 47 49 50 53 54 55 56 59 62 63 65 66 68 71 72 74 77 78 79 82 83 85 86 87 89 90 91 94 97 98 99 101 102 104 105 106 107 108 110 115 118 119 120 121 122 123 124 125 126 127 128 129 131 135 136 138 139 141 143 144 145 146 148 150 151 152 153 154 155 159 160 161 162 163 165 166 167 168 169 170 171 174 175 177 179 180 181 183 185 186 188 190 191 193 196 200 201 202 204 205 206 207 208 215 216 217 221 223 225 227 229 230 231 232 233 235 236 238 239 240 242 243 246 248 250 251 253 256 257 258 260 261 263 264 265 266 268 270 272 273 275 276 277 281 283 284 286 288 289 290 291 296 299 302 303 304 305 306 307 308 309 314 315 316 317 318 319 322 323 325 328 329 330 331 335 337 339 340 342 348 349 350 354 356 359 361 362 364 366 367 368 369 371 372 374 375 376 377 378 379 383 384 386 387 388 390 391 392 393 394 398 400 401 402 403 405 406 407 410 412 413 414 417 418 420 422 426 432 438 443 444 447 452 453 457 458 459 461 464 465 468 469 471 473 475 477 479 480 481 482 484 485 487 489 490 491 494 497 499 500 505 506 507 508 509 510 514 516 519 521 523 526 527 528 531 532 533 535 539 540 541 543 545 546 547 549 550 551 553 554 556 558 559 560 561 564 568 569 571 572 573 575 577 579 580 582 586 588 590 591 594 595 600 602 603 604 605 606 607 610 615 616 617 618 623 624 628 629 631 632 633 635 638 639 640 643 644 645 647 648 651 654 656 657 658 659 660 661 662 665 667 668 670 671 673 676 677 679 680 682 684 686 687 689 691 693 695 696 697 698 700 701 702 703 704 705 706 707 708 709 710 711 712 714 718 719 720 721 723 724 726 727 728 729 732 734 
Days = 28
Shift constraints
8 24
8 20
4 24
0 28
4 24
4 5
true
true
Forbidden sequences = 2
3 1 
2 3 

