# Randomly generated data for the integrated task scheduling and personnel rostering problem, skilling=0,300 and tightness=0,900 seed=45360
Tasks = 1108
802 940 18
390 485 19
795 876 2
578 667 11
391 450 26
796 887 6
797 872 11
566 643 3
556 620 27
395 422 10
799 864 16
408 481 5
795 898 17
800 886 22
795 891 22
795 853 4
396 497 12
798 933 18
795 884 0
797 853 19
828 925 26
898 987 17
497 589 12
819 892 21
795 865 9
799 859 15
396 528 16
390 428 11
559 663 12
815 889 27
587 638 1
902 953 21
471 545 26
557 618 1
797 873 6
885 957 0
557 602 27
390 435 1
555 656 26
390 491 5
390 517 16
795 895 10
556 666 17
556 661 20
392 472 18
485 548 19
390 464 14
392 492 22
557 641 15
798 941 13
558 679 0
390 486 27
558 622 27
795 837 2
397 486 16
562 664 15
796 866 20
646 731 3
874 953 16
865 960 9
555 647 7
629 745 27
564 622 15
926 1006 26
558 659 12
435 538 1
560 657 14
837 902 2
797 851 20
796 895 13
797 884 3
605 693 27
392 514 2
873 937 11
391 455 21
518 609 16
812 937 9
390 496 10
902 989 2
391 471 23
532 610 16
390 443 18
798 869 7
795 929 26
877 948 2
888 920 22
393 441 7
555 638 6
390 438 13
638 773 6
799 859 8
392 485 14
488 596 14
405 453 17
574 673 12
390 446 0
406 462 3
797 850 27
941 1059 9
556 630 24
555 637 23
391 451 4
390 483 8
555 633 18
568 681 1
665 793 15
666 698 17
555 632 24
555 653 9
392 461 11
795 897 20
556 629 21
556 591 25
898 1001 13
555 700 14
901 943 10
463 567 17
795 914 7
392 463 18
390 481 24
556 644 19
394 517 22
390 444 11
676 769 12
390 491 2
655 749 1
953 1055 16
557 632 1
397 523 19
556 589 19
565 645 26
391 473 6
472 587 23
610 653 16
806 891 0
795 869 21
800 868 25
561 660 12
654 782 7
556 625 4
519 634 22
800 894 22
953 1049 2
597 636 26
560 619 15
556 599 10
890 975 27
536 626 2
568 671 17
619 668 15
642 746 23
938 1032 11
555 691 13
632 756 21
491 567 5
1057 1129 2
559 637 8
558 631 23
394 459 3
400 453 15
797 872 16
949 989 10
390 442 19
810 922 24
635 773 24
759 895 27
528 648 19
853 935 19
467 548 3
868 965 20
796 876 17
556 612 8
873 1008 16
804 920 19
694 789 27
452 551 4
873 929 7
682 750 1
885 1007 3
423 565 10
450 581 11
949 1025 13
556 671 24
493 558 22
579 641 9
795 853 22
796 870 3
568 652 8
442 567 19
1034 1109 11
658 786 9
593 684 25
555 617 18
392 524 26
646 726 19
902 984 22
634 713 22
390 474 0
877 1009 17
390 439 6
458 539 21
526 634 26
853 910 22
575 665 12
392 470 4
390 468 23
390 483 11
494 566 2
394 464 4
670 770 15
624 714 27
395 442 10
795 894 1
987 1064 17
754 868 23
555 642 17
635 758 18
804 883 5
633 730 23
559 632 22
393 440 3
621 722 18
795 868 23
858 937 27
1060 1129 9
556 651 25
1008 1062 26
898 937 20
418 554 17
490 544 11
728 780 18
962 1070 9
396 528 0
795 857 6
1131 1197 2
396 447 16
396 477 24
636 759 1
559 610 6
857 970 20
691 805 25
920 1006 19
634 706 26
732 807 23
560 646 1
568 652 19
556 645 14
938 1017 20
853 956 4
555 659 14
795 877 10
1029 1083 13
809 895 12
1013 1090 3
893 955 0
567 633 5
1131 1264 9
702 791 13
760 840 1
565 703 26
396 497 5
591 671 12
936 986 19
967 1055 20
555 609 17
398 441 4
426 530 5
454 539 16
1020 1107 18
957 1036 0
964 999 0
732 778 26
483 553 8
491 576 4
729 804 19
651 763 19
795 865 18
989 1032 19
685 786 0
555 629 7
646 721 15
658 768 25
771 859 25
623 694 15
393 511 13
939 976 27
395 441 27
979 1053 27
395 465 12
390 460 6
895 1004 1
590 683 18
673 744 12
491 594 18
557 634 4
600 721 19
610 734 17
795 889 11
561 694 13
470 589 12
568 612 2
574 658 13
465 576 4
973 1061 20
795 902 0
578 651 4
875 934 8
654 741 4
444 560 10
569 634 25
878 953 10
797 864 24
724 785 15
655 713 19
953 1051 10
1001 1043 13
929 1004 26
990 1058 2
632 743 22
569 652 5
757 819 21
1057 1137 27
573 630 16
801 897 21
796 882 13
563 640 13
720 854 27
911 973 22
868 901 23
614 735 16
478 576 18
529 580 0
619 669 2
497 603 10
839 937 7
999 1066 22
891 961 22
558 620 12
593 674 8
931 1033 7
1058 1112 2
505 589 5
629 698 2
797 918 21
961 1018 22
1009 1091 16
406 507 0
796 927 1
1005 1091 1
483 555 24
775 849 24
695 777 13
735 799 16
974 1043 22
460 497 6
864 955 25
804 900 7
808 911 23
684 825 18
1059 1154 16
821 858 21
1197 1263 2
682 737 5
905 1031 0
796 859 9
736 789 13
625 690 12
921 1010 22
903 953 12
1077 1179 9
916 1020 7
806 878 25
817 920 5
743 801 17
868 1016 24
567 662 0
939 1027 8
911 1032 23
583 625 11
791 876 27
1090 1140 3
700 789 2
645 732 17
879 937 25
440 498 13
863 982 9
663 722 14
447 478 0
728 820 14
454 571 7
454 580 15
657 712 16
390 440 15
665 741 12
742 810 4
394 477 19
561 635 1
674 740 2
836 915 18
475 543 0
512 604 13
1033 1083 7
446 550 4
662 738 20
390 475 3
605 697 10
903 994 21
444 512 18
956 1017 18
841 921 1
673 755 12
864 969 24
1020 1098 19
601 653 0
1023 1085 7
1018 1139 22
658 774 0
667 749 26
795 857 5
476 588 23
763 800 19
675 749 24
884 952 6
901 1013 7
746 806 22
810 878 19
713 819 16
983 1103 9
1140 1259 27
475 554 3
889 958 11
1019 1102 0
555 613 5
619 694 1
742 855 20
497 624 6
1104 1202 9
935 1059 1
636 673 25
1035 1138 19
544 651 21
555 626 12
592 668 23
835 931 14
796 868 20
958 1019 11
891 962 6
640 703 24
1142 1185 3
760 885 18
1072 1179 1
725 779 22
795 922 21
674 768 25
589 701 7
1188 1258 3
956 1067 6
1113 1223 2
883 975 19
551 652 4
607 699 18
653 754 21
650 690 26
964 1006 6
741 815 2
998 1107 10
538 615 1
472 528 14
698 797 15
731 790 3
593 652 23
490 605 19
647 777 9
596 630 12
867 957 27
862 953 6
636 713 1
1051 1116 10
869 985 21
983 1017 19
803 939 6
788 854 0
445 529 6
773 878 15
680 758 1
478 571 0
759 854 12
545 612 16
1077 1157 22
630 708 11
796 863 9
558 653 17
1086 1189 13
1090 1206 7
660 742 12
668 718 12
746 822 12
779 885 9
895 984 18
709 780 11
735 859 18
960 1004 4
925 1016 18
1123 1189 10
901 967 23
555 657 15
1140 1264 22
553 635 8
874 945 23
659 768 14
970 1012 24
640 748 8
489 547 11
986 1077 27
695 776 1
1118 1215 10
957 1035 21
795 886 20
698 763 10
872 954 3
870 990 15
635 706 8
624 696 6
390 496 10
796 865 7
473 570 6
778 834 1
702 824 14
713 795 19
968 1079 23
1007 1088 6
627 729 12
1179 1263 9
791 851 2
1043 1112 22
1039 1151 21
643 720 4
993 1092 15
923 986 21
737 806 12
713 775 24
690 745 17
498 574 13
1191 1258 10
555 588 25
554 669 3
535 609 14
988 1098 21
657 736 15
790 926 3
563 642 10
439 490 6
1100 1178 21
726 798 19
965 1028 25
835 893 1
672 746 3
441 578 15
795 861 26
1013 1138 7
638 778 19
1090 1203 7
496 607 10
570 668 6
481 517 3
827 945 12
1157 1228 16
1206 1260 7
665 774 10
788 866 15
390 461 15
658 712 17
960 1079 6
706 777 8
1015 1152 24
606 690 5
1056 1172 20
781 857 22
696 786 6
557 659 25
966 1031 23
779 859 19
893 1034 1
769 902 25
869 929 25
769 882 1
828 958 8
656 732 26
954 1014 12
904 1031 25
391 496 18
401 511 5
890 983 20
930 1032 3
632 701 7
1176 1263 20
661 757 14
530 618 3
1154 1220 24
994 1036 21
1004 1046 4
566 672 24
638 706 16
1021 1080 17
862 916 21
761 858 21
580 632 11
529 615 16
428 478 11
1159 1264 22
817 943 23
890 1025 9
608 722 10
478 546 11
543 662 0
945 1076 23
958 1025 27
611 689 6
1066 1136 26
1093 1153 16
562 698 3
620 669 3
615 653 1
691 813 12
819 878 12
889 988 13
880 979 15
669 735 6
1158 1238 21
657 714 23
820 859 16
463 556 3
802 903 17
933 1016 25
1104 1184 0
600 679 10
613 752 5
692 795 5
481 526 24
821 905 12
923 983 24
719 776 23
707 804 16
495 573 14
620 692 16
620 686 8
645 735 13
1140 1198 19
745 876 12
701 759 7
735 848 4
768 823 24
512 631 18
1047 1167 13
803 886 3
1228 1262 16
878 957 12
1183 1264 1
703 792 24
932 1030 14
633 719 12
395 486 13
849 924 4
682 754 4
664 736 0
747 854 17
1034 1108 18
579 636 15
863 926 26
1049 1144 4
1147 1264 19
423 497 14
576 637 10
685 754 11
1064 1105 17
796 858 24
1036 1112 0
749 808 8
1113 1193 22
1011 1141 22
578 641 4
993 1025 13
551 660 4
786 859 6
1048 1113 21
722 758 17
676 738 8
928 1033 4
546 641 11
1206 1264 9
632 725 18
1171 1261 13
1216 1264 10
1195 1259 13
1090 1205 6
1114 1190 11
798 859 19
783 887 12
610 676 14
539 639 6
572 706 0
1192 1262 0
742 813 26
633 735 5
622 730 14
767 853 10
694 772 16
759 859 17
946 1034 12
916 1034 21
857 910 20
1041 1138 20
653 732 1
1080 1193 27
555 618 20
799 870 8
960 1053 8
674 740 24
739 810 13
1095 1197 15
619 696 20
823 908 16
707 775 0
1112 1210 18
865 966 9
821 858 2
1224 1264 2
1086 1177 6
1080 1198 23
808 864 7
747 857 24
903 974 17
746 859 3
1212 1253 18
445 509 27
574 657 13
1028 1117 8
513 567 5
776 855 1
807 857 22
623 749 16
757 817 14
1061 1178 20
390 443 4
752 843 26
714 802 1
747 885 12
1071 1186 6
769 831 14
707 777 7
675 725 3
1199 1248 27
865 945 7
1113 1182 0
590 681 25
888 986 3
773 823 6
784 832 26
945 1028 6
1118 1193 8
1179 1264 21
451 553 4
1019 1097 25
937 1034 25
877 980 27
822 898 8
702 774 3
750 853 16
897 965 27
735 764 6
908 990 8
653 750 4
682 733 25
562 672 3
678 726 3
733 822 25
663 750 0
1198 1264 19
486 570 27
990 1126 20
467 557 15
910 987 20
947 1046 7
723 854 10
781 810 24
817 917 26
833 919 24
937 1044 21
732 824 1
597 687 18
980 1027 15
776 832 10
865 941 1
955 1044 3
547 605 11
1100 1193 25
827 902 24
713 810 20
1045 1100 3
738 815 0
1198 1263 6
558 680 15
756 853 4
398 490 8
571 664 27
815 911 20
885 1009 7
735 821 5
831 895 14
1022 1093 7
905 1026 12
537 652 27
1077 1149 23
679 776 10
752 804 5
921 1031 1
919 1024 20
575 672 23
1103 1171 3
1172 1211 3
669 707 23
1097 1159 7
816 923 13
896 984 14
568 660 14
737 789 15
984 1063 24
641 685 11
761 830 4
964 1061 5
609 684 4
981 1030 27
497 617 18
859 929 24
803 859 16
1199 1264 23
817 907 14
888 1022 18
644 775 4
931 1034 24
643 728 10
699 793 17
954 1019 7
1139 1262 20
1181 1264 20
741 790 8
914 967 16
1210 1256 7
693 795 26
911 976 14
789 890 15
813 951 26
793 882 17
1155 1214 16
989 1063 3
689 758 18
797 853 15
875 960 20
741 856 12
700 783 15
777 860 8
1146 1193 7
1021 1128 11
1149 1258 26
570 643 5
689 815 8
491 601 8
886 977 12
799 856 5
725 818 18
883 950 1
690 751 6
856 921 15
780 840 7
1145 1264 4
904 1033 24
685 734 11
857 956 5
1194 1257 7
727 834 3
986 1079 21
1004 1061 26
608 697 13
497 610 13
951 1041 26
921 1028 26
652 748 5
1200 1263 25
774 856 16
867 966 15
559 669 14
1158 1263 23
651 715 6
823 909 6
890 955 15
741 848 3
1105 1165 17
691 748 8
1144 1259 22
1080 1165 21
672 780 14
491 556 6
768 846 5
787 821 8
1173 1258 7
805 878 1
961 1032 12
585 673 15
818 915 13
686 789 15
1061 1158 26
765 859 6
776 859 0
734 859 10
1070 1149 24
607 697 8
1044 1130 6
1146 1251 18
874 974 8
779 856 4
956 1063 5
987 1034 14
825 950 14
1063 1132 5
925 1034 13
707 811 4
1129 1175 11
1155 1264 24
1064 1126 3
1206 1264 6
833 899 26
557 645 6
751 817 0
691 766 23
492 633 5
1220 1264 24
775 847 3
979 1051 8
956 1034 15
688 755 14
804 914 5
617 735 18
658 736 13
645 753 6
1047 1154 7
755 798 11
1079 1216 8
770 881 6
795 858 15
677 748 27
1126 1168 20
689 785 14
970 1031 9
734 817 11
606 729 11
986 1032 18
926 1027 6
803 915 1
762 854 27
887 937 5
925 1013 15
736 813 13
817 907 8
735 780 17
790 859 14
970 1032 16
973 1024 27
990 1033 20
1097 1162 1
669 774 25
966 1030 15
994 1033 8
1121 1220 26
785 840 17
1221 1262 8
802 895 26
1128 1222 3
840 904 17
699 811 13
1196 1263 8
826 858 13
740 857 8
754 815 6
786 830 13
710 770 26
1193 1263 11
964 1033 1
797 850 23
957 1034 1
1178 1264 6
957 1023 26
1130 1259 7
759 827 6
1164 1264 1
1169 1213 20
1182 1264 0
812 937 15
1165 1265 17
939 1011 5
824 859 18
909 1033 17
735 792 18
1216 1263 16
526 653 24
800 853 19
882 959 17
654 761 24
830 897 13
819 858 0
802 886 8
761 874 7
1135 1261 6
1064 1100 21
636 773 15
976 1103 20
1211 1264 3
822 933 25
844 917 4
909 1030 13
923 1034 4
661 739 4
1175 1264 11
771 851 26
813 859 13
877 952 12
912 1030 8
1132 1172 5
734 856 11
776 859 15
1109 1202 21
720 749 23
909 997 12
775 856 18
731 831 14
945 1030 15
777 875 10
824 859 1
821 847 4
875 975 10
777 852 25
791 909 14
1057 1151 8
728 801 11
953 1033 12
1215 1257 20
1086 1171 17
916 979 1
920 1018 26
866 937 25
778 871 23
1201 1262 15
1158 1264 26
976 1033 14
649 729 13
665 773 27
897 1001 8
876 941 7
745 847 13
941 1031 7
961 1034 17
935 1032 25
977 1034 17
1126 1262 20
781 852 11
821 859 5
678 813 5
779 848 5
940 1023 1
596 685 14
931 1021 14
1165 1264 21
762 859 24
794 857 18
950 1060 26
1138 1211 26
815 857 6
773 859 27
981 1032 1
687 797 14
1226 1264 3
1017 1154 5
1203 1259 21
1121 1256 21
1175 1257 17
802 854 19
1214 1255 8
975 1034 10
931 1015 24
803 896 11
841 920 8
916 1034 11
1172 1265 5
1194 1264 22
877 1016 23
928 1026 8
739 859 4
788 859 15
914 1035 5
1156 1263 7
1160 1249 5
1106 1217 5
802 858 14
909 1035 6
817 860 11
937 1019 25
959 1019 13
757 845 23
951 1032 14
Shifts = 4
0 0 0 0 0 0
390 0 0 470 0 0
555 0 0 480 0 0
795 0 0 470 0 0
Employees = 10
319: 2 6 12 16 25 31 33 34 37 43 46 48 50 52 57 60 61 68 76 97 104 111 113 118 121 123 130 132 137 138 139 146 154 156 163 165 171 174 175 187 190 196 199 201 204 206 208 213 222 223 225 228 229 231 232 234 235 239 243 253 255 258 264 273 275 278 279 281 282 285 287 290 293 296 298 300 301 302 303 306 307 309 310 314 317 319 321 323 324 325 326 328 331 332 334 335 337 346 347 350 351 355 356 359 360 365 374 375 376 387 392 393 394 400 413 414 416 418 421 423 424 428 430 433 434 437 446 447 449 456 457 459 460 461 468 469 472 480 481 489 491 494 495 500 502 504 509 510 511 514 515 520 523 525 526 529 535 537 540 542 545 550 552 553 554 555 556 559 560 562 568 569 575 579 582 584 587 597 609 612 615 617 621 622 627 632 637 642 643 645 646 649 657 660 678 684 687 691 692 697 704 707 708 709 714 717 719 723 726 727 728 737 742 743 744 745 750 751 753 754 756 758 761 764 767 768 770 772 775 783 784 786 791 792 794 803 804 806 808 809 819 820 825 828 835 838 842 844 846 856 861 865 878 880 883 884 885 889 893 906 908 909 913 916 922 926 929 932 933 941 945 954 958 962 979 981 986 989 991 992 995 1009 1011 1014 1016 1018 1021 1022 1025 1027 1028 1029 1031 1033 1046 1048 1050 1052 1057 1062 1063 1068 1072 1074 1075 1079 1080 1083 1085 1086 1087 1090 1091 1095 1099 1100 1101 1103 1105 
329: 1 16 23 24 29 30 39 44 46 49 51 58 59 62 63 70 72 78 82 88 89 90 91 94 96 97 103 105 107 114 118 121 124 125 126 130 131 134 135 136 137 140 141 142 145 146 147 149 155 157 164 167 168 176 183 184 186 189 190 193 196 197 199 201 204 205 208 213 228 229 231 232 235 237 242 250 253 261 262 264 267 271 275 279 283 289 290 292 302 303 305 307 312 313 323 339 340 342 347 348 350 351 352 353 367 369 370 371 372 373 374 376 379 381 384 389 394 401 405 406 410 418 419 438 451 454 455 456 464 466 468 470 471 475 482 484 487 491 494 495 497 500 509 513 521 526 529 532 533 538 542 543 545 546 547 551 553 561 569 570 571 572 574 577 583 584 585 586 587 590 591 595 599 600 602 604 606 607 612 613 614 615 617 620 627 628 629 633 635 638 641 643 644 648 649 651 653 655 661 662 665 666 671 673 684 685 692 695 696 698 699 702 703 706 707 713 714 716 720 723 724 735 737 739 741 748 751 757 761 762 765 766 767 779 782 784 785 788 795 797 804 805 806 808 816 824 827 830 831 832 833 847 850 858 862 864 868 869 874 878 884 886 887 888 890 892 893 901 902 903 905 907 908 916 924 929 931 936 939 942 943 945 947 955 956 958 960 961 965 966 969 970 977 982 984 987 991 996 1000 1006 1014 1021 1022 1023 1027 1031 1033 1034 1036 1037 1040 1041 1044 1046 1052 1056 1065 1067 1069 1075 1078 1082 1085 1086 1087 1093 1098 1102 1107 
312: 3 8 9 19 25 26 34 45 54 55 56 57 58 66 69 72 74 79 81 83 89 96 102 106 110 113 114 128 134 138 139 142 143 145 148 149 152 156 157 158 159 162 167 173 178 185 186 188 189 191 193 196 198 202 203 207 215 218 220 221 228 239 240 241 244 245 246 252 257 259 271 275 286 287 292 293 310 312 313 315 320 324 326 333 336 343 347 350 360 361 371 373 374 375 381 382 386 388 389 390 400 402 403 407 408 409 422 423 432 435 437 438 440 442 443 450 452 456 462 468 469 470 474 477 479 486 489 494 497 498 500 505 509 511 513 520 521 522 524 525 528 534 535 536 541 543 548 555 556 561 567 572 573 576 577 578 585 604 608 609 615 621 622 629 630 631 635 636 637 639 642 645 650 652 653 656 657 658 659 662 665 673 677 682 683 685 687 690 691 692 695 696 701 702 704 705 710 711 720 721 723 726 727 729 732 734 740 745 746 747 748 752 754 755 757 765 770 773 774 777 779 780 782 783 788 794 796 798 800 801 802 804 806 809 811 813 814 815 817 821 822 826 830 833 836 838 843 853 860 867 869 874 878 881 884 895 896 903 904 906 907 908 909 917 926 930 931 940 945 948 949 950 951 952 954 958 969 971 981 984 988 992 999 1004 1005 1006 1012 1021 1022 1023 1025 1032 1034 1035 1038 1040 1042 1047 1048 1059 1062 1063 1064 1070 1073 1080 1086 1088 1090 1093 1095 1097 
353: 0 2 6 12 14 17 20 27 28 29 35 36 52 56 57 61 63 65 66 67 68 71 73 76 77 78 82 83 84 85 87 89 90 92 93 96 98 99 100 101 103 104 108 110 111 113 116 117 120 123 124 130 133 134 135 139 140 142 144 148 149 151 154 155 156 157 158 172 173 174 175 177 183 185 189 190 192 193 194 195 197 198 203 205 209 210 211 217 218 224 227 229 234 237 241 243 246 254 256 260 261 270 271 274 283 284 285 287 288 290 291 292 293 295 301 305 308 312 313 316 322 328 332 336 338 344 346 353 354 357 361 369 375 377 379 391 392 393 395 396 397 398 399 400 408 409 412 415 417 418 419 420 425 426 427 428 431 436 440 443 444 446 452 454 457 468 476 478 479 483 486 496 500 503 505 506 510 514 515 521 524 528 533 541 542 547 550 552 556 557 558 561 565 568 569 570 573 574 575 578 579 585 589 590 593 595 596 602 604 605 614 625 626 627 629 631 642 646 655 658 663 665 666 670 671 674 675 682 683 686 689 690 693 695 697 701 703 704 708 715 721 723 727 733 741 742 746 755 756 760 761 763 764 767 768 773 774 775 776 781 782 790 791 796 804 809 810 814 822 826 831 832 835 836 845 846 849 853 864 870 876 877 880 881 882 884 885 887 889 890 891 893 895 898 902 904 906 910 911 913 920 923 931 932 945 948 950 951 959 961 963 964 965 978 980 981 983 985 988 991 1000 1006 1008 1009 1020 1024 1026 1030 1038 1040 1041 1043 1050 1051 1052 1055 1060 1062 1065 1066 1070 1079 1082 1088 1089 1090 1091 1093 1095 1099 1102 1104 1105 
304: 7 10 19 23 25 26 28 31 32 33 40 41 43 44 47 50 57 70 75 86 90 91 108 111 112 114 115 117 122 128 140 142 143 147 152 159 160 161 166 169 172 183 187 188 190 191 194 207 212 214 215 218 219 222 225 228 235 236 238 240 244 247 248 249 265 266 271 272 275 278 280 281 284 285 287 288 289 294 297 299 300 303 308 310 312 313 318 319 329 330 333 344 345 349 351 357 362 364 367 368 375 382 386 387 389 399 401 403 411 412 415 420 424 427 429 430 432 433 434 442 443 445 454 455 456 458 465 467 469 472 473 484 485 488 490 491 492 503 504 505 508 513 514 516 528 535 543 544 548 549 552 555 558 560 562 563 565 566 571 572 579 587 593 596 598 601 603 607 611 612 616 617 618 619 624 627 628 630 638 643 646 653 660 661 663 676 689 691 707 710 711 713 717 720 724 730 734 738 739 740 741 747 749 754 759 760 765 768 772 775 781 789 790 792 802 810 815 821 825 828 833 839 842 846 850 852 853 855 856 858 861 862 863 867 871 873 878 879 883 886 888 890 894 897 900 903 925 926 932 938 939 940 947 948 952 954 956 960 963 966 967 973 975 976 977 979 985 986 988 993 1000 1001 1002 1003 1009 1011 1014 1016 1017 1019 1021 1025 1026 1028 1032 1038 1040 1053 1055 1057 1060 1062 1064 1066 1069 1070 1073 1074 1078 1079 1082 1084 1089 1094 
297: 0 12 16 18 19 21 29 30 33 35 37 38 46 48 56 57 60 61 65 69 71 76 80 86 87 91 92 94 96 99 103 104 117 118 120 127 129 130 131 132 133 135 137 138 144 148 155 161 164 168 171 176 187 191 194 195 199 204 208 209 213 217 220 226 227 229 232 235 236 243 248 253 263 269 271 273 274 276 290 300 305 309 311 315 316 321 325 327 330 333 334 337 338 343 346 348 353 360 361 365 366 374 376 377 378 380 383 390 397 404 411 425 429 433 437 444 448 450 458 459 461 464 466 476 479 484 487 488 502 504 505 506 510 511 522 523 525 532 538 539 544 546 555 561 562 563 564 574 582 586 587 590 597 598 604 606 607 608 609 621 622 623 624 626 627 629 636 642 645 646 656 657 661 663 672 674 675 676 677 680 681 683 698 701 702 710 711 712 715 718 726 729 730 732 738 740 747 748 750 751 753 767 769 770 772 784 785 786 787 788 793 796 799 802 807 812 815 820 822 830 832 837 838 840 842 843 847 850 851 853 854 857 864 865 868 879 883 885 886 895 896 906 911 914 918 919 924 935 937 941 946 951 957 959 969 970 971 972 974 987 988 989 995 997 998 1001 1004 1009 1012 1014 1016 1019 1023 1025 1029 1033 1034 1036 1048 1053 1057 1062 1064 1067 1068 1072 1076 1078 1079 1080 1081 1083 1084 1089 1096 1099 1101 
350: 0 1 5 9 10 20 23 27 29 35 38 42 45 47 50 52 53 55 56 58 63 64 67 68 70 71 73 75 79 90 92 104 105 106 108 112 121 124 126 128 132 134 135 139 143 151 153 155 169 171 177 179 180 181 182 184 186 189 191 192 195 197 198 203 208 210 215 226 228 231 234 235 240 242 243 246 259 262 263 264 267 268 270 284 286 289 293 294 296 297 305 306 308 313 316 317 318 326 328 334 338 339 344 345 346 351 353 354 355 359 361 364 370 371 372 373 375 376 383 385 392 396 397 404 415 416 417 421 426 428 430 433 435 436 439 442 445 452 454 463 467 472 474 476 480 483 491 494 500 501 502 507 515 519 522 524 525 530 536 537 538 545 549 550 554 556 560 562 566 568 570 576 578 581 591 595 599 601 608 609 611 612 613 615 616 617 618 619 625 629 630 639 640 643 648 651 652 655 658 660 662 663 664 666 668 671 672 683 684 688 693 694 698 702 706 709 712 713 717 719 721 723 725 733 735 736 738 740 743 745 749 752 753 758 759 763 766 773 782 783 785 787 793 794 795 796 797 798 799 803 809 811 813 818 819 820 824 825 827 829 835 840 841 851 852 854 856 858 859 863 872 875 876 877 879 880 886 887 888 891 896 899 900 901 911 913 914 915 916 917 919 929 930 935 936 937 941 942 944 948 953 957 960 963 965 967 970 976 977 979 985 987 992 997 998 1005 1008 1011 1015 1023 1024 1030 1035 1036 1037 1040 1043 1046 1048 1051 1055 1058 1059 1064 1070 1073 1077 1081 1082 1084 1086 1089 1091 1094 1097 1098 1100 1103 1104 1106 
357: 4 5 11 15 16 17 18 19 21 22 25 26 31 32 34 40 46 50 55 57 63 64 65 74 75 76 78 79 82 96 99 102 109 110 113 114 115 117 124 125 128 129 130 131 133 137 143 145 146 154 156 162 163 165 166 167 172 179 180 184 185 189 191 199 200 202 207 211 212 221 224 227 228 230 235 236 237 244 247 248 250 255 257 261 262 263 272 273 276 277 278 281 282 284 287 290 291 296 298 300 303 304 306 310 314 319 320 321 322 325 327 331 332 334 335 337 343 348 351 352 353 354 358 360 363 364 365 369 371 374 384 385 391 392 397 398 404 408 410 412 414 417 424 426 427 429 430 436 439 440 441 446 447 448 452 455 461 463 464 466 467 468 469 477 485 486 489 497 499 501 502 507 509 511 514 515 521 523 525 530 534 535 540 544 545 546 553 556 557 558 564 567 573 574 577 579 585 600 602 605 606 609 615 616 629 630 636 640 642 647 657 658 665 667 668 669 675 676 678 681 689 690 692 693 694 698 699 708 711 712 715 721 723 724 725 732 737 738 739 744 745 748 750 755 756 758 763 765 769 771 774 776 777 779 786 787 789 790 795 796 804 808 809 817 818 820 833 834 837 839 841 843 852 854 858 860 862 864 865 869 874 878 880 885 887 893 894 895 901 909 910 912 913 924 929 930 933 934 936 937 939 943 946 947 949 951 953 959 962 963 964 968 975 977 980 983 985 987 989 990 993 995 1002 1004 1006 1007 1011 1013 1017 1018 1024 1026 1028 1030 1032 1036 1037 1047 1049 1056 1063 1065 1066 1067 1078 1081 1082 1083 1084 1087 1091 1092 1093 1096 1097 1100 1102 
334: 1 19 26 27 29 38 39 44 45 47 49 51 54 57 58 69 72 73 80 85 92 94 95 96 97 100 101 105 109 110 111 114 117 119 124 127 128 129 133 138 141 144 150 154 156 160 164 166 181 182 183 190 192 195 207 213 214 215 216 218 221 224 226 230 236 237 240 242 245 246 249 251 255 258 260 261 264 265 267 276 277 279 281 283 295 296 299 300 303 310 314 323 326 329 335 336 347 348 352 354 355 358 371 373 376 377 384 387 392 395 397 398 400 402 407 409 410 417 426 440 441 444 447 450 452 459 460 461 465 467 480 481 482 485 488 492 493 494 497 498 499 505 508 509 510 512 515 517 527 528 531 532 533 536 539 553 556 558 560 561 563 570 573 575 576 579 580 583 587 590 591 592 594 595 601 606 609 612 615 617 625 630 632 634 638 639 643 645 649 654 655 657 661 664 667 668 669 672 685 691 692 693 695 696 699 700 703 705 712 715 720 722 723 724 726 727 728 731 736 739 744 746 747 748 752 755 756 758 759 760 761 762 766 771 772 774 775 778 779 780 787 793 797 801 802 804 807 808 810 812 815 823 826 832 834 837 838 839 843 846 851 854 859 860 867 872 876 884 886 892 900 901 907 912 918 919 921 928 933 940 945 950 961 969 970 972 974 976 980 985 986 990 992 993 994 999 1003 1004 1005 1006 1010 1011 1015 1021 1025 1029 1039 1042 1044 1046 1048 1049 1051 1053 1054 1056 1058 1059 1061 1064 1065 1070 1071 1074 1076 1077 1079 1087 1089 1093 1096 1102 1104 1105 
370: 8 9 13 14 25 28 48 50 53 54 56 58 61 66 67 68 70 71 76 77 78 82 85 87 91 92 93 94 95 99 102 103 104 106 111 112 113 114 115 117 119 121 122 123 125 129 131 134 135 141 142 143 146 148 151 152 153 157 158 161 163 165 170 171 172 175 176 178 180 181 183 184 188 192 194 198 202 203 212 216 218 219 227 233 241 244 245 246 248 252 253 254 257 259 260 263 266 267 270 275 278 280 284 287 288 289 293 297 304 306 308 309 312 317 320 322 324 326 332 333 337 340 341 343 345 347 352 354 355 360 363 365 367 368 370 374 378 380 382 393 395 399 405 410 414 421 427 431 432 435 436 438 442 446 448 449 453 455 457 460 461 462 466 468 471 472 475 478 480 481 487 489 492 493 497 498 499 505 507 511 512 516 517 518 527 528 537 543 554 556 560 561 562 564 567 569 572 574 575 577 578 581 583 584 586 588 589 593 595 602 603 604 607 610 611 612 615 619 622 625 627 628 633 634 637 640 642 644 645 649 650 651 655 657 658 668 673 676 679 680 681 690 693 694 701 705 707 709 713 714 715 719 722 723 726 727 730 736 738 739 740 742 743 749 757 761 764 765 767 768 777 784 786 787 790 792 795 800 801 803 806 808 811 812 813 814 820 822 826 830 834 840 842 847 848 851 853 857 866 868 872 884 889 891 892 894 897 898 902 910 914 915 917 919 922 923 925 927 935 940 955 958 964 965 966 969 970 973 981 988 989 990 992 997 1000 1004 1005 1010 1012 1023 1025 1029 1031 1036 1045 1049 1054 1055 1057 1058 1061 1063 1065 1066 1067 1068 1070 1073 1078 1081 1082 1083 1087 1088 1089 1092 1101 1103 1105 1107 
Days = 28
Shift constraints
8 24
8 20
4 24
0 28
4 24
4 5
true
true
Forbidden sequences = 2
3 1 
2 3 

