# Randomly generated data for the integrated task scheduling and personnel rostering problem, skilling=0,600 and tightness=0,900 seed=45360
Tasks = 1108
802 940 18
390 485 19
795 876 2
578 667 11
391 450 26
796 887 6
797 872 11
566 643 3
556 620 27
395 422 10
799 864 16
408 481 5
795 898 17
800 886 22
795 891 22
795 853 4
396 497 12
798 933 18
795 884 0
797 853 19
828 925 26
898 987 17
497 589 12
819 892 21
795 865 9
799 859 15
396 528 16
390 428 11
559 663 12
815 889 27
587 638 1
902 953 21
471 545 26
557 618 1
797 873 6
885 957 0
557 602 27
390 435 1
555 656 26
390 491 5
390 517 16
795 895 10
556 666 17
556 661 20
392 472 18
485 548 19
390 464 14
392 492 22
557 641 15
798 941 13
558 679 0
390 486 27
558 622 27
795 837 2
397 486 16
562 664 15
796 866 20
646 731 3
874 953 16
865 960 9
555 647 7
629 745 27
564 622 15
926 1006 26
558 659 12
435 538 1
560 657 14
837 902 2
797 851 20
796 895 13
797 884 3
605 693 27
392 514 2
873 937 11
391 455 21
518 609 16
812 937 9
390 496 10
902 989 2
391 471 23
532 610 16
390 443 18
798 869 7
795 929 26
877 948 2
888 920 22
393 441 7
555 638 6
390 438 13
638 773 6
799 859 8
392 485 14
488 596 14
405 453 17
574 673 12
390 446 0
406 462 3
797 850 27
941 1059 9
556 630 24
555 637 23
391 451 4
390 483 8
555 633 18
568 681 1
665 793 15
666 698 17
555 632 24
555 653 9
392 461 11
795 897 20
556 629 21
556 591 25
898 1001 13
555 700 14
901 943 10
463 567 17
795 914 7
392 463 18
390 481 24
556 644 19
394 517 22
390 444 11
676 769 12
390 491 2
655 749 1
953 1055 16
557 632 1
397 523 19
556 589 19
565 645 26
391 473 6
472 587 23
610 653 16
806 891 0
795 869 21
800 868 25
561 660 12
654 782 7
556 625 4
519 634 22
800 894 22
953 1049 2
597 636 26
560 619 15
556 599 10
890 975 27
536 626 2
568 671 17
619 668 15
642 746 23
938 1032 11
555 691 13
632 756 21
491 567 5
1057 1129 2
559 637 8
558 631 23
394 459 3
400 453 15
797 872 16
949 989 10
390 442 19
810 922 24
635 773 24
759 895 27
528 648 19
853 935 19
467 548 3
868 965 20
796 876 17
556 612 8
873 1008 16
804 920 19
694 789 27
452 551 4
873 929 7
682 750 1
885 1007 3
423 565 10
450 581 11
949 1025 13
556 671 24
493 558 22
579 641 9
795 853 22
796 870 3
568 652 8
442 567 19
1034 1109 11
658 786 9
593 684 25
555 617 18
392 524 26
646 726 19
902 984 22
634 713 22
390 474 0
877 1009 17
390 439 6
458 539 21
526 634 26
853 910 22
575 665 12
392 470 4
390 468 23
390 483 11
494 566 2
394 464 4
670 770 15
624 714 27
395 442 10
795 894 1
987 1064 17
754 868 23
555 642 17
635 758 18
804 883 5
633 730 23
559 632 22
393 440 3
621 722 18
795 868 23
858 937 27
1060 1129 9
556 651 25
1008 1062 26
898 937 20
418 554 17
490 544 11
728 780 18
962 1070 9
396 528 0
795 857 6
1131 1197 2
396 447 16
396 477 24
636 759 1
559 610 6
857 970 20
691 805 25
920 1006 19
634 706 26
732 807 23
560 646 1
568 652 19
556 645 14
938 1017 20
853 956 4
555 659 14
795 877 10
1029 1083 13
809 895 12
1013 1090 3
893 955 0
567 633 5
1131 1264 9
702 791 13
760 840 1
565 703 26
396 497 5
591 671 12
936 986 19
967 1055 20
555 609 17
398 441 4
426 530 5
454 539 16
1020 1107 18
957 1036 0
964 999 0
732 778 26
483 553 8
491 576 4
729 804 19
651 763 19
795 865 18
989 1032 19
685 786 0
555 629 7
646 721 15
658 768 25
771 859 25
623 694 15
393 511 13
939 976 27
395 441 27
979 1053 27
395 465 12
390 460 6
895 1004 1
590 683 18
673 744 12
491 594 18
557 634 4
600 721 19
610 734 17
795 889 11
561 694 13
470 589 12
568 612 2
574 658 13
465 576 4
973 1061 20
795 902 0
578 651 4
875 934 8
654 741 4
444 560 10
569 634 25
878 953 10
797 864 24
724 785 15
655 713 19
953 1051 10
1001 1043 13
929 1004 26
990 1058 2
632 743 22
569 652 5
757 819 21
1057 1137 27
573 630 16
801 897 21
796 882 13
563 640 13
720 854 27
911 973 22
868 901 23
614 735 16
478 576 18
529 580 0
619 669 2
497 603 10
839 937 7
999 1066 22
891 961 22
558 620 12
593 674 8
931 1033 7
1058 1112 2
505 589 5
629 698 2
797 918 21
961 1018 22
1009 1091 16
406 507 0
796 927 1
1005 1091 1
483 555 24
775 849 24
695 777 13
735 799 16
974 1043 22
460 497 6
864 955 25
804 900 7
808 911 23
684 825 18
1059 1154 16
821 858 21
1197 1263 2
682 737 5
905 1031 0
796 859 9
736 789 13
625 690 12
921 1010 22
903 953 12
1077 1179 9
916 1020 7
806 878 25
817 920 5
743 801 17
868 1016 24
567 662 0
939 1027 8
911 1032 23
583 625 11
791 876 27
1090 1140 3
700 789 2
645 732 17
879 937 25
440 498 13
863 982 9
663 722 14
447 478 0
728 820 14
454 571 7
454 580 15
657 712 16
390 440 15
665 741 12
742 810 4
394 477 19
561 635 1
674 740 2
836 915 18
475 543 0
512 604 13
1033 1083 7
446 550 4
662 738 20
390 475 3
605 697 10
903 994 21
444 512 18
956 1017 18
841 921 1
673 755 12
864 969 24
1020 1098 19
601 653 0
1023 1085 7
1018 1139 22
658 774 0
667 749 26
795 857 5
476 588 23
763 800 19
675 749 24
884 952 6
901 1013 7
746 806 22
810 878 19
713 819 16
983 1103 9
1140 1259 27
475 554 3
889 958 11
1019 1102 0
555 613 5
619 694 1
742 855 20
497 624 6
1104 1202 9
935 1059 1
636 673 25
1035 1138 19
544 651 21
555 626 12
592 668 23
835 931 14
796 868 20
958 1019 11
891 962 6
640 703 24
1142 1185 3
760 885 18
1072 1179 1
725 779 22
795 922 21
674 768 25
589 701 7
1188 1258 3
956 1067 6
1113 1223 2
883 975 19
551 652 4
607 699 18
653 754 21
650 690 26
964 1006 6
741 815 2
998 1107 10
538 615 1
472 528 14
698 797 15
731 790 3
593 652 23
490 605 19
647 777 9
596 630 12
867 957 27
862 953 6
636 713 1
1051 1116 10
869 985 21
983 1017 19
803 939 6
788 854 0
445 529 6
773 878 15
680 758 1
478 571 0
759 854 12
545 612 16
1077 1157 22
630 708 11
796 863 9
558 653 17
1086 1189 13
1090 1206 7
660 742 12
668 718 12
746 822 12
779 885 9
895 984 18
709 780 11
735 859 18
960 1004 4
925 1016 18
1123 1189 10
901 967 23
555 657 15
1140 1264 22
553 635 8
874 945 23
659 768 14
970 1012 24
640 748 8
489 547 11
986 1077 27
695 776 1
1118 1215 10
957 1035 21
795 886 20
698 763 10
872 954 3
870 990 15
635 706 8
624 696 6
390 496 10
796 865 7
473 570 6
778 834 1
702 824 14
713 795 19
968 1079 23
1007 1088 6
627 729 12
1179 1263 9
791 851 2
1043 1112 22
1039 1151 21
643 720 4
993 1092 15
923 986 21
737 806 12
713 775 24
690 745 17
498 574 13
1191 1258 10
555 588 25
554 669 3
535 609 14
988 1098 21
657 736 15
790 926 3
563 642 10
439 490 6
1100 1178 21
726 798 19
965 1028 25
835 893 1
672 746 3
441 578 15
795 861 26
1013 1138 7
638 778 19
1090 1203 7
496 607 10
570 668 6
481 517 3
827 945 12
1157 1228 16
1206 1260 7
665 774 10
788 866 15
390 461 15
658 712 17
960 1079 6
706 777 8
1015 1152 24
606 690 5
1056 1172 20
781 857 22
696 786 6
557 659 25
966 1031 23
779 859 19
893 1034 1
769 902 25
869 929 25
769 882 1
828 958 8
656 732 26
954 1014 12
904 1031 25
391 496 18
401 511 5
890 983 20
930 1032 3
632 701 7
1176 1263 20
661 757 14
530 618 3
1154 1220 24
994 1036 21
1004 1046 4
566 672 24
638 706 16
1021 1080 17
862 916 21
761 858 21
580 632 11
529 615 16
428 478 11
1159 1264 22
817 943 23
890 1025 9
608 722 10
478 546 11
543 662 0
945 1076 23
958 1025 27
611 689 6
1066 1136 26
1093 1153 16
562 698 3
620 669 3
615 653 1
691 813 12
819 878 12
889 988 13
880 979 15
669 735 6
1158 1238 21
657 714 23
820 859 16
463 556 3
802 903 17
933 1016 25
1104 1184 0
600 679 10
613 752 5
692 795 5
481 526 24
821 905 12
923 983 24
719 776 23
707 804 16
495 573 14
620 692 16
620 686 8
645 735 13
1140 1198 19
745 876 12
701 759 7
735 848 4
768 823 24
512 631 18
1047 1167 13
803 886 3
1228 1262 16
878 957 12
1183 1264 1
703 792 24
932 1030 14
633 719 12
395 486 13
849 924 4
682 754 4
664 736 0
747 854 17
1034 1108 18
579 636 15
863 926 26
1049 1144 4
1147 1264 19
423 497 14
576 637 10
685 754 11
1064 1105 17
796 858 24
1036 1112 0
749 808 8
1113 1193 22
1011 1141 22
578 641 4
993 1025 13
551 660 4
786 859 6
1048 1113 21
722 758 17
676 738 8
928 1033 4
546 641 11
1206 1264 9
632 725 18
1171 1261 13
1216 1264 10
1195 1259 13
1090 1205 6
1114 1190 11
798 859 19
783 887 12
610 676 14
539 639 6
572 706 0
1192 1262 0
742 813 26
633 735 5
622 730 14
767 853 10
694 772 16
759 859 17
946 1034 12
916 1034 21
857 910 20
1041 1138 20
653 732 1
1080 1193 27
555 618 20
799 870 8
960 1053 8
674 740 24
739 810 13
1095 1197 15
619 696 20
823 908 16
707 775 0
1112 1210 18
865 966 9
821 858 2
1224 1264 2
1086 1177 6
1080 1198 23
808 864 7
747 857 24
903 974 17
746 859 3
1212 1253 18
445 509 27
574 657 13
1028 1117 8
513 567 5
776 855 1
807 857 22
623 749 16
757 817 14
1061 1178 20
390 443 4
752 843 26
714 802 1
747 885 12
1071 1186 6
769 831 14
707 777 7
675 725 3
1199 1248 27
865 945 7
1113 1182 0
590 681 25
888 986 3
773 823 6
784 832 26
945 1028 6
1118 1193 8
1179 1264 21
451 553 4
1019 1097 25
937 1034 25
877 980 27
822 898 8
702 774 3
750 853 16
897 965 27
735 764 6
908 990 8
653 750 4
682 733 25
562 672 3
678 726 3
733 822 25
663 750 0
1198 1264 19
486 570 27
990 1126 20
467 557 15
910 987 20
947 1046 7
723 854 10
781 810 24
817 917 26
833 919 24
937 1044 21
732 824 1
597 687 18
980 1027 15
776 832 10
865 941 1
955 1044 3
547 605 11
1100 1193 25
827 902 24
713 810 20
1045 1100 3
738 815 0
1198 1263 6
558 680 15
756 853 4
398 490 8
571 664 27
815 911 20
885 1009 7
735 821 5
831 895 14
1022 1093 7
905 1026 12
537 652 27
1077 1149 23
679 776 10
752 804 5
921 1031 1
919 1024 20
575 672 23
1103 1171 3
1172 1211 3
669 707 23
1097 1159 7
816 923 13
896 984 14
568 660 14
737 789 15
984 1063 24
641 685 11
761 830 4
964 1061 5
609 684 4
981 1030 27
497 617 18
859 929 24
803 859 16
1199 1264 23
817 907 14
888 1022 18
644 775 4
931 1034 24
643 728 10
699 793 17
954 1019 7
1139 1262 20
1181 1264 20
741 790 8
914 967 16
1210 1256 7
693 795 26
911 976 14
789 890 15
813 951 26
793 882 17
1155 1214 16
989 1063 3
689 758 18
797 853 15
875 960 20
741 856 12
700 783 15
777 860 8
1146 1193 7
1021 1128 11
1149 1258 26
570 643 5
689 815 8
491 601 8
886 977 12
799 856 5
725 818 18
883 950 1
690 751 6
856 921 15
780 840 7
1145 1264 4
904 1033 24
685 734 11
857 956 5
1194 1257 7
727 834 3
986 1079 21
1004 1061 26
608 697 13
497 610 13
951 1041 26
921 1028 26
652 748 5
1200 1263 25
774 856 16
867 966 15
559 669 14
1158 1263 23
651 715 6
823 909 6
890 955 15
741 848 3
1105 1165 17
691 748 8
1144 1259 22
1080 1165 21
672 780 14
491 556 6
768 846 5
787 821 8
1173 1258 7
805 878 1
961 1032 12
585 673 15
818 915 13
686 789 15
1061 1158 26
765 859 6
776 859 0
734 859 10
1070 1149 24
607 697 8
1044 1130 6
1146 1251 18
874 974 8
779 856 4
956 1063 5
987 1034 14
825 950 14
1063 1132 5
925 1034 13
707 811 4
1129 1175 11
1155 1264 24
1064 1126 3
1206 1264 6
833 899 26
557 645 6
751 817 0
691 766 23
492 633 5
1220 1264 24
775 847 3
979 1051 8
956 1034 15
688 755 14
804 914 5
617 735 18
658 736 13
645 753 6
1047 1154 7
755 798 11
1079 1216 8
770 881 6
795 858 15
677 748 27
1126 1168 20
689 785 14
970 1031 9
734 817 11
606 729 11
986 1032 18
926 1027 6
803 915 1
762 854 27
887 937 5
925 1013 15
736 813 13
817 907 8
735 780 17
790 859 14
970 1032 16
973 1024 27
990 1033 20
1097 1162 1
669 774 25
966 1030 15
994 1033 8
1121 1220 26
785 840 17
1221 1262 8
802 895 26
1128 1222 3
840 904 17
699 811 13
1196 1263 8
826 858 13
740 857 8
754 815 6
786 830 13
710 770 26
1193 1263 11
964 1033 1
797 850 23
957 1034 1
1178 1264 6
957 1023 26
1130 1259 7
759 827 6
1164 1264 1
1169 1213 20
1182 1264 0
812 937 15
1165 1265 17
939 1011 5
824 859 18
909 1033 17
735 792 18
1216 1263 16
526 653 24
800 853 19
882 959 17
654 761 24
830 897 13
819 858 0
802 886 8
761 874 7
1135 1261 6
1064 1100 21
636 773 15
976 1103 20
1211 1264 3
822 933 25
844 917 4
909 1030 13
923 1034 4
661 739 4
1175 1264 11
771 851 26
813 859 13
877 952 12
912 1030 8
1132 1172 5
734 856 11
776 859 15
1109 1202 21
720 749 23
909 997 12
775 856 18
731 831 14
945 1030 15
777 875 10
824 859 1
821 847 4
875 975 10
777 852 25
791 909 14
1057 1151 8
728 801 11
953 1033 12
1215 1257 20
1086 1171 17
916 979 1
920 1018 26
866 937 25
778 871 23
1201 1262 15
1158 1264 26
976 1033 14
649 729 13
665 773 27
897 1001 8
876 941 7
745 847 13
941 1031 7
961 1034 17
935 1032 25
977 1034 17
1126 1262 20
781 852 11
821 859 5
678 813 5
779 848 5
940 1023 1
596 685 14
931 1021 14
1165 1264 21
762 859 24
794 857 18
950 1060 26
1138 1211 26
815 857 6
773 859 27
981 1032 1
687 797 14
1226 1264 3
1017 1154 5
1203 1259 21
1121 1256 21
1175 1257 17
802 854 19
1214 1255 8
975 1034 10
931 1015 24
803 896 11
841 920 8
916 1034 11
1172 1265 5
1194 1264 22
877 1016 23
928 1026 8
739 859 4
788 859 15
914 1035 5
1156 1263 7
1160 1249 5
1106 1217 5
802 858 14
909 1035 6
817 860 11
937 1019 25
959 1019 13
757 845 23
951 1032 14
Shifts = 4
0 0 0 0 0 0
390 0 0 470 0 0
555 0 0 480 0 0
795 0 0 470 0 0
Employees = 10
651: 2 5 6 8 9 12 15 16 19 25 27 29 30 31 33 34 37 39 42 43 46 48 49 50 51 52 56 57 58 60 61 63 64 65 68 69 71 76 79 81 87 89 93 97 99 104 106 108 111 112 113 118 121 123 125 127 129 130 131 132 134 137 138 139 141 144 146 148 149 151 154 156 161 162 163 164 165 169 171 172 173 174 175 182 183 185 186 187 190 192 193 194 196 199 200 201 203 204 205 206 207 208 211 213 215 216 221 222 223 225 228 229 230 231 232 234 235 238 239 240 243 244 245 246 248 251 253 254 255 256 258 259 261 263 264 265 266 267 269 272 273 275 276 278 279 280 281 282 285 286 287 290 292 293 294 295 296 298 299 300 301 302 303 306 307 309 310 312 314 317 319 320 321 323 324 325 326 327 328 329 330 331 332 333 334 335 337 339 340 341 342 343 345 346 347 348 349 350 351 355 356 359 360 364 365 366 367 368 372 374 375 376 378 382 383 384 385 387 389 392 393 394 398 399 400 401 402 403 404 408 410 411 413 414 416 418 420 421 423 424 425 428 429 430 433 434 437 442 444 446 447 449 450 451 452 453 456 457 459 460 461 462 463 464 467 468 469 471 472 474 476 477 480 481 484 487 489 491 493 494 495 497 499 500 502 504 505 506 507 509 510 511 512 513 514 515 517 520 521 522 523 525 526 527 528 529 535 536 537 540 542 545 548 550 552 553 554 555 556 557 559 560 561 562 564 566 567 568 569 570 572 573 575 578 579 580 582 584 587 590 592 593 594 596 597 600 602 605 606 608 609 612 613 615 617 618 619 621 622 623 626 627 632 637 638 641 642 643 644 645 646 648 649 651 652 655 656 657 658 660 661 663 664 669 670 675 676 677 678 682 684 686 687 688 691 692 694 695 696 697 699 704 705 706 707 708 709 710 711 712 714 717 719 721 722 723 724 726 727 728 734 735 736 737 738 739 740 742 743 744 745 747 748 750 751 753 754 756 758 759 761 762 764 767 768 769 770 772 773 775 777 780 782 783 784 785 786 788 789 791 792 794 795 799 802 803 804 805 806 808 809 811 812 816 819 820 822 823 825 826 828 831 834 835 837 838 840 842 843 844 845 846 847 849 850 853 855 856 857 858 859 860 861 863 865 867 868 869 870 874 875 878 880 882 883 884 885 888 889 890 893 895 897 899 900 902 903 904 905 906 908 909 913 914 916 917 919 921 922 924 926 929 930 932 933 938 940 941 942 943 944 945 948 949 952 953 954 958 961 962 965 968 969 971 972 973 974 977 979 981 982 983 984 985 986 989 991 992 995 996 997 998 999 1002 1003 1004 1005 1006 1007 1009 1010 1011 1012 1014 1016 1018 1019 1021 1022 1023 1024 1025 1026 1027 1028 1029 1031 1032 1033 1038 1039 1041 1043 1045 1046 1048 1049 1050 1052 1053 1054 1057 1060 1061 1062 1063 1064 1066 1068 1069 1070 1072 1074 1075 1079 1080 1082 1083 1085 1086 1087 1090 1091 1092 1093 1095 1099 1100 1101 1103 1105 
638: 1 2 3 6 10 13 14 15 16 17 18 20 21 23 24 25 26 29 30 31 33 38 39 40 44 46 48 49 51 58 59 62 63 65 68 70 71 72 77 78 79 81 82 85 86 88 89 90 91 92 94 96 97 102 103 105 106 107 110 111 112 113 114 115 118 121 123 124 125 126 130 131 132 133 134 135 136 137 140 141 142 144 145 146 147 148 149 150 151 155 157 159 161 163 164 165 167 168 171 173 174 176 180 181 183 184 186 188 189 190 191 192 193 195 196 197 199 201 202 204 205 207 208 209 213 214 216 217 224 228 229 231 232 233 234 235 236 237 242 243 249 250 251 253 255 258 260 261 262 264 265 267 268 271 275 279 280 281 283 289 290 291 292 294 295 297 302 303 305 307 309 312 313 314 320 321 323 327 329 335 336 337 339 340 342 347 348 350 351 352 353 354 355 356 364 367 368 369 370 371 372 373 374 375 376 377 379 381 382 384 386 389 393 394 395 399 401 402 404 405 406 409 410 411 414 415 417 418 419 421 422 423 427 430 432 433 434 435 436 438 441 443 445 449 450 451 453 454 455 456 460 462 463 464 465 466 468 469 470 471 473 475 476 477 480 482 484 486 487 488 489 490 491 494 495 497 498 499 500 502 503 504 505 509 511 512 513 515 517 518 520 521 522 524 525 526 527 529 531 532 533 535 538 542 543 545 546 547 549 551 553 554 558 560 561 563 569 570 571 572 574 577 583 584 585 586 587 590 591 594 595 596 597 598 599 600 602 603 604 605 606 607 610 612 613 614 615 616 617 618 619 620 623 624 626 627 628 629 631 632 633 635 638 641 643 644 645 647 648 649 650 651 652 653 654 655 657 661 662 664 665 666 667 670 671 673 674 678 683 684 685 688 689 691 692 694 695 696 697 698 699 702 703 705 706 707 712 713 714 716 718 719 720 723 724 727 732 735 737 738 739 740 741 742 744 748 749 750 751 755 757 758 759 760 761 762 765 766 767 768 769 770 772 773 774 778 779 782 784 785 788 789 791 793 795 797 799 800 801 804 805 806 808 809 810 814 815 816 817 818 821 822 823 824 825 826 827 829 830 831 832 833 835 837 840 843 847 849 850 851 855 856 858 862 864 868 869 870 872 874 875 877 878 881 884 886 887 888 889 890 892 893 894 895 897 899 900 901 902 903 905 907 908 910 914 916 919 922 924 925 927 929 931 932 933 934 935 936 938 939 942 943 945 946 947 948 949 951 952 955 956 957 958 960 961 962 963 965 966 967 968 969 970 972 973 974 975 976 977 980 981 982 984 986 987 988 991 995 996 997 999 1000 1002 1004 1006 1007 1009 1012 1013 1014 1016 1017 1021 1022 1023 1027 1028 1029 1031 1032 1033 1034 1035 1036 1037 1040 1041 1044 1045 1046 1050 1052 1056 1061 1064 1065 1066 1067 1069 1071 1075 1077 1078 1081 1082 1083 1084 1085 1086 1087 1089 1093 1096 1097 1098 1102 1105 1107 
651: 1 2 3 5 7 8 9 10 13 14 17 18 19 21 25 26 34 37 39 42 44 45 48 51 52 53 54 55 56 57 58 59 62 66 67 69 72 73 74 76 78 79 81 82 83 85 86 87 88 89 92 93 96 97 98 102 103 104 105 106 107 108 109 110 111 113 114 115 116 117 119 123 124 125 128 129 130 132 134 136 137 138 139 140 141 142 143 144 145 146 148 149 150 151 152 153 155 156 157 158 159 160 161 162 163 165 167 168 171 172 173 174 178 181 183 185 186 188 189 190 191 193 196 197 198 201 202 203 206 207 209 210 211 214 215 217 218 220 221 222 226 228 231 234 237 238 239 240 241 244 245 246 247 252 253 256 257 258 259 261 263 267 268 270 271 273 275 278 279 280 282 286 287 289 292 293 294 298 301 303 305 306 309 310 312 313 315 318 320 322 323 324 326 332 333 334 336 338 339 341 343 347 350 354 356 357 358 359 360 361 364 365 371 372 373 374 375 378 379 380 381 382 386 387 388 389 390 392 397 398 400 402 403 404 406 407 408 409 411 418 419 422 423 424 428 430 432 433 435 437 438 440 441 442 443 444 447 448 449 450 452 456 458 459 461 462 464 466 468 469 470 471 472 474 477 478 479 480 486 489 490 491 492 494 496 497 498 499 500 502 505 509 510 511 513 516 520 521 522 524 525 526 527 528 529 531 532 534 535 536 539 541 543 548 551 552 555 556 557 561 562 565 567 569 570 571 572 573 575 576 577 578 580 581 583 585 586 587 596 597 598 600 601 604 605 608 609 615 616 617 618 621 622 624 625 626 629 630 631 632 634 635 636 637 639 640 642 645 647 650 651 652 653 654 656 657 658 659 660 661 662 664 665 666 668 669 672 673 675 676 677 681 682 683 685 687 690 691 692 693 694 695 696 699 701 702 704 705 708 710 711 712 716 718 720 721 723 724 726 727 728 729 730 732 734 737 739 740 741 742 743 744 745 746 747 748 750 751 752 754 755 757 764 765 767 768 770 771 772 773 774 775 776 777 779 780 782 783 785 788 789 792 793 794 796 797 798 800 801 802 804 806 807 809 810 811 812 813 814 815 816 817 818 819 820 821 822 823 824 826 829 830 831 833 834 835 836 838 840 841 843 844 845 846 847 850 853 859 860 863 867 868 869 873 874 877 878 880 881 883 884 886 888 890 891 893 894 895 896 898 899 900 901 903 904 906 907 908 909 910 911 913 916 917 925 926 930 931 934 938 940 942 945 948 949 950 951 952 953 954 958 959 960 961 964 966 968 969 970 971 973 974 976 979 981 983 984 986 987 988 989 990 992 993 997 998 999 1000 1002 1003 1004 1005 1006 1007 1009 1010 1011 1012 1013 1015 1018 1020 1021 1022 1023 1025 1026 1028 1029 1031 1032 1033 1034 1035 1038 1040 1042 1044 1045 1046 1047 1048 1049 1051 1052 1053 1059 1062 1063 1064 1066 1068 1070 1073 1074 1075 1076 1077 1080 1085 1086 1087 1088 1090 1091 1093 1094 1095 1097 1102 1106 
658: 0 2 3 6 7 8 12 13 14 16 17 18 19 20 21 22 24 27 28 29 31 34 35 36 38 41 43 47 52 54 56 57 59 61 62 63 65 66 67 68 70 71 72 73 76 77 78 79 81 82 83 84 85 87 88 89 90 91 92 93 96 98 99 100 101 103 104 105 107 108 110 111 113 116 117 118 119 120 122 123 124 126 129 130 132 133 134 135 136 137 138 139 140 142 143 144 146 148 149 151 154 155 156 157 158 159 162 166 168 170 172 173 174 175 177 179 183 184 185 186 188 189 190 191 192 193 194 195 197 198 200 203 204 205 207 209 210 211 213 215 217 218 219 221 224 227 229 234 237 238 241 242 243 245 246 248 249 251 252 254 255 256 257 260 261 262 265 267 269 270 271 274 275 277 278 279 280 282 283 284 285 287 288 289 290 291 292 293 295 297 299 301 302 305 307 308 312 313 316 319 321 322 327 328 332 334 336 337 338 339 342 343 344 345 346 350 352 353 354 356 357 359 361 366 368 369 372 375 377 379 380 383 384 386 387 391 392 393 395 396 397 398 399 400 401 402 403 408 409 412 413 415 417 418 419 420 421 422 423 425 426 427 428 429 431 433 436 439 440 443 444 446 449 452 453 454 457 459 461 462 468 469 474 475 476 477 478 479 480 481 483 484 485 486 488 489 491 493 494 496 497 500 503 505 506 507 508 509 510 513 514 515 521 522 523 524 528 531 533 534 537 538 539 541 542 543 547 550 552 555 556 557 558 561 563 564 565 568 569 570 572 573 574 575 578 579 581 585 589 590 593 595 596 597 598 600 602 603 604 605 606 607 609 611 612 614 617 622 623 624 625 626 627 629 630 631 634 636 637 639 642 643 646 649 650 651 652 653 654 655 657 658 659 663 665 666 667 669 670 671 672 673 674 675 676 678 679 681 682 683 686 688 689 690 693 695 697 701 703 704 708 709 714 715 716 719 720 721 722 723 725 727 733 735 739 741 742 744 746 747 750 752 754 755 756 758 760 761 762 763 764 767 768 771 773 774 775 776 777 778 781 782 783 785 790 791 792 794 796 797 801 803 804 807 809 810 811 812 813 814 820 821 822 823 824 826 828 830 831 832 835 836 837 840 841 843 845 846 849 852 853 855 856 857 860 861 863 864 867 869 870 871 873 874 876 877 878 879 880 881 882 884 885 887 889 890 891 893 895 896 897 898 900 901 902 904 906 907 909 910 911 913 919 920 923 925 926 927 929 930 931 932 934 937 938 942 943 945 948 949 950 951 955 956 957 959 960 961 963 964 965 967 970 971 974 975 978 979 980 981 983 985 986 988 990 991 993 995 996 997 1000 1002 1003 1004 1005 1006 1007 1008 1009 1012 1014 1019 1020 1022 1023 1024 1025 1026 1028 1030 1031 1034 1037 1038 1040 1041 1042 1043 1044 1045 1046 1049 1050 1051 1052 1055 1058 1060 1061 1062 1063 1065 1066 1070 1071 1072 1074 1078 1079 1080 1081 1082 1084 1088 1089 1090 1091 1093 1094 1095 1098 1099 1100 1102 1103 1104 1105 1106 
636: 0 3 7 9 10 13 16 17 19 21 23 25 26 28 30 31 32 33 34 35 37 38 40 41 42 43 44 45 47 50 51 53 54 57 59 60 61 68 70 72 73 74 75 78 80 82 86 87 89 90 91 94 95 101 104 108 109 110 111 112 113 114 115 116 117 118 119 120 121 122 125 128 131 133 134 137 138 140 142 143 146 147 148 150 151 152 154 155 157 159 160 161 162 166 168 169 172 174 175 176 177 182 183 185 187 188 190 191 193 194 195 196 198 200 201 204 206 207 209 210 211 212 213 214 215 218 219 220 222 224 225 227 228 229 230 231 235 236 237 238 240 243 244 246 247 248 249 250 251 253 255 257 262 263 265 266 268 269 271 272 273 274 275 277 278 279 280 281 283 284 285 287 288 289 290 294 295 297 299 300 303 304 305 308 309 310 312 313 314 315 316 317 318 319 321 322 324 326 329 330 333 334 337 340 341 344 345 347 348 349 351 354 355 356 357 362 364 365 367 368 369 373 375 376 378 381 382 383 385 386 387 389 390 393 394 395 396 397 398 399 401 402 403 406 407 408 409 411 412 414 415 417 420 422 423 424 427 429 430 432 433 434 435 437 438 439 442 443 445 453 454 455 456 458 460 461 465 467 468 469 470 472 473 477 481 484 485 488 490 491 492 493 494 495 496 497 502 503 504 505 507 508 511 513 514 516 518 519 520 525 526 527 528 533 534 535 541 543 544 545 546 548 549 551 552 553 554 555 556 557 558 560 562 563 565 566 568 571 572 573 579 581 582 584 587 589 593 594 596 598 600 601 602 603 604 606 607 608 610 611 612 613 615 616 617 618 619 620 623 624 627 628 630 631 633 638 639 640 642 643 644 645 646 648 649 650 651 652 653 660 661 662 663 664 668 669 674 676 678 681 684 688 689 690 691 694 695 698 699 701 703 705 707 708 709 710 711 712 713 714 716 717 720 721 722 723 724 727 729 730 734 738 739 740 741 743 744 745 747 748 749 754 757 759 760 761 762 763 765 766 768 772 773 775 776 778 779 781 784 789 790 792 793 794 798 802 808 809 810 814 815 816 817 818 819 821 825 828 833 839 840 842 846 848 850 852 853 854 855 856 857 858 859 860 861 862 863 866 867 869 870 871 873 874 876 877 878 879 880 881 883 885 886 888 890 891 894 897 899 900 901 902 903 904 910 918 919 920 922 924 925 926 929 932 934 935 938 939 940 942 947 948 950 951 952 954 956 958 960 963 966 967 971 973 974 975 976 977 978 979 980 981 983 984 985 986 987 988 990 992 993 997 998 1000 1001 1002 1003 1007 1008 1009 1010 1011 1013 1014 1016 1017 1018 1019 1020 1021 1022 1023 1025 1026 1028 1030 1031 1032 1035 1037 1038 1039 1040 1044 1048 1053 1054 1055 1057 1060 1061 1062 1063 1064 1065 1066 1069 1070 1073 1074 1078 1079 1080 1082 1083 1084 1085 1086 1087 1089 1091 1094 1096 1099 1105 1106 
657: 0 2 5 6 7 12 14 16 17 18 19 21 25 27 29 30 33 35 36 37 38 39 40 44 46 48 50 51 53 55 56 57 58 59 60 61 62 63 65 66 67 69 71 72 73 76 77 80 82 85 86 87 89 91 92 93 94 95 96 97 98 99 100 103 104 108 109 110 111 112 114 115 116 117 118 119 120 121 123 124 127 129 130 131 132 133 135 136 137 138 139 140 142 144 147 148 152 155 156 160 161 162 163 164 165 166 167 168 170 171 176 177 178 180 185 186 187 189 191 192 194 195 197 198 199 201 202 203 204 205 208 209 210 211 212 213 214 216 217 220 223 226 227 228 229 230 232 235 236 243 244 247 248 250 253 254 255 259 260 261 263 265 266 268 269 270 271 273 274 276 279 280 281 282 285 287 289 290 294 295 296 298 300 301 305 307 309 311 315 316 318 321 322 323 324 325 327 330 331 332 333 334 335 336 337 338 339 343 346 348 349 351 353 354 356 360 361 362 363 365 366 368 371 372 374 376 377 378 380 381 383 384 386 388 389 390 391 393 394 395 396 397 398 399 401 402 404 405 406 407 411 414 417 419 420 422 424 425 426 429 431 433 434 436 437 439 442 444 448 450 451 454 455 456 458 459 460 461 464 465 466 468 476 478 479 481 484 485 487 488 490 493 499 500 501 502 503 504 505 506 507 508 510 511 516 517 519 522 523 524 525 527 531 532 533 536 537 538 539 540 544 546 551 554 555 556 557 558 561 562 563 564 566 567 568 569 570 572 573 574 576 579 580 581 582 583 585 586 587 588 590 592 593 594 596 597 598 600 602 603 604 606 607 608 609 613 614 617 618 620 621 622 623 624 626 627 629 631 632 633 635 636 637 639 641 642 645 646 650 654 655 656 657 659 660 661 663 667 669 670 672 673 674 675 676 677 680 681 682 683 685 686 688 690 691 693 694 697 698 701 702 703 704 710 711 712 713 714 715 717 718 719 721 723 725 726 727 729 730 732 734 738 740 741 743 744 747 748 750 751 753 754 755 756 758 760 763 767 768 769 770 772 773 774 777 778 779 781 783 784 785 786 787 788 791 792 793 794 796 798 799 802 803 807 812 814 815 818 820 821 822 823 824 826 827 830 831 832 835 837 838 839 840 842 843 844 847 850 851 853 854 855 857 861 864 865 866 868 875 876 878 879 880 881 882 883 884 885 886 887 888 889 891 893 894 895 896 898 903 906 907 908 910 911 913 914 915 916 918 919 924 930 931 932 934 935 936 937 938 941 942 945 946 949 950 951 954 957 959 960 965 969 970 971 972 974 976 977 979 981 983 986 987 988 989 992 994 995 997 998 999 1001 1002 1003 1004 1008 1009 1010 1011 1012 1014 1015 1016 1019 1023 1024 1025 1027 1028 1029 1033 1034 1036 1038 1039 1040 1045 1047 1048 1049 1050 1051 1052 1053 1055 1056 1057 1060 1061 1062 1064 1067 1068 1071 1072 1073 1074 1076 1078 1079 1080 1081 1082 1083 1084 1086 1088 1089 1090 1091 1096 1097 1098 1099 1100 1101 1104 
700: 0 1 2 3 5 6 8 9 10 11 13 15 19 20 21 22 23 25 27 29 30 33 35 38 41 42 44 45 47 50 52 53 55 56 58 59 60 62 63 64 65 67 68 70 71 72 73 74 75 76 77 78 79 80 81 84 86 88 90 91 92 93 96 99 101 104 105 106 107 108 112 114 115 116 117 118 120 121 122 124 126 128 129 130 131 132 134 135 136 139 140 141 142 143 145 146 148 149 150 151 152 153 155 156 159 160 163 165 167 168 169 171 177 179 180 181 182 183 184 186 188 189 190 191 192 194 195 197 198 199 203 204 206 207 208 210 214 215 216 218 220 222 226 228 229 231 232 233 234 235 236 237 238 239 240 241 242 243 244 246 248 250 252 259 261 262 263 264 265 267 268 269 270 272 275 278 281 282 283 284 286 288 289 291 293 294 296 297 298 302 304 305 306 307 308 310 311 312 313 315 316 317 318 320 321 324 325 326 328 332 334 336 337 338 339 343 344 345 346 351 353 354 355 359 360 361 362 363 364 367 368 369 370 371 372 373 375 376 377 378 380 383 385 386 389 392 393 395 396 397 398 399 401 402 404 405 406 407 409 412 413 415 416 417 418 419 420 421 423 426 427 428 429 430 433 435 436 437 438 439 440 442 443 445 447 448 452 453 454 455 458 462 463 464 465 466 467 468 472 474 475 476 477 478 479 480 481 483 486 488 490 491 492 494 495 497 498 500 501 502 503 505 507 508 515 518 519 522 524 525 530 531 533 534 535 536 537 538 541 543 545 546 547 548 549 550 553 554 556 560 562 564 566 567 568 570 576 578 580 581 582 583 589 591 595 596 598 599 601 604 606 607 608 609 611 612 613 614 615 616 617 618 619 622 623 624 625 629 630 631 635 636 638 639 640 641 643 645 647 648 650 651 652 653 655 656 658 659 660 662 663 664 666 667 668 669 670 671 672 673 674 676 679 681 683 684 685 686 688 689 691 693 694 696 697 698 700 702 704 706 707 708 709 710 712 713 714 717 719 721 723 725 731 733 735 736 738 739 740 742 743 744 745 746 747 749 751 752 753 754 755 758 759 760 763 765 766 771 772 773 775 776 779 780 781 782 783 785 787 788 789 792 793 794 795 796 797 798 799 802 803 805 806 809 811 813 814 815 817 818 819 820 821 823 824 825 827 828 829 831 832 833 834 835 840 841 847 849 851 852 854 855 856 857 858 859 863 866 867 870 872 875 876 877 878 879 880 884 886 887 888 889 890 891 892 894 895 896 897 898 899 900 901 902 903 904 905 908 909 911 912 913 914 915 916 917 919 920 922 924 927 929 930 931 932 933 934 935 936 937 939 940 941 942 943 944 946 948 949 951 953 955 956 957 959 960 962 963 965 967 968 969 970 971 972 976 977 979 982 983 985 986 987 988 989 990 992 995 997 998 999 1000 1001 1002 1004 1005 1006 1007 1008 1011 1012 1013 1015 1016 1019 1020 1021 1023 1024 1025 1028 1029 1030 1033 1034 1035 1036 1037 1038 1040 1043 1045 1046 1048 1050 1051 1055 1057 1058 1059 1060 1061 1063 1064 1065 1066 1067 1069 1070 1073 1077 1079 1080 1081 1082 1084 1086 1089 1091 1092 1093 1094 1097 1098 1099 1100 1102 1103 1104 1106 
708: 3 4 5 6 10 11 14 15 16 17 18 19 21 22 23 24 25 26 29 31 32 33 34 35 39 40 41 43 46 50 52 55 56 57 59 60 63 64 65 66 67 68 70 74 75 76 77 78 79 82 85 86 90 91 92 95 96 99 101 102 103 106 107 108 109 110 113 114 115 116 117 118 123 124 125 126 128 129 130 131 133 134 135 136 137 143 145 146 148 149 152 153 154 155 156 162 163 165 166 167 168 170 171 172 173 174 177 178 179 180 183 184 185 186 187 188 189 190 191 193 195 196 197 198 199 200 202 203 204 205 207 209 210 211 212 215 216 217 221 223 224 225 227 228 230 232 233 234 235 236 237 238 239 242 244 245 246 247 248 249 250 251 252 253 254 255 256 257 260 261 262 263 264 265 266 268 272 273 275 276 277 278 280 281 282 283 284 285 287 288 290 291 294 296 297 298 299 300 302 303 304 305 306 307 308 309 310 311 312 313 314 315 318 319 320 321 322 323 325 326 327 328 329 331 332 334 335 336 337 339 340 341 343 344 345 346 348 349 350 351 352 353 354 355 356 358 359 360 362 363 364 365 366 367 369 371 372 374 376 378 379 380 381 383 384 385 388 390 391 392 394 395 396 397 398 399 402 403 404 405 408 409 410 412 413 414 417 418 420 424 426 427 428 429 430 435 436 438 439 440 441 446 447 448 451 452 454 455 457 460 461 463 464 465 466 467 468 469 471 472 474 476 477 481 482 484 485 486 487 488 489 493 495 497 499 501 502 503 504 505 506 507 509 511 513 514 515 516 518 520 521 522 523 524 525 526 527 529 530 531 533 534 535 537 538 540 544 545 546 548 549 551 552 553 554 555 556 557 558 560 563 564 567 569 573 574 575 577 579 581 583 584 585 588 590 591 593 597 598 600 601 602 603 605 606 609 611 614 615 616 618 619 620 622 623 624 625 626 628 629 630 632 634 635 636 640 641 642 644 647 648 649 651 652 653 657 658 660 661 662 664 665 667 668 669 671 672 673 674 675 676 677 678 679 681 684 685 686 688 689 690 692 693 694 696 698 699 702 703 708 709 710 711 712 715 716 717 718 719 720 721 722 723 724 725 729 732 734 735 737 738 739 743 744 745 748 750 753 755 756 757 758 763 765 768 769 770 771 774 776 777 778 779 784 786 787 788 789 790 791 792 795 796 798 800 801 803 804 805 807 808 809 813 816 817 818 820 821 822 823 827 829 831 832 833 834 837 838 839 840 841 843 844 845 848 851 852 853 854 858 859 860 862 864 865 868 869 870 874 875 876 878 880 884 885 886 887 888 890 891 893 894 895 897 898 900 901 902 905 909 910 911 912 913 920 923 924 926 928 929 930 931 933 934 936 937 939 941 942 943 945 946 947 948 949 950 951 953 954 956 959 960 962 963 964 966 968 972 975 977 980 983 984 985 986 987 989 990 991 993 994 995 996 1001 1002 1004 1006 1007 1008 1011 1013 1015 1016 1017 1018 1021 1022 1024 1026 1028 1030 1031 1032 1033 1036 1037 1043 1044 1045 1046 1047 1048 1049 1052 1056 1061 1062 1063 1064 1065 1066 1067 1070 1071 1073 1074 1075 1077 1078 1079 1081 1082 1083 1084 1085 1087 1088 1090 1091 1092 1093 1096 1097 1100 1101 1102 1103 1104 
671: 0 1 3 5 6 9 11 12 15 19 20 21 24 26 27 28 29 35 36 38 39 41 43 44 45 46 47 49 50 51 52 54 56 57 58 59 62 66 67 69 72 73 75 77 78 80 81 82 85 86 90 91 92 94 95 96 97 98 100 101 103 104 105 109 110 111 113 114 116 117 119 123 124 126 127 128 129 130 133 137 138 139 140 141 144 145 149 150 151 152 154 156 158 160 161 164 166 167 169 170 171 176 179 180 181 182 183 186 187 189 190 191 192 195 199 207 211 213 214 215 216 217 218 219 220 221 222 224 226 228 230 231 232 234 236 237 238 239 240 242 243 244 245 246 249 251 252 253 255 258 259 260 261 262 263 264 265 267 270 272 276 277 279 281 283 284 288 289 293 295 296 297 298 299 300 301 302 303 306 308 309 310 312 313 314 317 319 322 323 324 326 327 329 330 333 334 335 336 338 339 340 341 344 347 348 352 354 355 358 360 364 365 366 368 369 370 371 372 373 375 376 377 378 379 384 386 387 388 389 390 391 392 394 395 396 397 398 399 400 402 406 407 409 410 411 412 414 415 417 418 423 424 426 428 430 432 437 440 441 444 447 448 450 452 453 457 459 460 461 465 466 467 471 472 473 475 476 478 480 481 482 484 485 486 488 489 490 492 493 494 495 497 498 499 503 504 505 507 508 509 510 512 515 517 518 520 522 525 527 528 529 530 531 532 533 536 538 539 542 543 548 553 554 555 556 558 559 560 561 563 566 567 570 571 572 573 575 576 577 579 580 583 584 586 587 589 590 591 592 593 594 595 596 597 598 600 601 606 609 610 612 613 615 616 617 621 622 625 627 628 629 630 632 634 635 638 639 640 643 644 645 648 649 651 653 654 655 656 657 658 661 663 664 667 668 669 671 672 673 674 675 676 677 678 682 684 685 690 691 692 693 694 695 696 697 699 700 701 703 705 708 709 711 712 713 715 720 722 723 724 725 726 727 728 730 731 732 736 738 739 740 742 743 744 746 747 748 750 751 752 754 755 756 757 758 759 760 761 762 763 765 766 768 770 771 772 773 774 775 777 778 779 780 781 784 785 786 787 788 789 791 792 793 794 795 796 797 799 801 802 803 804 805 806 807 808 810 812 815 816 817 819 820 822 823 825 826 831 832 833 834 835 836 837 838 839 843 846 848 849 850 851 852 853 854 855 857 859 860 862 863 866 867 868 872 876 881 882 884 885 886 887 888 890 891 892 894 895 896 898 899 900 901 902 903 905 907 910 912 916 918 919 921 922 923 926 928 932 933 934 936 938 940 941 943 944 945 948 950 952 953 955 956 959 961 963 964 966 969 970 972 973 974 976 977 980 981 983 984 985 986 990 992 993 994 996 998 999 1000 1001 1003 1004 1005 1006 1010 1011 1014 1015 1017 1021 1023 1025 1026 1029 1030 1031 1033 1034 1035 1039 1040 1041 1042 1044 1045 1046 1047 1048 1049 1050 1051 1053 1054 1055 1056 1058 1059 1061 1062 1064 1065 1066 1070 1071 1074 1076 1077 1079 1085 1087 1089 1093 1094 1096 1100 1101 1102 1103 1104 1105 1107 
678: 1 2 3 4 5 6 8 9 13 14 15 16 17 19 20 21 22 23 24 25 28 32 33 35 37 38 40 42 43 45 48 49 50 53 54 56 58 60 61 65 66 67 68 69 70 71 72 75 76 77 78 79 80 82 85 87 88 91 92 93 94 95 98 99 101 102 103 104 105 106 109 111 112 113 114 115 116 117 118 119 121 122 123 125 126 129 131 132 134 135 139 140 141 142 143 146 148 149 151 152 153 156 157 158 159 161 162 163 164 165 167 169 170 171 172 173 175 176 177 178 180 181 182 183 184 187 188 189 190 192 194 195 196 197 198 199 202 203 205 207 208 209 210 212 213 215 216 217 218 219 221 226 227 229 231 233 234 239 241 242 243 244 245 246 247 248 250 252 253 254 257 259 260 263 265 266 267 268 269 270 271 273 275 276 278 280 281 284 285 287 288 289 291 292 293 294 297 299 300 301 304 306 308 309 312 315 316 317 318 319 320 321 322 324 325 326 328 329 331 332 333 335 336 337 339 340 341 343 345 347 348 349 350 351 352 353 354 355 357 358 359 360 361 362 363 365 367 368 370 371 373 374 378 380 381 382 384 386 387 389 391 393 395 396 398 399 405 406 407 410 411 413 414 415 417 421 422 423 424 427 428 431 432 433 435 436 438 441 442 443 446 448 449 451 452 453 454 455 457 458 460 461 462 463 464 466 468 469 470 471 472 474 475 477 478 480 481 485 486 487 488 489 490 492 493 497 498 499 503 505 506 507 510 511 512 513 516 517 518 527 528 529 530 531 535 536 537 540 541 543 544 547 554 556 557 558 560 561 562 563 564 567 569 571 572 573 574 575 577 578 581 582 583 584 585 586 588 589 591 592 593 594 595 599 601 602 603 604 605 606 607 609 610 611 612 615 616 617 619 622 625 627 628 629 633 634 636 637 638 640 641 642 644 645 646 647 649 650 651 652 655 657 658 664 666 668 669 671 673 676 677 679 680 681 683 690 691 692 693 694 698 701 702 703 705 707 709 713 714 715 717 719 721 722 723 726 727 729 730 732 733 734 735 736 738 739 740 742 743 744 749 750 751 752 753 756 757 760 761 764 765 767 768 770 774 776 777 779 781 782 784 785 786 787 789 790 792 795 797 800 801 803 806 807 808 810 811 812 813 814 815 819 820 822 824 825 826 828 829 830 832 834 839 840 842 844 846 847 848 850 851 853 854 857 859 860 862 863 866 868 872 873 876 877 880 883 884 887 888 889 891 892 894 895 897 898 900 901 902 906 907 908 910 913 914 915 917 919 922 923 925 927 930 932 934 935 937 938 940 942 943 945 946 947 950 951 952 954 955 958 959 962 964 965 966 968 969 970 973 974 975 977 980 981 982 985 986 988 989 990 992 995 996 997 998 999 1000 1004 1005 1007 1008 1010 1012 1014 1017 1018 1019 1022 1023 1025 1028 1029 1031 1034 1036 1038 1044 1045 1046 1048 1049 1052 1053 1054 1055 1057 1058 1060 1061 1063 1064 1065 1066 1067 1068 1070 1072 1073 1074 1076 1078 1079 1080 1081 1082 1083 1087 1088 1089 1090 1091 1092 1097 1101 1103 1104 1105 1107 
Days = 28
Shift constraints
8 24
8 20
4 24
0 28
4 24
4 5
true
true
Forbidden sequences = 2
3 1 
2 3 

