# Randomly generated data for the integrated task scheduling and personnel rostering problem, skilling=0,300 and tightness=0,600 seed=40320
Tasks = 1480
774 841 5
648 724 15
648 729 20
450 521 7
862 925 5
650 704 6
684 743 20
852 961 14
826 924 22
392 500 27
832 881 26
368 489 15
833 944 15
829 886 16
360 409 19
477 590 27
692 778 21
846 916 22
432 505 1
832 963 10
361 457 18
657 735 19
467 573 7
882 912 10
653 755 23
370 432 8
838 921 10
361 422 9
366 418 0
661 711 4
835 887 0
833 873 23
645 769 27
645 734 23
647 716 20
882 961 20
649 711 8
831 875 23
1008 1098 4
360 467 22
360 420 14
360 443 22
649 711 13
645 727 13
376 483 25
664 733 10
444 485 22
647 718 4
455 503 2
653 708 7
360 457 21
360 457 2
361 508 17
762 855 19
836 883 24
851 934 26
656 731 2
364 399 25
669 729 13
360 487 25
396 431 6
850 952 25
833 913 17
360 394 3
668 736 18
487 603 25
361 465 16
664 727 22
807 865 21
461 574 7
833 889 7
808 879 22
397 472 0
1081 1166 12
384 437 16
649 706 11
825 893 12
666 756 6
833 954 13
397 500 21
835 933 20
839 930 17
371 469 5
981 1081 10
652 718 26
362 419 14
388 428 24
827 908 18
929 996 22
409 524 3
648 739 7
656 745 17
885 937 6
482 524 8
827 941 17
1009 1134 20
510 578 3
922 982 5
612 749 7
825 913 9
992 1073 14
709 815 12
417 547 5
472 561 22
1102 1170 27
507 576 27
963 1031 21
727 853 13
839 935 1
719 772 4
372 490 7
866 973 14
369 419 27
486 559 22
825 931 27
647 686 2
690 760 16
563 659 22
841 914 8
360 431 18
648 711 23
926 1014 8
899 960 8
890 944 1
1179 1232 8
828 886 1
653 718 5
1043 1154 21
654 725 4
1168 1297 27
835 919 21
937 1035 27
764 870 4
645 737 24
978 1066 26
831 946 10
361 473 3
668 741 1
694 814 10
832 903 7
712 798 7
825 884 12
665 754 27
893 962 15
681 724 3
905 969 6
844 936 20
555 665 19
829 916 23
882 1017 9
647 756 26
654 745 18
760 856 17
364 450 14
890 965 12
981 1069 22
475 577 18
850 987 4
463 565 11
847 955 23
880 959 23
396 485 3
394 437 14
646 724 17
957 1070 24
361 459 10
956 1051 10
696 748 2
375 407 3
1220 1319 12
361 433 14
439 562 14
760 804 17
682 774 26
498 588 7
894 989 24
365 446 24
692 771 27
708 792 9
361 461 19
364 477 23
825 885 2
874 951 20
431 515 18
954 1038 21
707 839 11
380 460 8
428 508 14
381 500 9
1033 1081 9
450 536 8
429 514 0
425 487 11
680 802 1
645 742 18
362 460 0
799 918 13
361 459 21
827 921 17
654 692 2
682 788 6
531 580 2
956 1048 1
830 871 16
447 509 5
879 952 26
383 474 14
854 981 17
562 660 22
707 782 2
398 461 21
663 745 4
715 786 8
603 682 25
729 805 13
691 731 2
725 801 17
510 567 22
826 902 6
419 499 27
874 954 10
506 587 1
482 544 21
422 561 9
645 692 27
996 1106 22
931 1015 5
483 516 3
381 467 6
509 559 11
828 912 0
701 813 15
857 951 25
378 442 10
986 1081 23
693 785 11
589 678 18
767 865 5
845 932 21
501 606 23
858 959 2
388 473 24
463 591 16
1146 1242 24
514 607 27
778 855 26
848 979 1
653 752 11
666 745 15
862 909 15
655 760 16
966 1111 12
646 718 7
793 884 2
360 472 21
938 1021 11
559 656 21
896 986 12
360 502 24
957 1042 13
380 456 1
840 955 11
863 924 1
528 613 3
418 492 25
841 874 24
826 886 20
745 881 18
832 873 21
370 445 17
1232 1297 10
482 542 24
737 833 10
881 992 7
828 917 2
873 939 9
981 1075 14
682 803 25
828 885 16
922 955 15
748 829 18
596 687 2
418 538 24
990 1080 17
681 779 18
453 505 14
498 545 8
791 872 20
995 1076 1
957 1039 25
755 796 1
416 499 12
920 977 21
834 907 10
564 636 14
886 966 20
460 580 10
366 441 21
778 824 16
773 832 5
513 580 0
892 1007 0
1107 1143 10
945 984 10
709 778 24
561 677 9
817 907 7
1173 1239 10
486 587 3
652 773 26
361 461 22
874 945 16
867 950 26
739 866 7
743 842 24
760 847 6
834 896 18
1116 1218 12
932 1047 2
1012 1147 26
460 535 21
789 861 8
393 449 2
993 1129 27
402 471 11
750 842 2
791 915 18
903 986 21
918 995 1
660 717 27
505 588 8
967 1058 20
646 744 24
828 919 5
422 490 14
540 615 8
636 779 23
378 485 25
612 666 27
448 580 3
361 442 13
920 1010 18
730 833 20
828 924 13
654 723 11
869 973 7
761 853 23
671 784 3
652 775 11
829 908 8
467 531 19
850 940 12
902 1001 6
514 636 21
637 689 14
996 1112 10
933 1025 21
981 1104 21
645 725 24
510 575 17
955 1088 13
749 791 7
510 561 14
726 810 15
1038 1105 6
998 1137 24
668 718 21
360 440 6
759 877 11
872 923 23
662 705 22
448 551 24
722 793 7
367 475 19
462 526 16
400 542 6
803 883 17
433 527 0
599 668 25
511 595 16
1043 1116 25
582 622 10
360 453 23
667 722 26
939 1002 5
756 807 4
558 649 25
455 499 10
460 540 0
758 815 21
368 457 19
960 1083 11
665 734 26
1139 1212 14
922 996 24
474 519 14
726 815 1
883 998 17
649 730 19
922 991 0
440 546 4
881 1018 11
411 450 25
516 579 18
771 845 27
728 812 3
1222 1310 12
782 868 27
1036 1111 9
684 787 20
539 589 3
440 508 25
652 747 25
1049 1162 2
658 729 7
884 959 4
726 839 4
1111 1163 21
737 838 19
377 447 25
716 768 13
904 1013 16
382 494 12
559 635 0
1021 1069 11
950 1062 15
385 486 17
1042 1099 26
855 930 13
773 844 4
716 798 20
843 895 18
1047 1106 10
968 1066 26
867 1003 2
911 981 7
737 776 0
854 961 1
375 486 14
850 934 4
949 1030 1
579 660 18
927 1037 3
1084 1180 23
1114 1219 21
533 657 8
1043 1125 13
896 1021 18
377 430 9
841 911 0
697 781 0
699 807 5
490 595 6
417 527 25
544 636 24
825 896 9
706 756 3
708 804 22
835 895 13
647 699 25
1165 1254 2
955 1035 26
666 757 4
834 914 9
834 933 26
1132 1186 10
780 837 11
652 761 13
461 520 19
561 661 16
934 1012 4
672 781 2
680 759 15
840 908 6
733 779 27
666 711 16
933 976 2
1000 1064 5
884 956 27
909 985 5
507 564 15
834 954 18
1045 1124 8
502 593 24
896 997 9
660 768 12
598 662 3
376 410 26
716 816 23
813 871 7
738 879 24
1118 1200 9
667 775 16
1095 1173 17
866 936 11
512 611 19
449 556 6
930 1003 8
883 1000 7
994 1126 7
737 798 2
561 620 2
991 1035 5
838 947 15
640 764 6
1000 1110 20
835 914 21
826 945 2
475 562 5
600 679 3
534 628 0
878 995 15
557 648 6
684 776 14
876 918 4
677 798 20
701 749 25
999 1064 13
1109 1228 14
799 913 20
826 923 20
434 537 6
779 855 6
803 860 25
527 609 15
763 858 15
728 817 13
1025 1152 18
364 465 0
963 1010 25
844 920 26
953 995 0
546 652 19
651 703 19
752 862 25
829 942 1
934 1002 6
1023 1095 8
839 921 19
471 563 0
404 493 25
629 718 4
652 716 11
750 820 22
742 849 6
399 504 15
874 941 26
677 788 16
786 825 2
790 842 0
663 757 8
1053 1129 10
910 1020 10
746 810 3
862 898 4
825 888 21
601 690 27
734 825 23
907 1017 7
952 1034 24
922 1016 18
1028 1097 12
974 1066 20
577 643 14
1101 1210 12
373 492 5
724 797 5
733 803 26
419 554 3
365 481 22
1001 1079 0
806 908 14
662 740 22
895 1012 27
787 847 23
432 504 9
648 748 16
786 872 11
755 817 8
1115 1184 0
805 885 20
413 530 13
880 961 17
853 969 15
623 677 10
651 748 6
1210 1334 12
637 740 5
989 1052 21
615 678 21
862 923 11
971 1017 15
757 853 6
495 610 17
781 872 13
753 812 16
365 440 11
930 1034 13
1164 1240 27
841 975 4
1035 1124 13
698 747 19
1030 1096 8
825 940 20
386 436 20
536 606 21
889 1027 20
1072 1125 26
1101 1173 1
598 664 20
560 664 12
834 947 20
678 766 9
729 797 4
457 554 17
1018 1086 15
733 859 16
534 642 0
925 1022 5
521 590 19
946 1009 25
987 1053 15
1023 1123 18
1251 1333 27
1149 1215 24
423 494 26
406 480 3
657 771 11
976 1048 4
961 1051 1
1071 1170 18
819 910 12
607 664 21
955 1012 23
517 632 14
835 930 3
962 1034 3
468 521 22
706 829 19
524 577 10
889 1004 21
406 527 12
429 547 24
660 755 12
1113 1212 22
653 705 27
360 431 3
472 583 21
813 920 15
1187 1232 10
540 640 13
974 1067 7
368 477 23
855 959 18
924 1015 21
1052 1126 1
666 784 21
995 1046 5
1066 1158 5
793 930 16
509 642 9
998 1040 17
725 820 0
1045 1126 16
914 944 14
656 762 21
537 600 25
1044 1115 7
560 636 24
491 608 14
781 815 18
916 1000 11
917 972 23
583 680 21
757 833 2
992 1079 26
1005 1071 6
570 620 15
768 862 13
1271 1324 24
526 624 2
535 601 12
831 902 23
1141 1194 16
554 654 24
376 453 0
664 702 24
909 938 8
813 921 12
805 875 26
699 782 15
981 1012 1
1083 1178 15
1002 1106 6
1019 1085 5
1147 1226 7
447 517 21
438 528 3
765 858 6
515 613 5
725 827 24
937 1018 4
922 998 6
720 796 21
553 635 8
849 941 0
417 474 3
909 990 8
1030 1116 20
862 963 13
1197 1275 1
542 582 14
657 750 2
1012 1109 21
1058 1138 1
999 1078 24
645 775 9
1256 1329 2
832 927 13
1243 1332 14
661 735 5
371 447 8
746 816 24
444 514 13
844 945 2
834 912 19
1048 1130 2
775 894 11
951 990 9
859 954 17
961 1039 4
765 848 19
1231 1324 14
976 1077 23
893 1011 26
954 1048 16
1064 1130 4
767 837 19
1000 1082 26
769 859 9
766 845 15
846 969 13
1051 1114 3
785 859 21
627 738 10
941 1052 1
741 806 7
800 917 14
1219 1302 26
775 916 9
567 686 5
923 1041 19
946 1044 2
592 663 19
487 617 4
579 703 17
1011 1075 27
1129 1259 1
1007 1087 11
637 765 0
960 1038 6
1201 1254 16
493 609 11
819 890 27
605 692 7
667 765 19
477 516 6
622 673 15
1190 1255 1
447 543 11
1158 1236 24
368 492 16
928 1024 13
844 929 1
645 761 0
596 684 11
1056 1184 5
968 1003 11
1135 1225 2
390 494 12
833 877 7
1120 1195 8
611 675 7
520 580 14
624 694 17
1188 1291 14
1160 1227 18
1012 1115 0
1045 1121 19
896 992 26
1184 1250 23
1043 1108 12
1187 1279 0
965 1042 13
1156 1216 11
783 821 12
883 942 19
744 859 22
490 539 22
923 992 15
530 639 6
1060 1145 21
575 651 7
680 735 21
877 928 6
1095 1177 13
547 607 3
371 487 22
503 649 1
729 795 3
837 956 13
756 823 27
1060 1124 6
817 898 24
917 991 11
1111 1238 21
1047 1115 11
506 566 25
897 997 27
504 610 11
517 633 13
585 649 14
1239 1316 7
677 757 7
510 573 14
560 600 6
1028 1147 6
833 912 5
660 738 18
1150 1257 21
663 727 3
891 964 2
847 886 27
510 574 6
467 592 8
1220 1291 10
1004 1093 9
1029 1125 16
638 708 24
906 1022 9
991 1123 8
775 880 16
582 638 14
965 1028 1
1021 1107 5
725 796 11
1216 1286 24
950 1028 26
913 999 11
782 826 0
909 1008 18
460 512 4
1207 1316 8
698 753 18
1014 1122 11
492 581 22
1116 1214 1
629 690 15
557 658 22
977 1072 27
491 563 25
1023 1087 0
576 645 17
729 769 1
1052 1081 4
520 605 21
817 880 23
1099 1203 4
1098 1191 1
997 1128 9
976 1043 2
613 683 3
782 857 0
994 1080 17
706 790 17
683 792 10
610 737 25
418 505 19
1026 1069 26
848 946 6
651 763 17
529 660 25
1204 1334 13
903 1040 16
818 857 5
835 921 27
1132 1228 26
949 1006 6
931 991 16
825 878 23
837 882 16
1096 1158 0
812 923 4
915 1018 20
815 908 4
1260 1314 21
880 977 24
1247 1314 24
947 1061 20
1128 1211 9
1148 1205 10
908 1039 15
1036 1129 23
663 741 25
636 740 24
1008 1125 0
1071 1108 26
983 1123 7
529 623 22
735 828 0
1049 1128 16
1214 1330 4
1132 1217 8
680 807 6
1009 1052 18
1154 1258 26
946 1016 7
778 830 24
983 1055 17
965 1031 24
1281 1326 0
730 857 3
963 999 8
1003 1052 8
1084 1217 23
1134 1202 23
700 830 16
611 678 11
1048 1137 9
893 934 3
780 855 10
1136 1268 16
1270 1328 2
1109 1173 19
868 955 11
744 842 25
643 722 14
887 957 23
888 947 13
659 779 22
1180 1241 8
849 938 10
847 951 12
1286 1328 24
1126 1254 6
1006 1109 15
1016 1084 20
480 613 23
944 1026 15
610 707 3
1251 1309 10
1127 1169 10
658 797 3
1035 1123 26
921 1019 19
916 987 13
934 1013 4
998 1079 17
758 826 15
922 975 22
1188 1253 5
1046 1095 2
599 673 8
1016 1106 5
1074 1180 4
708 833 3
1002 1111 7
1057 1114 4
762 837 19
899 1010 24
950 1078 10
596 635 24
1036 1088 19
996 1093 12
938 1014 17
892 994 18
1009 1116 15
360 431 22
643 778 22
548 630 24
732 790 11
833 968 16
890 965 23
1098 1185 2
910 968 11
361 408 23
627 734 6
928 1031 9
690 813 14
627 685 2
1117 1150 15
740 797 11
625 724 23
800 913 2
664 721 14
685 754 3
1219 1300 1
821 920 0
1178 1207 26
825 970 12
1224 1318 23
641 729 6
1130 1202 0
918 1021 19
960 989 12
734 840 5
735 816 21
507 551 16
1082 1166 20
469 515 0
940 988 23
836 939 1
1032 1103 13
1036 1119 27
899 984 16
929 1003 2
1028 1122 18
979 1088 13
963 1016 18
1125 1257 27
1050 1186 11
863 914 10
1273 1333 16
567 667 4
499 572 26
851 937 12
1203 1307 11
616 674 19
776 853 2
1061 1126 20
1039 1124 11
990 1077 13
978 1057 24
505 581 12
605 739 3
609 649 22
777 857 19
1211 1295 9
768 897 2
993 1110 16
800 854 16
673 786 15
1129 1260 16
946 1025 1
1034 1112 24
791 851 17
917 1000 2
869 936 8
736 797 6
1188 1254 4
1132 1192 12
1037 1081 11
929 967 4
581 678 19
1130 1160 13
990 1042 23
814 911 3
766 851 19
1011 1051 2
728 834 14
1179 1253 15
1251 1325 8
579 653 3
1154 1245 15
615 687 1
703 798 24
813 930 6
750 838 25
699 782 27
511 635 9
998 1077 20
596 726 26
1161 1209 13
1220 1330 8
1052 1133 1
1073 1169 4
1010 1104 23
759 854 24
610 650 14
1193 1247 17
1201 1263 5
869 964 0
976 1045 2
1139 1225 15
869 945 20
998 1054 17
869 1011 10
1224 1321 11
691 749 3
775 831 25
795 849 7
1203 1276 1
701 788 8
882 1005 23
1175 1304 2
1094 1199 9
1221 1308 10
929 990 16
1064 1135 9
999 1093 0
816 859 21
1006 1075 23
1183 1264 1
437 506 22
961 1042 13
1030 1123 1
455 544 23
655 736 14
1092 1165 12
924 1038 17
939 1086 0
1263 1323 1
1182 1241 17
675 711 19
1173 1317 2
447 500 23
1206 1326 23
681 798 8
1256 1327 15
1086 1124 11
996 1096 16
802 853 22
476 517 0
1056 1121 13
709 799 17
942 1029 23
663 742 14
678 794 27
1003 1082 23
652 732 14
1183 1253 20
1112 1217 15
646 697 12
916 999 8
667 738 22
1022 1093 11
453 515 8
1181 1210 4
1126 1227 20
1197 1262 15
579 663 19
1237 1332 22
1258 1333 6
590 654 0
871 968 4
647 709 24
611 732 21
793 856 10
1062 1171 20
805 889 5
670 727 0
739 857 23
1249 1326 18
962 1045 1
1033 1135 7
790 846 22
1207 1315 9
812 920 18
740 845 0
1025 1107 16
569 688 17
919 993 5
947 982 14
738 804 18
1001 1100 12
900 1038 5
970 1091 2
467 534 7
1183 1254 3
729 783 19
1041 1124 10
405 475 12
740 829 22
771 846 3
991 1063 18
753 836 14
737 784 14
1050 1096 5
1239 1331 15
1003 1064 24
1148 1221 9
1211 1293 18
1143 1260 8
1079 1180 13
922 988 12
820 910 26
518 572 0
1055 1111 3
1201 1249 6
810 914 11
754 816 5
1056 1120 2
611 728 25
596 681 0
799 922 3
814 894 12
1035 1100 11
946 1006 6
1058 1124 24
1076 1129 1
1014 1101 4
733 856 25
949 1025 20
573 715 12
736 860 22
1055 1134 18
635 679 9
1191 1323 13
1082 1157 26
1244 1334 9
998 1120 27
727 843 14
1000 1079 9
684 767 8
652 746 19
540 622 23
1091 1202 11
697 804 9
545 677 23
1036 1107 23
804 859 18
1257 1330 1
1135 1214 1
828 898 24
1209 1309 17
1082 1184 23
1212 1333 0
798 851 21
1103 1190 27
602 708 6
545 622 22
1112 1174 11
642 691 24
1283 1322 17
738 782 12
961 1065 5
1257 1333 23
935 1030 12
734 856 21
1041 1115 5
1049 1121 5
786 819 14
1064 1128 17
840 934 2
1011 1120 24
1026 1122 20
745 841 25
1217 1314 26
720 837 19
1009 1092 6
900 1028 24
895 954 16
775 823 6
725 813 24
1052 1161 18
1096 1175 6
1267 1331 17
990 1060 22
934 1023 3
680 778 23
776 891 18
778 813 8
868 961 15
1266 1320 5
714 749 7
1016 1114 6
763 844 7
1179 1283 18
917 1023 9
922 1007 15
1011 1118 5
804 850 24
1136 1226 20
1185 1269 23
1091 1206 12
1100 1195 0
709 838 2
1144 1196 12
756 839 7
1091 1209 27
1240 1334 21
658 744 4
1142 1229 16
1181 1251 20
1024 1124 9
1017 1111 6
1217 1295 6
999 1087 19
1150 1253 25
589 636 16
1217 1306 5
1013 1123 12
658 748 0
787 857 17
1142 1269 11
644 720 16
1041 1102 16
626 681 12
1022 1116 4
977 1113 2
806 856 9
1236 1317 9
910 1012 22
1031 1124 25
969 1102 23
927 1014 26
674 749 1
1058 1115 10
765 847 4
1075 1196 22
700 799 1
1157 1224 1
671 792 16
725 815 16
708 820 25
738 847 17
506 573 15
742 803 3
709 785 14
1163 1240 13
740 819 6
981 1088 12
991 1121 14
656 728 0
675 758 13
805 874 26
1254 1334 10
1270 1333 23
962 1110 19
1161 1235 0
799 892 8
989 1049 10
802 835 8
1134 1238 6
988 1113 20
1198 1307 25
623 675 8
1045 1118 13
693 786 24
917 1006 26
1135 1200 18
1271 1310 6
1206 1324 26
997 1114 8
682 765 0
1249 1325 26
751 857 9
1008 1114 15
980 1100 3
1028 1124 24
776 847 5
1235 1297 26
768 829 10
1183 1310 7
1062 1112 1
791 906 6
806 857 22
976 1060 8
1118 1211 12
1166 1304 17
742 859 11
646 757 3
1202 1264 22
1023 1118 25
568 670 3
796 849 26
1019 1094 26
1242 1320 16
1204 1302 4
1203 1327 21
758 843 4
1192 1262 11
1238 1304 3
704 763 12
1036 1115 17
1235 1305 9
1269 1321 5
573 658 11
1257 1319 15
531 631 27
585 664 12
786 858 24
772 851 12
662 761 8
1227 1334 20
1013 1117 26
898 1019 27
768 823 17
956 1097 1
1079 1123 3
1225 1329 9
752 827 12
636 751 13
695 751 11
756 859 3
799 850 14
1136 1165 2
918 1035 4
686 760 0
779 858 23
793 851 15
1034 1092 1
1020 1115 18
1169 1297 20
1215 1331 13
1217 1292 27
979 1054 4
935 1006 2
1026 1123 20
1274 1332 20
1192 1260 10
993 1117 15
1295 1334 9
1253 1334 2
434 474 10
719 752 5
773 847 13
1056 1107 6
1019 1123 27
1065 1105 18
785 857 3
1033 1097 7
793 849 23
988 1107 17
1041 1124 17
793 831 11
984 1120 3
895 991 12
701 770 8
1035 1118 4
1235 1303 20
906 994 16
680 786 7
1068 1122 7
943 1058 11
1162 1234 8
1235 1324 12
825 859 14
1249 1322 15
758 842 13
995 1122 16
1033 1122 19
1080 1119 12
782 858 8
1025 1115 12
817 857 14
756 787 22
1134 1227 17
744 859 27
802 851 27
1043 1123 26
1136 1248 19
1254 1325 0
1062 1115 11
371 417 4
1201 1330 18
715 848 6
1194 1297 20
1240 1310 11
1262 1312 17
795 840 0
1045 1120 6
786 834 27
1014 1124 2
1264 1322 16
1150 1223 21
1222 1277 6
1140 1221 23
1012 1099 16
1188 1262 2
740 783 12
1096 1195 4
1223 1318 23
789 823 14
1033 1137 2
806 859 1
451 509 4
1245 1325 4
738 838 3
1275 1325 25
Shifts = 4
0 0 0 0 0 0
360 0 0 500 0 0
645 0 0 480 0 0
825 0 0 510 0 0
Employees = 20
443: 3 11 17 18 30 32 35 37 39 40 41 42 44 52 54 58 61 74 77 80 82 93 95 97 105 106 107 114 118 121 124 126 129 136 139 142 149 151 153 156 163 164 168 170 171 178 180 181 190 199 210 211 214 216 217 221 223 227 229 230 231 235 237 240 241 251 254 258 266 267 268 275 281 287 293 304 305 309 311 312 323 328 329 333 335 336 338 342 347 350 354 355 359 361 366 372 373 375 379 385 393 395 399 403 404 405 409 413 414 416 417 420 421 425 426 428 435 436 439 441 442 443 445 452 456 464 466 474 475 476 479 485 486 490 499 503 510 513 515 516 522 526 527 530 533 534 545 547 550 557 563 564 566 567 568 570 575 577 579 583 584 589 591 593 595 601 604 607 614 615 617 618 621 622 625 626 628 637 638 641 642 647 648 649 655 659 662 668 673 676 680 682 686 689 700 707 712 714 724 725 742 743 747 755 756 763 766 771 773 774 775 780 781 784 786 792 796 801 803 807 810 811 813 814 815 818 820 821 825 828 830 833 834 840 841 857 859 860 869 874 878 892 894 898 899 902 903 904 906 907 910 912 913 916 918 919 920 922 928 931 932 934 935 943 949 950 952 956 975 978 982 985 986 989 991 994 999 1002 1003 1005 1006 1013 1020 1027 1034 1040 1041 1043 1044 1045 1048 1049 1050 1052 1054 1057 1059 1061 1062 1064 1066 1067 1070 1074 1075 1077 1079 1081 1083 1090 1092 1095 1100 1105 1107 1116 1121 1124 1134 1137 1140 1144 1145 1147 1149 1150 1151 1159 1165 1169 1171 1177 1178 1185 1187 1188 1193 1194 1197 1198 1200 1203 1208 1210 1212 1215 1216 1223 1231 1234 1236 1239 1242 1243 1247 1248 1252 1253 1254 1255 1258 1260 1264 1273 1276 1277 1278 1290 1291 1293 1295 1297 1301 1303 1304 1309 1310 1311 1319 1321 1323 1326 1327 1331 1332 1336 1337 1338 1339 1340 1341 1344 1346 1349 1353 1354 1355 1360 1365 1368 1372 1375 1376 1378 1379 1380 1387 1388 1390 1391 1392 1395 1399 1400 1401 1402 1403 1406 1412 1413 1414 1415 1418 1422 1423 1425 1426 1427 1428 1431 1435 1441 1444 1445 1446 1453 1454 1457 1462 1463 1464 1469 1479 
467: 0 4 6 11 13 17 19 28 35 37 40 41 42 44 45 46 47 60 61 66 71 77 78 79 81 82 86 88 90 91 96 98 106 107 109 111 112 113 114 116 117 120 127 129 131 135 137 139 147 148 159 164 165 167 168 169 173 178 179 180 184 187 188 192 193 194 206 216 217 219 221 222 224 225 229 232 236 238 240 244 249 257 259 264 266 268 273 278 280 281 282 285 289 290 293 296 301 312 315 316 322 323 325 330 338 340 344 345 349 350 351 353 355 356 358 362 376 377 379 380 381 387 391 394 396 398 399 403 405 410 412 413 415 417 420 421 423 425 426 428 429 431 432 433 437 443 446 447 448 454 456 458 461 462 469 475 486 487 488 493 496 497 502 508 511 520 521 522 533 540 544 547 548 551 552 557 565 566 569 570 572 573 575 576 582 584 585 586 591 593 597 598 600 605 607 619 620 622 625 629 630 631 634 636 641 645 647 650 652 656 657 665 681 682 686 689 695 696 699 710 713 715 717 722 726 732 733 735 738 740 744 745 749 750 752 753 759 769 770 775 778 780 787 791 794 796 797 800 801 802 804 807 810 815 819 825 829 834 835 837 843 844 851 854 855 856 860 866 869 870 875 876 878 881 883 887 888 892 895 896 897 903 904 905 908 909 912 914 921 924 926 929 932 934 937 940 941 944 946 947 948 949 955 960 964 965 967 968 972 976 978 982 990 991 993 994 998 1000 1003 1004 1009 1013 1014 1017 1019 1021 1023 1024 1027 1031 1034 1035 1042 1043 1054 1059 1062 1063 1064 1067 1069 1071 1072 1076 1078 1084 1089 1091 1099 1101 1103 1105 1107 1109 1111 1112 1127 1130 1138 1146 1147 1151 1153 1154 1165 1167 1173 1175 1186 1195 1199 1200 1201 1202 1204 1206 1207 1211 1212 1214 1215 1217 1219 1220 1221 1226 1227 1228 1229 1232 1234 1241 1242 1245 1246 1248 1253 1258 1271 1272 1274 1277 1280 1287 1288 1289 1290 1291 1300 1301 1304 1308 1315 1318 1325 1328 1329 1331 1332 1335 1336 1341 1344 1352 1353 1356 1359 1360 1364 1365 1368 1369 1370 1372 1373 1374 1376 1378 1380 1386 1390 1392 1395 1399 1400 1403 1411 1412 1415 1416 1417 1421 1430 1433 1435 1441 1446 1451 1453 1454 1456 1464 1466 1468 1470 1472 1476 
437: 4 9 11 19 20 27 29 37 45 46 49 50 51 63 64 67 68 76 77 81 82 83 86 87 92 94 99 102 106 107 109 113 117 119 120 122 123 127 136 138 139 141 145 150 151 152 161 169 176 184 189 192 194 197 198 202 204 206 208 210 211 217 220 221 224 226 229 232 233 234 236 238 251 252 256 261 265 269 272 282 291 293 294 305 307 308 311 312 317 319 320 323 325 326 337 340 343 344 347 351 354 357 358 359 364 365 372 374 377 378 384 385 386 387 393 394 395 400 402 403 404 406 407 409 410 415 417 419 420 421 424 425 430 437 438 447 450 455 467 468 472 473 475 480 484 486 487 489 490 501 507 509 510 511 513 515 520 521 527 529 530 531 532 533 536 537 538 539 541 543 545 552 555 556 560 567 569 571 577 588 589 591 594 598 603 606 607 609 613 616 617 619 621 623 628 631 632 635 640 641 642 644 646 647 648 649 655 659 665 668 675 677 686 688 694 696 700 704 706 708 712 715 716 718 719 720 721 723 729 730 735 736 737 738 746 749 751 756 757 762 766 767 770 771 774 779 782 785 786 790 795 797 800 811 812 815 817 820 824 830 834 842 843 844 854 860 863 864 865 866 869 871 873 877 879 886 890 897 898 906 909 910 914 921 926 927 928 930 934 935 936 937 940 941 947 953 958 962 964 966 973 974 980 983 985 987 989 993 997 1004 1007 1009 1010 1011 1016 1022 1027 1035 1036 1038 1039 1041 1044 1045 1047 1049 1053 1054 1056 1057 1069 1073 1081 1085 1086 1091 1096 1097 1099 1110 1111 1114 1120 1125 1126 1127 1128 1130 1139 1146 1153 1158 1164 1167 1170 1172 1174 1179 1180 1181 1192 1195 1199 1202 1203 1210 1218 1220 1221 1223 1226 1230 1237 1238 1242 1246 1247 1249 1252 1258 1261 1268 1271 1273 1274 1280 1282 1284 1289 1292 1295 1297 1299 1307 1309 1313 1315 1336 1341 1349 1351 1358 1363 1365 1367 1368 1369 1373 1376 1379 1380 1381 1384 1390 1392 1395 1396 1400 1409 1411 1416 1424 1430 1432 1436 1438 1446 1447 1452 1454 1461 1468 1469 1471 1472 1473 1479 
432: 11 15 16 22 23 29 34 46 49 53 57 58 66 70 73 76 85 86 89 93 100 102 109 112 115 116 127 128 130 134 135 141 144 153 157 160 161 166 167 173 174 177 179 183 187 191 192 195 199 202 209 214 215 220 222 223 226 228 229 232 233 234 237 242 245 248 249 252 254 255 259 262 264 266 272 277 279 280 282 286 288 290 292 296 300 306 307 309 312 320 323 324 325 330 331 332 334 335 342 346 347 354 356 357 361 363 364 366 370 373 375 379 383 385 386 387 388 389 398 400 409 411 413 415 418 419 421 423 425 426 428 439 442 447 449 450 451 453 454 456 458 461 463 465 467 473 475 479 480 481 483 490 494 497 498 499 502 503 506 507 509 512 514 515 526 532 541 542 544 546 547 555 560 561 565 567 570 581 584 590 592 593 598 599 600 601 605 606 608 612 615 621 623 624 629 633 634 635 638 639 645 647 648 650 654 655 657 658 659 664 667 668 686 691 695 696 703 712 714 716 720 723 724 729 735 738 744 748 750 752 753 759 764 768 770 774 775 778 780 784 793 797 799 800 806 809 811 817 823 826 833 838 839 845 848 854 860 863 864 865 868 870 872 876 884 885 889 892 896 900 902 906 907 909 915 917 922 923 927 929 930 940 941 949 953 954 961 970 975 979 984 985 986 987 988 994 996 997 999 1001 1004 1006 1021 1022 1028 1029 1030 1035 1038 1039 1040 1042 1044 1068 1069 1074 1077 1082 1083 1084 1086 1091 1092 1098 1099 1100 1103 1113 1114 1118 1121 1122 1124 1125 1126 1128 1131 1143 1148 1151 1152 1161 1165 1168 1169 1170 1171 1172 1173 1176 1178 1179 1180 1189 1193 1198 1206 1214 1215 1217 1220 1221 1222 1224 1229 1232 1237 1238 1242 1245 1247 1250 1258 1269 1270 1273 1276 1278 1287 1291 1293 1295 1296 1301 1302 1307 1308 1315 1319 1320 1322 1323 1324 1329 1332 1333 1334 1336 1343 1344 1347 1352 1354 1365 1367 1368 1381 1383 1394 1395 1403 1408 1409 1411 1412 1416 1423 1432 1435 1439 1441 1443 1456 1459 1463 1464 1467 1470 1472 1476 1477 1479 
445: 2 6 12 13 18 24 25 26 28 29 38 47 49 52 53 54 55 57 58 64 66 67 68 72 73 76 78 80 91 96 102 103 107 110 111 117 126 127 134 136 138 142 144 153 162 163 165 168 172 174 175 177 178 179 182 185 191 193 197 202 207 209 211 214 221 226 230 235 238 239 242 243 244 245 246 248 251 252 253 254 257 259 262 263 264 266 268 271 273 274 275 279 280 287 288 290 294 297 298 300 303 304 307 310 313 314 315 316 318 322 323 324 337 346 347 351 352 353 354 355 361 362 365 369 372 385 387 388 389 394 403 405 408 409 412 413 416 422 426 431 432 434 435 436 438 440 446 451 456 459 460 482 488 491 492 496 498 499 502 506 513 516 520 522 524 527 532 544 546 547 548 554 558 569 570 578 584 593 594 597 599 600 602 603 604 607 608 610 611 613 614 619 624 632 634 636 639 641 642 643 644 648 654 655 656 660 667 668 669 671 673 686 691 699 700 702 707 709 713 714 717 723 728 730 736 744 746 747 753 761 762 765 768 769 773 775 777 778 780 782 785 789 795 796 799 808 809 817 820 821 823 828 829 833 835 839 845 846 852 853 857 867 873 874 881 884 886 887 889 890 894 895 896 897 907 913 916 917 919 922 927 934 936 937 941 943 946 950 961 965 966 968 973 976 977 980 992 993 994 995 999 1002 1004 1005 1008 1010 1016 1021 1024 1028 1041 1042 1043 1045 1047 1050 1051 1052 1054 1058 1062 1069 1070 1072 1074 1076 1079 1084 1086 1089 1090 1095 1098 1103 1106 1112 1115 1119 1121 1122 1123 1128 1130 1134 1136 1137 1139 1143 1149 1150 1155 1157 1159 1160 1162 1166 1177 1191 1195 1200 1208 1212 1214 1218 1219 1221 1224 1225 1230 1232 1235 1243 1245 1260 1262 1264 1266 1271 1272 1277 1278 1282 1284 1288 1290 1292 1293 1294 1296 1297 1298 1302 1304 1305 1307 1309 1318 1323 1325 1330 1332 1337 1338 1342 1351 1352 1353 1358 1362 1369 1371 1372 1377 1380 1386 1387 1398 1399 1400 1402 1403 1404 1410 1411 1413 1417 1418 1425 1427 1431 1434 1437 1440 1443 1446 1448 1451 1452 1459 1462 1463 1467 1471 1475 1476 
424: 5 6 8 11 17 22 25 32 33 48 49 53 55 56 57 62 64 69 71 81 82 84 92 93 94 106 108 110 111 112 118 120 123 128 132 140 143 148 152 153 155 156 159 163 164 168 170 171 177 179 183 184 190 191 192 193 198 200 203 210 218 220 225 227 228 236 238 240 242 244 245 247 252 261 263 264 267 270 272 281 286 287 291 293 294 306 315 321 323 329 335 336 339 344 347 349 350 351 352 354 356 358 361 363 369 372 374 376 391 397 399 402 405 407 408 409 413 419 425 426 435 436 438 440 444 447 449 452 454 457 459 463 465 470 473 478 483 490 492 493 496 499 500 503 514 515 518 530 531 535 542 553 556 557 558 560 567 573 574 576 577 580 581 582 588 592 598 604 613 615 627 634 636 649 650 653 655 660 662 665 678 681 683 684 694 696 698 700 704 706 717 722 728 739 747 751 761 764 765 766 772 779 780 781 782 784 790 794 798 800 808 811 814 818 821 824 831 838 853 859 861 870 871 872 877 886 887 889 890 891 893 898 899 902 904 907 908 912 914 915 927 931 933 934 936 943 944 947 949 950 957 960 964 966 968 970 974 977 979 983 987 988 993 998 1001 1002 1005 1006 1007 1008 1009 1011 1012 1015 1018 1019 1020 1021 1024 1034 1035 1042 1043 1044 1049 1052 1053 1056 1057 1059 1062 1064 1067 1069 1070 1072 1073 1076 1080 1081 1085 1087 1090 1093 1097 1101 1102 1103 1105 1107 1109 1112 1114 1117 1118 1131 1135 1136 1138 1140 1153 1156 1157 1159 1167 1168 1169 1170 1173 1175 1181 1183 1198 1202 1207 1208 1223 1224 1225 1228 1237 1242 1250 1254 1259 1260 1263 1265 1267 1268 1273 1276 1277 1280 1283 1289 1290 1292 1294 1295 1296 1297 1304 1306 1311 1314 1315 1320 1323 1327 1329 1331 1332 1340 1349 1351 1356 1358 1359 1364 1370 1373 1379 1382 1383 1385 1388 1389 1390 1393 1395 1396 1397 1402 1404 1406 1414 1417 1422 1423 1424 1425 1428 1429 1434 1435 1436 1439 1444 1445 1446 1447 1448 1449 1451 1452 1460 1463 1464 1473 1474 1475 1478 1479 
460: 0 1 15 17 24 26 33 37 41 42 43 46 47 52 57 58 65 68 70 71 73 74 76 77 79 80 82 83 84 87 89 95 96 97 99 102 105 111 113 115 116 120 121 125 126 129 132 134 135 136 140 141 142 143 144 147 153 158 160 163 164 167 172 173 179 182 186 187 189 191 195 197 200 205 206 214 216 220 224 226 227 234 236 239 241 242 245 247 253 263 265 268 271 283 289 295 296 299 303 305 308 311 315 316 325 328 331 338 339 341 343 345 349 351 356 358 361 368 376 380 382 383 385 387 390 392 396 397 399 402 403 404 407 408 414 416 419 426 433 437 438 443 444 445 447 449 450 453 454 457 462 468 470 471 472 473 474 476 477 480 482 484 485 487 491 494 497 500 502 512 513 520 521 529 531 533 534 535 539 543 549 552 554 555 556 557 561 562 563 566 570 573 576 578 579 581 586 589 590 592 594 596 597 598 600 601 618 619 620 622 627 630 631 638 639 640 646 648 658 661 662 663 665 666 669 671 674 675 685 690 691 692 698 700 705 707 713 717 718 720 722 729 730 738 741 742 746 747 748 753 759 765 768 769 772 773 776 779 780 787 790 793 794 795 796 797 804 805 807 808 815 825 826 827 831 834 839 842 845 850 855 856 858 860 864 869 871 873 876 878 884 893 894 899 901 904 905 911 916 919 926 928 929 930 937 940 941 953 956 962 965 967 972 973 975 976 981 982 986 992 993 995 996 997 999 1003 1004 1006 1008 1011 1012 1013 1015 1017 1019 1022 1026 1031 1032 1034 1036 1039 1050 1057 1058 1061 1067 1071 1077 1082 1086 1088 1091 1092 1095 1096 1097 1102 1108 1120 1121 1131 1132 1139 1141 1145 1147 1153 1157 1168 1171 1172 1174 1179 1180 1182 1184 1194 1196 1197 1200 1203 1206 1214 1219 1227 1236 1237 1242 1243 1244 1252 1255 1258 1261 1262 1264 1269 1274 1276 1278 1280 1281 1284 1285 1286 1288 1289 1298 1306 1307 1309 1310 1311 1316 1319 1321 1328 1329 1333 1335 1343 1345 1351 1354 1355 1356 1357 1360 1366 1371 1373 1377 1382 1384 1389 1390 1393 1394 1413 1419 1420 1424 1433 1435 1436 1444 1445 1449 1451 1455 1457 1459 1460 1462 1463 1467 1470 1471 1477 
454: 7 8 9 16 20 23 25 26 30 32 33 35 42 43 44 45 46 47 53 55 58 61 67 73 78 82 83 86 87 88 94 97 98 100 101 104 107 109 114 115 118 123 126 128 134 135 136 137 146 147 150 154 155 156 157 159 161 162 170 173 175 178 196 199 200 201 209 214 219 223 224 227 230 231 234 238 239 240 241 242 243 250 257 258 267 269 277 278 279 286 291 302 306 309 310 311 318 325 328 331 337 346 348 350 352 358 359 364 367 369 373 375 377 382 383 387 395 396 398 411 414 420 422 426 429 434 435 439 444 447 448 450 452 453 454 457 460 466 470 471 473 476 477 478 482 484 485 486 490 494 495 496 497 498 505 508 509 512 518 526 529 530 531 541 543 548 561 567 569 572 573 579 580 585 591 592 593 596 598 602 613 614 622 629 631 638 642 648 655 657 662 667 668 671 673 674 675 678 684 685 687 692 696 698 701 702 704 709 711 716 722 723 724 727 730 731 733 738 739 743 746 747 750 754 760 762 763 768 773 777 778 780 781 787 791 793 797 799 800 803 806 807 816 817 831 836 837 842 848 850 852 853 855 856 857 858 864 867 868 869 872 879 880 883 893 894 901 904 905 909 914 915 916 917 922 926 931 932 940 941 942 944 953 954 957 958 959 964 972 977 979 980 984 985 987 988 990 992 993 997 1002 1007 1011 1015 1017 1018 1026 1030 1031 1032 1036 1037 1040 1043 1045 1047 1049 1052 1057 1058 1059 1061 1064 1068 1070 1078 1079 1081 1082 1083 1091 1101 1104 1107 1110 1111 1115 1116 1120 1129 1131 1133 1140 1141 1145 1146 1148 1152 1157 1161 1162 1164 1174 1175 1178 1179 1180 1187 1188 1192 1205 1210 1211 1215 1218 1220 1228 1230 1234 1235 1236 1238 1245 1247 1248 1253 1256 1258 1259 1263 1265 1271 1272 1274 1276 1281 1283 1287 1291 1293 1297 1298 1299 1303 1309 1310 1311 1314 1318 1319 1321 1326 1333 1334 1335 1337 1338 1340 1341 1342 1345 1349 1354 1356 1361 1362 1363 1366 1367 1368 1369 1371 1381 1391 1395 1399 1400 1408 1409 1410 1414 1416 1418 1422 1429 1430 1435 1438 1439 1440 1442 1447 1449 1450 1452 1454 1455 1463 1466 1472 1474 1475 1476 1479 
437: 3 11 16 21 25 28 33 42 44 48 49 50 51 58 60 65 68 70 71 73 75 79 83 95 96 98 100 101 103 105 106 110 112 116 123 128 129 133 134 144 154 155 159 161 162 176 178 180 185 186 190 193 196 197 206 209 211 216 226 227 235 236 243 248 253 255 258 260 261 262 263 264 268 269 276 282 286 287 291 294 297 299 302 306 310 317 318 320 321 322 326 329 330 342 343 345 347 348 350 353 354 355 356 358 360 361 365 368 370 371 372 373 375 378 387 391 393 398 400 405 417 419 421 423 426 438 446 447 450 453 460 462 474 476 479 481 483 484 488 491 493 496 498 501 502 504 511 513 514 515 523 524 527 532 535 536 542 544 547 549 550 551 563 565 566 568 571 573 576 577 578 582 585 588 590 593 595 605 607 609 613 621 623 624 628 631 633 635 637 649 650 651 652 654 658 662 667 668 674 675 676 679 681 684 687 688 689 690 691 697 698 699 700 702 706 709 719 720 721 725 730 732 742 747 750 754 756 762 764 765 767 768 772 777 782 785 789 790 795 796 798 800 805 807 813 816 819 825 831 833 834 839 840 843 846 855 857 858 861 868 871 874 878 880 882 884 886 892 895 902 903 908 909 910 913 916 917 918 919 925 927 933 937 938 939 949 950 951 953 958 961 971 972 978 987 989 990 992 993 999 1002 1008 1009 1011 1017 1018 1020 1021 1024 1028 1031 1033 1034 1038 1039 1048 1053 1056 1060 1069 1070 1075 1076 1086 1089 1090 1091 1092 1094 1095 1097 1106 1116 1119 1121 1122 1124 1128 1130 1134 1141 1142 1144 1147 1154 1158 1159 1160 1171 1175 1176 1180 1182 1191 1192 1194 1201 1203 1206 1209 1213 1220 1229 1230 1232 1234 1237 1240 1242 1243 1248 1255 1258 1261 1264 1270 1272 1275 1278 1279 1281 1283 1289 1292 1296 1299 1305 1309 1310 1316 1319 1321 1330 1331 1334 1336 1337 1338 1339 1341 1343 1345 1348 1349 1352 1355 1357 1361 1373 1374 1375 1376 1377 1378 1381 1382 1389 1394 1395 1401 1403 1406 1413 1414 1422 1423 1429 1435 1438 1442 1458 1461 1464 1466 1471 1472 1479 
452: 3 6 8 16 17 18 19 21 23 25 26 30 31 34 37 38 42 48 52 54 63 65 69 76 77 81 82 83 85 88 90 94 105 107 118 134 137 139 141 143 147 148 149 151 156 158 166 167 180 182 183 188 194 199 202 207 208 209 215 217 220 221 222 225 233 237 238 247 249 252 253 257 269 274 279 281 289 290 291 298 299 303 304 324 329 332 336 337 338 339 343 351 355 356 357 363 365 366 368 369 371 373 376 383 384 387 392 394 399 401 403 408 409 411 412 414 416 417 419 422 432 436 441 443 446 453 455 456 460 462 464 465 470 485 487 497 499 506 507 511 513 523 526 527 530 531 532 534 535 541 542 544 547 552 555 556 559 563 564 565 566 567 572 573 577 585 586 587 592 601 602 604 606 613 615 618 625 627 630 631 632 634 635 640 644 645 646 649 650 664 665 667 673 674 681 683 685 692 696 697 702 705 707 710 713 714 719 724 725 734 737 739 741 742 746 748 749 752 755 761 762 763 764 775 777 781 782 789 791 802 803 804 806 809 810 813 815 816 821 822 825 826 831 836 839 841 844 845 846 848 852 853 859 862 864 867 868 871 872 873 878 882 884 887 895 896 903 918 921 922 924 925 928 931 933 934 935 936 939 942 944 946 949 950 951 952 955 956 962 965 968 969 970 973 975 980 989 990 995 1004 1007 1008 1012 1017 1019 1020 1031 1033 1035 1037 1044 1046 1051 1052 1055 1056 1059 1062 1063 1064 1068 1076 1077 1079 1082 1083 1085 1086 1092 1094 1103 1104 1105 1107 1113 1114 1117 1120 1122 1131 1132 1141 1143 1144 1146 1147 1149 1150 1154 1159 1163 1165 1166 1168 1170 1171 1173 1179 1184 1186 1191 1192 1193 1194 1195 1199 1202 1203 1204 1206 1208 1209 1214 1222 1226 1229 1230 1234 1236 1249 1255 1256 1258 1260 1261 1264 1272 1274 1275 1281 1286 1291 1293 1295 1299 1303 1304 1305 1307 1308 1311 1312 1314 1320 1322 1326 1328 1329 1330 1331 1333 1334 1335 1342 1344 1345 1351 1354 1355 1356 1361 1369 1373 1378 1379 1385 1388 1401 1404 1405 1406 1407 1415 1416 1420 1428 1435 1438 1442 1443 1453 1454 1455 1457 1460 1464 1465 1470 1471 1473 1476 1478 
460: 9 12 13 19 21 29 30 31 32 38 39 42 47 48 51 57 60 62 64 70 71 83 87 89 91 94 97 98 99 100 111 117 120 122 124 127 130 132 133 135 144 146 150 154 156 162 166 169 170 172 174 175 180 184 190 191 197 198 201 202 204 206 210 211 214 218 219 224 235 238 243 245 248 249 250 253 262 267 268 270 273 275 281 282 283 287 291 293 294 297 301 304 305 308 310 311 314 319 324 325 332 333 337 339 348 350 366 370 372 374 375 378 390 393 398 404 406 410 412 414 415 416 418 419 431 434 435 437 440 443 446 448 449 455 457 458 461 463 467 470 473 477 482 484 490 493 506 509 510 512 513 517 522 523 527 531 535 536 537 538 539 544 547 549 551 553 558 559 565 567 571 573 575 582 583 587 590 591 594 599 613 616 619 622 624 627 628 631 637 638 645 646 647 654 658 663 664 667 672 675 677 684 693 695 696 697 698 699 703 709 711 714 715 716 719 720 721 722 728 731 733 740 741 742 746 747 750 753 754 757 758 760 763 766 767 770 771 777 791 794 797 801 807 814 817 819 823 826 827 829 832 834 840 841 847 848 851 852 858 861 862 865 866 869 870 872 877 878 881 887 893 896 898 899 900 901 905 907 910 913 914 919 922 925 940 946 950 957 960 966 967 970 973 974 977 978 984 990 991 994 995 996 998 1002 1004 1005 1006 1013 1015 1016 1018 1019 1021 1023 1027 1028 1029 1032 1037 1039 1045 1047 1048 1055 1057 1070 1071 1073 1076 1078 1080 1088 1092 1094 1096 1099 1102 1105 1112 1113 1125 1127 1128 1131 1136 1137 1138 1139 1142 1145 1146 1148 1149 1150 1152 1154 1158 1162 1163 1173 1175 1178 1182 1187 1188 1193 1196 1198 1204 1207 1210 1211 1213 1219 1223 1226 1227 1228 1231 1238 1249 1253 1255 1257 1260 1262 1263 1265 1266 1269 1272 1275 1281 1284 1285 1288 1293 1295 1303 1304 1307 1309 1310 1314 1316 1318 1322 1323 1327 1332 1337 1341 1348 1350 1352 1353 1354 1355 1358 1363 1364 1366 1367 1370 1371 1374 1378 1379 1380 1381 1386 1393 1401 1402 1404 1408 1410 1411 1412 1413 1416 1418 1424 1426 1428 1432 1442 1448 1449 1450 1454 1455 1457 1458 1460 1461 1465 1467 1472 1478 
447: 6 7 12 13 16 22 29 30 31 34 35 38 43 45 46 49 58 62 64 70 77 79 90 94 95 100 102 103 106 107 110 111 112 114 115 121 128 129 130 143 144 145 147 148 152 159 164 165 166 167 169 170 171 175 179 181 185 188 191 195 203 205 206 210 214 215 219 224 228 233 237 244 247 250 252 255 256 257 260 262 264 265 268 269 275 277 280 282 289 292 295 296 298 302 303 306 310 311 315 331 337 338 342 344 346 348 366 369 372 383 386 388 391 396 402 403 418 419 426 428 433 434 441 452 456 472 479 486 488 493 494 497 498 502 503 506 508 517 518 521 523 524 525 532 534 535 537 539 540 543 548 549 552 553 558 561 565 566 567 568 569 571 578 580 583 586 595 596 597 600 606 608 612 614 619 623 625 627 632 633 641 644 645 654 655 660 667 672 675 676 679 687 688 689 694 696 702 704 705 706 707 710 717 719 720 721 722 728 729 730 731 733 734 735 737 738 740 742 749 750 756 757 759 763 764 767 781 782 783 787 788 791 797 798 800 802 803 812 822 823 824 826 827 829 830 832 836 840 843 844 846 847 851 852 858 864 865 868 875 876 877 879 884 887 888 889 893 904 910 922 924 928 930 931 932 933 936 939 942 945 951 954 955 970 976 977 978 979 984 985 993 994 996 1000 1003 1010 1012 1013 1014 1017 1019 1020 1022 1024 1029 1031 1038 1042 1045 1049 1051 1055 1060 1063 1065 1070 1075 1078 1093 1094 1096 1102 1103 1104 1107 1109 1112 1115 1125 1127 1130 1131 1132 1136 1138 1139 1141 1143 1145 1151 1152 1155 1160 1164 1167 1172 1173 1177 1181 1183 1186 1189 1191 1192 1196 1202 1203 1205 1206 1208 1210 1212 1214 1215 1216 1225 1234 1238 1240 1242 1243 1250 1255 1258 1259 1266 1270 1272 1273 1275 1279 1286 1297 1301 1302 1306 1307 1313 1315 1318 1319 1320 1326 1332 1336 1337 1338 1340 1342 1346 1350 1353 1357 1364 1365 1366 1369 1371 1373 1375 1376 1377 1379 1380 1384 1386 1387 1388 1391 1402 1403 1404 1407 1409 1412 1415 1421 1424 1425 1428 1434 1436 1438 1442 1443 1445 1447 1449 1454 1459 1464 1467 1468 1470 1471 1475 1477 
401: 9 10 14 15 19 21 35 36 47 49 50 51 57 60 65 68 70 73 81 83 86 88 90 92 93 96 97 101 102 103 106 120 126 129 132 139 143 147 152 159 161 168 170 173 174 176 177 188 190 191 193 195 206 212 223 225 234 238 242 247 250 254 258 260 271 274 280 281 286 287 294 300 304 306 307 313 314 319 328 329 332 335 345 346 353 357 361 371 372 377 378 396 399 403 408 410 411 412 413 418 421 422 426 427 431 433 438 448 450 457 458 462 466 468 472 475 477 483 494 496 501 502 509 511 521 527 533 537 539 540 547 549 560 563 564 565 568 570 573 578 585 586 589 591 593 595 604 605 609 613 619 620 626 627 629 630 631 632 633 634 639 644 647 648 649 651 652 654 659 660 661 662 663 668 671 672 674 677 678 681 682 684 686 689 690 692 695 698 699 700 701 709 719 720 728 731 733 747 748 750 751 752 755 758 760 761 762 766 769 772 785 790 800 804 805 806 807 808 812 818 821 826 827 828 832 837 839 841 844 849 852 856 862 865 870 873 879 880 881 885 886 890 891 894 897 900 902 905 914 918 920 924 934 942 944 945 947 948 955 960 963 967 975 977 980 984 995 1000 1002 1005 1007 1010 1013 1014 1030 1031 1033 1034 1038 1040 1048 1051 1052 1053 1062 1065 1066 1067 1071 1073 1080 1085 1086 1087 1090 1094 1096 1097 1101 1102 1109 1110 1111 1112 1117 1121 1124 1128 1129 1132 1139 1142 1153 1159 1160 1174 1177 1179 1181 1183 1185 1187 1190 1192 1196 1198 1202 1207 1208 1213 1216 1226 1230 1231 1232 1233 1235 1236 1237 1246 1247 1250 1252 1255 1260 1261 1262 1265 1269 1270 1271 1274 1282 1283 1288 1289 1311 1313 1316 1318 1320 1321 1323 1324 1327 1328 1335 1339 1345 1346 1350 1357 1362 1364 1365 1366 1368 1369 1372 1383 1387 1390 1392 1393 1394 1395 1402 1406 1410 1433 1436 1439 1441 1442 1444 1449 1453 1459 1463 1466 1474 
454: 2 8 9 11 12 15 17 18 19 26 28 30 32 37 38 39 40 41 42 45 49 56 57 60 61 63 65 69 70 73 76 77 81 83 84 90 99 100 102 105 108 109 110 118 119 120 121 125 134 136 139 144 148 151 155 160 164 165 167 168 181 184 185 186 187 188 191 192 200 205 218 222 231 232 247 253 257 272 276 281 282 288 289 290 291 292 295 299 300 306 307 311 313 315 317 324 327 329 347 349 351 352 353 354 356 359 360 362 365 366 371 374 375 376 380 382 383 387 391 394 397 398 404 405 406 407 408 415 418 423 424 428 430 440 441 450 453 456 459 461 463 464 467 471 472 475 476 478 479 481 482 487 494 495 498 499 500 503 504 508 523 526 527 530 531 533 538 541 542 551 554 561 564 566 572 573 583 586 594 603 605 609 610 613 614 616 621 624 627 629 642 645 646 652 655 657 658 660 669 670 679 681 683 693 696 702 705 707 709 711 712 713 714 719 721 722 723 728 731 732 737 738 745 746 748 751 756 757 758 759 760 764 772 781 783 786 788 789 795 796 797 802 810 812 819 821 828 830 831 833 836 840 841 845 846 849 858 859 862 863 865 866 872 887 893 895 898 900 907 908 912 921 929 932 936 939 940 941 943 944 952 956 959 960 961 967 978 982 984 986 988 991 994 995 1004 1009 1011 1016 1017 1020 1023 1024 1029 1032 1033 1035 1037 1038 1043 1047 1049 1055 1058 1059 1067 1068 1072 1073 1074 1079 1081 1082 1093 1094 1095 1096 1099 1100 1102 1112 1113 1115 1121 1122 1124 1125 1126 1136 1137 1138 1142 1143 1147 1148 1152 1156 1159 1162 1165 1167 1169 1171 1172 1173 1176 1185 1188 1191 1192 1193 1194 1196 1198 1201 1204 1205 1207 1210 1211 1213 1214 1216 1219 1220 1222 1223 1225 1228 1235 1239 1242 1248 1249 1250 1251 1252 1254 1255 1256 1258 1261 1264 1266 1275 1280 1283 1288 1294 1298 1301 1305 1306 1309 1326 1330 1333 1336 1337 1338 1340 1341 1349 1355 1358 1359 1366 1369 1375 1376 1378 1384 1385 1388 1393 1395 1402 1403 1405 1406 1409 1413 1417 1420 1424 1426 1430 1434 1435 1438 1445 1446 1448 1450 1452 1456 1460 1464 1466 1467 1468 1469 1475 1477 1479 
431: 1 3 4 5 7 9 12 15 16 17 19 22 27 33 40 41 43 45 52 54 56 57 61 64 68 69 71 77 79 81 86 88 92 94 95 98 101 102 104 110 111 113 116 118 121 128 136 139 141 152 153 154 156 157 158 161 163 165 168 174 186 194 195 197 200 202 203 205 206 208 210 216 217 218 219 223 228 232 234 236 239 244 248 251 254 258 261 271 274 278 283 285 286 287 288 294 297 298 304 305 306 307 317 321 326 327 328 329 332 336 339 341 353 357 358 362 363 366 367 371 373 374 375 378 385 386 388 389 396 403 406 411 420 422 426 430 431 434 438 441 444 449 456 459 466 473 485 493 494 495 500 501 505 506 510 514 516 518 525 532 533 543 545 546 554 558 561 562 563 567 568 569 573 579 586 589 592 593 597 608 611 612 613 617 626 628 633 644 645 648 650 656 657 659 664 665 666 671 676 677 678 679 680 684 687 688 689 693 694 695 696 700 703 704 707 712 713 714 720 722 726 727 732 733 736 738 739 742 745 747 749 756 759 771 776 784 786 789 790 801 804 810 813 814 819 822 823 825 827 833 834 838 839 843 844 852 853 858 859 861 863 867 870 878 880 883 885 887 889 896 905 911 913 916 924 934 935 936 947 950 952 953 954 955 956 962 963 964 969 974 976 978 980 981 989 990 992 999 1000 1002 1004 1006 1008 1010 1013 1014 1016 1021 1026 1027 1029 1034 1037 1038 1053 1059 1060 1061 1066 1068 1071 1072 1080 1082 1085 1086 1091 1097 1098 1110 1113 1117 1119 1124 1131 1134 1142 1146 1150 1154 1156 1163 1165 1166 1173 1177 1181 1183 1184 1191 1195 1197 1198 1201 1202 1208 1210 1213 1220 1221 1222 1227 1234 1238 1240 1242 1244 1245 1248 1250 1251 1254 1255 1261 1265 1267 1268 1269 1279 1280 1282 1288 1289 1296 1299 1301 1308 1315 1317 1319 1330 1331 1332 1347 1351 1357 1359 1367 1369 1372 1377 1381 1386 1389 1390 1399 1400 1401 1403 1410 1411 1412 1413 1416 1417 1420 1422 1428 1431 1432 1436 1440 1441 1446 1449 1452 1457 1464 1466 1468 1470 
439: 2 4 10 12 13 17 19 22 24 25 28 29 31 33 35 36 37 41 43 46 48 50 58 63 67 69 73 75 76 78 79 81 85 92 94 96 97 99 102 104 107 117 118 130 133 135 139 149 165 169 174 175 178 191 192 196 197 198 200 202 205 207 210 212 220 221 222 225 227 229 230 231 239 242 251 254 255 264 265 269 270 273 275 278 282 283 284 289 296 308 314 318 321 324 325 330 333 334 336 339 342 347 351 353 354 356 357 360 362 364 365 373 380 384 389 390 391 398 399 400 401 404 407 411 414 417 420 423 424 425 427 431 432 433 434 445 455 456 460 470 471 474 475 476 480 482 490 491 493 501 502 505 507 512 513 515 518 519 521 525 529 537 539 540 541 542 544 546 547 548 555 557 559 563 564 565 569 570 573 580 588 589 592 593 595 598 599 601 606 607 609 611 613 617 618 622 629 634 641 647 649 655 656 659 663 666 669 682 690 691 692 697 699 705 707 712 714 715 716 720 723 724 736 737 743 746 766 768 774 786 804 805 806 807 810 811 817 821 822 827 828 835 846 847 849 850 854 857 859 862 866 867 868 872 873 875 876 884 888 890 897 899 903 906 908 912 929 931 937 944 945 946 947 951 959 973 975 978 980 983 986 988 990 991 992 998 999 1000 1003 1004 1007 1012 1013 1014 1019 1023 1027 1029 1032 1034 1039 1042 1044 1045 1047 1048 1058 1059 1060 1061 1064 1075 1077 1078 1081 1086 1093 1094 1101 1104 1107 1108 1114 1117 1118 1121 1125 1127 1130 1135 1136 1137 1141 1146 1148 1155 1157 1165 1166 1167 1169 1175 1176 1181 1185 1186 1187 1189 1190 1198 1202 1206 1207 1208 1210 1211 1212 1215 1217 1219 1222 1224 1227 1228 1229 1233 1241 1242 1247 1251 1252 1255 1257 1258 1259 1264 1266 1270 1272 1273 1276 1278 1279 1282 1288 1290 1292 1295 1298 1308 1309 1312 1315 1316 1321 1323 1326 1338 1339 1340 1342 1343 1351 1353 1354 1355 1362 1363 1379 1380 1385 1398 1400 1405 1408 1410 1411 1412 1413 1420 1422 1423 1427 1428 1430 1434 1435 1437 1439 1440 1441 1447 1449 1450 1452 1453 1461 1466 1469 
453: 4 8 11 13 15 17 23 26 37 39 40 43 46 55 56 58 59 73 75 76 80 81 83 90 92 102 103 111 119 124 125 126 129 131 133 143 149 153 154 155 173 174 176 178 179 181 183 187 189 192 196 200 206 207 208 210 215 216 220 221 225 226 230 231 233 240 244 247 252 256 268 276 278 282 283 284 285 296 299 304 306 309 312 314 315 322 327 329 330 335 338 340 346 348 349 350 351 356 357 358 362 363 365 366 368 370 371 372 374 381 385 386 390 391 395 400 401 403 412 413 415 423 425 432 435 436 437 439 441 447 449 450 452 455 456 457 458 470 471 474 476 477 481 482 485 489 491 493 497 498 499 500 504 505 507 510 511 515 517 518 519 522 523 525 526 530 532 534 536 540 543 546 549 550 553 554 556 563 567 569 573 574 577 580 581 588 594 595 600 601 604 606 613 619 620 622 623 624 626 635 643 645 646 647 652 658 660 663 666 668 669 674 678 680 683 684 685 689 690 693 697 699 701 708 710 718 719 723 728 730 734 735 736 742 743 747 750 752 757 761 764 765 772 773 777 778 781 783 788 789 792 798 799 803 806 810 813 816 820 821 828 829 830 837 838 841 852 855 856 859 861 864 868 869 870 873 879 891 892 897 898 899 901 904 905 907 908 909 910 927 932 934 938 940 941 945 946 948 949 950 952 962 963 965 966 968 970 971 973 974 979 983 988 989 993 997 1002 1004 1011 1015 1017 1018 1020 1027 1037 1046 1049 1051 1053 1056 1058 1060 1061 1062 1067 1069 1071 1073 1074 1076 1079 1081 1082 1086 1098 1100 1104 1107 1108 1111 1114 1119 1124 1126 1130 1131 1140 1141 1142 1143 1151 1152 1154 1157 1159 1160 1161 1163 1164 1166 1169 1177 1178 1187 1193 1195 1197 1199 1207 1210 1212 1213 1217 1220 1225 1226 1227 1233 1235 1243 1249 1250 1253 1254 1256 1259 1265 1268 1273 1274 1277 1281 1286 1290 1298 1304 1312 1318 1320 1322 1328 1329 1331 1333 1338 1339 1354 1356 1363 1372 1374 1375 1378 1382 1384 1385 1388 1389 1390 1391 1392 1393 1397 1417 1426 1427 1435 1436 1437 1440 1444 1448 1454 1457 1462 1465 1467 1468 1469 1470 1471 1476 1477 
446: 3 8 9 10 13 15 20 23 25 35 42 46 48 53 54 57 66 67 68 70 75 76 78 94 96 99 102 107 108 111 117 119 122 126 128 132 134 141 142 144 148 152 154 156 157 158 162 163 166 168 173 174 176 178 184 186 188 192 194 195 196 197 198 199 203 206 208 211 213 217 222 224 226 236 237 239 246 247 249 250 251 253 257 263 264 271 276 277 283 284 290 294 300 302 304 311 313 314 315 319 320 321 322 327 333 341 344 348 354 355 356 359 361 362 368 370 372 375 379 381 382 386 388 392 393 397 398 408 410 413 414 416 420 427 433 448 453 455 456 462 465 470 471 477 480 483 487 491 495 497 501 504 508 510 513 517 518 519 520 522 523 524 531 533 537 543 545 546 550 553 557 565 568 569 573 581 582 583 584 585 586 588 590 598 599 605 607 615 616 617 625 626 627 628 630 631 632 637 639 643 645 646 647 653 656 666 669 670 671 683 685 688 689 692 701 706 707 710 715 716 724 727 729 736 738 743 746 749 751 753 754 755 761 763 764 773 778 780 784 787 789 790 793 797 798 800 801 802 804 809 811 813 815 817 818 819 821 826 829 831 835 838 842 848 849 850 854 856 857 859 860 862 874 876 877 881 898 905 907 908 910 914 916 918 919 921 930 931 932 934 942 945 947 949 951 957 958 959 961 964 971 973 975 984 988 989 995 997 999 1001 1011 1016 1017 1022 1025 1026 1031 1032 1034 1039 1040 1045 1054 1056 1059 1067 1074 1076 1077 1079 1080 1081 1083 1089 1103 1106 1107 1108 1110 1124 1126 1127 1129 1130 1131 1137 1139 1143 1146 1147 1148 1152 1155 1158 1159 1166 1168 1172 1174 1176 1180 1182 1184 1185 1192 1194 1196 1199 1201 1202 1204 1207 1210 1214 1217 1218 1221 1229 1231 1233 1236 1243 1244 1245 1251 1254 1257 1259 1263 1266 1279 1281 1283 1289 1291 1292 1294 1298 1302 1305 1308 1310 1312 1315 1316 1318 1319 1333 1342 1344 1348 1356 1362 1364 1365 1366 1372 1376 1380 1381 1385 1387 1390 1397 1399 1403 1404 1411 1413 1414 1421 1423 1424 1426 1428 1429 1434 1442 1444 1451 1459 1461 1466 1470 1474 1477 
462: 4 6 9 15 18 19 20 21 29 30 37 38 40 42 44 46 47 51 57 58 59 60 64 65 66 67 70 71 72 73 74 77 79 82 84 88 89 95 97 100 103 105 110 111 112 114 116 117 121 125 130 131 132 135 138 139 142 144 149 150 151 154 155 156 159 163 164 169 175 183 194 195 197 198 201 202 205 210 213 214 216 217 222 223 227 228 234 235 242 243 246 249 254 261 264 266 269 272 273 274 276 277 278 279 284 286 288 290 292 295 296 298 299 306 308 317 318 320 322 323 325 326 327 331 335 336 337 341 342 343 344 348 349 356 360 362 371 374 376 377 378 379 382 384 396 397 405 408 424 427 429 430 433 448 452 456 458 465 470 471 472 475 476 480 486 487 490 499 501 502 507 517 522 523 524 525 526 527 530 535 536 542 545 546 548 556 557 559 560 561 567 568 569 572 575 578 584 588 589 591 594 603 604 611 613 614 616 617 623 627 631 632 638 642 643 644 649 652 654 658 659 667 669 670 672 674 677 678 679 683 687 695 698 702 709 710 713 719 720 723 724 731 741 745 746 748 753 754 758 760 764 769 770 772 774 777 780 782 783 785 786 787 794 795 798 799 800 801 802 804 821 827 829 832 839 844 848 854 862 868 871 873 875 877 878 879 880 882 884 890 895 903 904 911 915 918 921 923 926 927 928 930 931 934 936 940 943 946 947 949 951 963 967 968 971 972 983 992 995 1003 1004 1006 1014 1018 1024 1025 1029 1032 1033 1038 1040 1043 1046 1054 1056 1058 1060 1061 1068 1072 1073 1078 1079 1080 1081 1082 1087 1088 1090 1093 1094 1096 1097 1098 1100 1101 1104 1108 1109 1112 1126 1128 1130 1135 1138 1141 1142 1143 1145 1149 1151 1157 1158 1159 1161 1165 1166 1167 1173 1176 1184 1187 1188 1190 1191 1197 1200 1202 1204 1205 1207 1211 1216 1218 1222 1225 1227 1228 1235 1237 1238 1243 1245 1249 1253 1255 1256 1257 1266 1268 1269 1270 1278 1280 1283 1284 1286 1293 1297 1304 1305 1315 1317 1319 1321 1326 1332 1337 1345 1348 1351 1353 1364 1365 1370 1375 1378 1379 1382 1383 1384 1386 1395 1398 1400 1401 1405 1411 1413 1420 1428 1431 1440 1445 1446 1449 1455 1458 1460 1461 1462 1464 
437: 0 1 2 3 4 5 18 26 30 32 34 36 39 44 46 47 57 59 61 62 64 71 74 78 81 82 83 84 89 95 97 98 106 109 113 115 117 118 120 121 122 125 126 129 135 139 140 143 152 157 161 175 180 185 186 188 190 194 195 197 201 205 210 211 216 219 220 223 228 229 233 239 242 249 254 256 260 264 267 268 270 279 284 286 288 289 293 295 297 298 301 304 307 308 316 319 321 322 333 336 338 341 342 347 349 351 352 354 355 356 365 366 372 373 374 384 386 387 388 389 391 394 396 400 402 403 408 409 410 415 416 422 428 430 442 444 447 450 451 452 455 458 463 464 465 466 467 469 480 486 492 493 495 496 502 506 508 510 511 515 519 522 528 529 530 540 560 561 563 564 565 567 573 574 579 583 584 587 589 594 596 604 606 608 610 614 623 628 632 633 641 642 644 651 654 658 660 663 673 674 680 685 686 689 692 693 696 710 716 722 729 733 735 737 738 742 743 752 755 759 761 768 772 775 776 779 786 794 802 807 808 813 816 817 820 829 830 832 834 839 843 846 849 852 855 859 865 877 882 886 887 889 892 893 894 902 904 908 922 924 926 927 930 933 935 937 938 940 942 949 952 958 960 964 965 966 967 973 976 979 981 982 984 989 991 994 995 1004 1005 1007 1008 1009 1010 1012 1020 1023 1025 1028 1029 1031 1032 1033 1035 1040 1048 1050 1059 1061 1066 1073 1079 1080 1090 1101 1104 1106 1108 1109 1110 1112 1114 1117 1123 1132 1134 1137 1141 1142 1143 1145 1146 1147 1149 1150 1151 1153 1158 1159 1160 1163 1166 1168 1172 1173 1175 1176 1177 1179 1181 1185 1186 1187 1189 1194 1197 1198 1199 1206 1207 1209 1211 1213 1217 1220 1222 1230 1231 1238 1242 1244 1245 1246 1248 1249 1252 1258 1266 1272 1277 1281 1284 1285 1287 1291 1295 1306 1311 1324 1325 1327 1330 1335 1339 1343 1344 1349 1356 1357 1363 1366 1369 1374 1375 1377 1379 1381 1384 1391 1392 1396 1397 1402 1406 1409 1410 1412 1414 1419 1423 1426 1431 1433 1434 1435 1438 1439 1442 1443 1448 1450 1453 1455 1459 1469 1470 1472 1475 
Days = 28
Shift constraints
8 24
8 20
4 24
0 28
4 24
4 5
true
true
Forbidden sequences = 2
3 1 
2 3 

