# Randomly generated data for the integrated task scheduling and personnel rostering problem, skilling=0,300 and tightness=0,600 seed=50400
Tasks = 1527
862 966 27
573 644 22
443 552 9
435 483 23
820 857 11
810 868 25
435 517 15
586 682 18
584 665 6
524 602 7
435 566 21
583 653 18
608 718 14
827 957 17
872 905 15
571 639 15
854 990 15
929 1001 15
530 656 18
457 567 2
828 940 0
839 900 26
435 543 14
579 664 22
603 662 24
447 550 5
839 914 18
438 480 26
570 670 26
812 865 18
457 572 20
822 914 21
570 665 24
818 893 19
572 672 2
525 602 16
448 540 20
1191 1240 10
815 913 5
577 668 2
581 665 13
813 869 0
814 919 0
443 475 19
577 663 6
587 706 2
811 925 17
572 683 16
607 677 19
453 539 22
815 906 26
831 926 24
811 899 17
867 899 18
588 648 10
589 665 7
655 716 26
594 668 27
437 495 25
828 941 1
442 531 6
842 933 23
574 653 15
577 644 2
468 569 11
456 531 19
962 1064 5
667 745 24
582 688 21
916 980 25
661 739 9
676 754 11
641 729 2
610 677 14
595 668 19
822 878 23
471 536 18
591 705 25
670 769 22
648 715 2
722 796 16
508 585 14
824 899 22
469 558 7
435 518 7
436 492 24
631 714 8
840 963 15
435 493 21
435 521 19
678 793 19
658 752 15
820 944 3
1082 1215 13
812 921 13
854 920 7
755 869 14
823 863 16
574 650 20
833 973 5
488 577 27
885 929 6
445 516 1
474 529 3
933 1061 24
808 919 12
810 893 20
832 941 4
590 659 8
810 874 11
910 977 25
1008 1099 23
810 911 6
624 743 17
493 584 24
677 789 2
824 943 26
470 575 12
572 622 14
571 686 8
563 650 22
888 983 25
497 629 13
435 534 14
813 914 25
724 770 2
743 811 14
452 519 17
588 655 15
812 874 0
522 625 26
803 920 2
596 643 23
497 573 5
1150 1188 9
570 684 12
517 587 15
600 657 7
456 561 17
861 973 25
573 645 15
816 940 15
812 916 24
846 934 17
585 652 25
660 738 22
542 617 6
435 503 13
577 647 6
450 568 22
435 540 22
959 1029 4
820 865 11
593 650 1
440 563 5
606 657 9
454 515 13
435 520 9
810 866 15
577 638 7
824 925 9
918 1016 6
855 928 7
813 866 11
817 926 3
821 916 23
518 658 27
971 1096 21
852 904 3
813 907 8
875 917 9
915 1011 26
587 667 15
594 659 8
816 914 6
442 512 7
973 1023 25
854 909 20
470 595 10
579 633 20
588 674 11
587 618 19
586 701 22
520 650 1
657 783 18
815 906 15
444 549 4
659 741 0
946 1021 13
828 900 10
897 942 3
543 635 17
823 879 19
918 1002 6
645 688 15
834 901 16
907 1006 13
911 946 26
690 792 12
582 675 9
574 650 20
658 739 15
455 526 0
435 559 23
444 558 0
638 728 20
955 1067 15
438 489 24
819 888 7
811 928 1
879 957 2
884 936 11
564 615 5
1017 1089 13
832 911 17
551 655 14
815 888 13
828 890 12
446 551 11
815 885 23
620 726 19
918 1030 25
535 615 1
655 755 18
851 997 7
492 570 24
568 620 3
439 507 9
931 991 16
451 530 8
440 545 21
1115 1208 6
464 558 10
596 665 17
673 700 6
456 509 16
457 543 2
743 840 22
752 824 24
671 789 26
900 1030 17
456 548 4
551 669 21
671 764 26
678 760 9
654 773 26
708 787 15
1048 1102 15
923 968 22
827 878 27
444 507 25
665 759 3
517 566 13
435 512 2
856 937 3
861 937 25
811 902 13
836 876 0
1001 1109 25
913 1029 10
439 513 12
842 904 11
866 939 16
863 1006 4
949 1013 9
620 737 5
570 668 3
741 800 14
726 827 21
855 935 19
639 762 7
761 848 9
572 663 13
1038 1106 6
526 613 19
673 820 6
810 922 9
614 724 8
811 916 4
978 1060 0
857 934 0
574 642 11
615 662 18
543 649 22
443 563 25
657 779 25
542 667 20
711 816 15
813 944 27
826 947 6
571 643 27
745 840 20
517 559 9
1037 1089 25
915 988 15
531 599 5
649 742 10
868 933 18
447 545 24
880 923 27
816 858 21
572 698 9
446 512 10
987 1106 11
925 983 14
889 989 13
639 706 4
478 563 1
638 725 3
605 680 1
577 661 5
586 669 1
941 1043 3
716 771 2
755 789 5
606 687 18
603 706 10
688 759 6
451 568 24
613 677 13
518 597 2
872 991 6
913 981 12
599 713 5
746 795 3
466 549 5
724 840 5
619 704 2
667 743 15
853 946 18
590 639 7
851 912 1
998 1092 15
1030 1101 17
990 1070 23
498 598 13
930 990 24
570 626 6
939 1005 13
868 929 13
592 691 14
718 767 8
895 973 20
687 807 3
900 971 19
910 1007 23
710 764 9
620 754 13
814 913 12
1036 1076 10
646 710 19
500 574 4
620 711 7
435 500 1
924 1003 27
901 981 7
800 856 27
635 735 11
823 917 18
447 550 0
952 1019 26
440 513 16
836 918 10
444 516 19
1011 1108 26
1018 1107 4
596 652 24
728 814 24
889 930 11
626 734 6
962 1062 16
527 581 17
821 916 6
915 977 17
946 1024 3
830 943 8
994 1071 5
436 470 22
947 1014 27
945 1044 5
697 784 27
632 702 11
574 636 22
546 617 2
702 771 0
573 667 22
772 852 2
935 984 21
870 974 3
751 779 11
576 665 26
647 716 21
571 632 10
436 501 21
1116 1237 15
782 844 21
867 927 9
736 795 21
910 1015 8
607 667 14
684 757 11
444 539 16
467 543 27
884 1010 12
936 1079 7
653 743 24
514 634 16
1080 1137 10
703 809 27
438 518 7
980 1060 20
505 610 1
901 1004 0
1028 1085 27
1115 1175 15
634 685 9
602 712 19
436 525 4
437 520 20
688 762 19
906 978 21
651 764 1
1213 1300 21
571 610 27
542 619 19
866 974 15
816 937 12
570 668 15
438 531 26
1094 1193 15
1025 1078 27
501 577 21
587 685 12
726 773 8
555 616 4
858 944 8
764 881 17
954 1002 6
700 798 25
628 731 20
655 778 11
648 739 15
483 625 0
811 897 17
632 745 1
925 995 9
828 896 16
609 720 16
810 916 23
946 1051 1
749 798 2
912 1029 17
951 1032 7
708 824 22
1023 1106 8
439 518 5
791 861 5
764 844 15
973 1054 12
1125 1248 25
879 934 8
837 909 24
1037 1135 25
1079 1185 8
611 710 27
639 741 26
436 467 17
689 751 1
885 961 0
508 579 13
494 571 21
627 746 14
492 540 19
664 729 24
825 900 24
793 869 25
439 558 16
439 522 25
544 612 7
1076 1121 7
946 1070 0
814 933 20
597 736 10
451 533 23
646 695 27
1061 1123 20
580 680 1
879 963 23
574 656 16
439 533 22
935 1025 20
1090 1132 7
787 879 11
1071 1172 23
553 642 18
969 1041 3
719 786 14
670 795 6
682 741 1
532 605 25
570 682 13
946 995 3
795 883 4
666 733 20
830 964 13
1021 1112 0
534 657 23
678 768 26
946 1051 3
721 785 7
842 954 14
874 941 26
876 955 10
501 593 25
461 487 2
1006 1090 18
517 643 16
1053 1104 17
749 849 18
639 677 17
1029 1114 13
716 806 7
860 911 18
1036 1109 25
541 609 16
1246 1287 13
743 807 15
586 663 10
759 846 11
640 749 16
583 657 4
978 1091 17
811 837 6
772 832 7
785 843 2
738 862 22
1071 1147 16
824 900 22
728 785 9
925 993 18
900 983 4
643 689 16
587 632 8
614 682 1
509 564 25
1111 1215 1
739 784 8
1064 1189 24
598 694 2
476 549 16
996 1069 13
819 864 27
747 787 14
654 786 25
1178 1259 23
570 670 24
469 558 17
1074 1194 12
691 795 6
997 1081 9
461 577 9
1092 1140 0
652 734 22
658 744 14
625 745 25
1144 1189 0
1080 1156 27
837 918 12
663 781 16
645 748 2
515 618 2
742 793 15
962 1055 26
936 1015 18
578 678 21
927 984 12
1118 1231 13
1160 1249 2
734 781 6
495 585 19
816 881 2
615 692 1
1209 1308 16
654 784 22
738 832 17
683 783 18
572 637 24
780 856 26
694 743 12
941 984 13
642 758 1
571 681 1
746 849 27
969 1065 11
636 729 7
925 1063 2
927 974 1
1123 1191 4
629 696 4
575 667 7
589 689 9
547 620 24
787 854 2
781 863 23
943 1054 9
1249 1288 6
811 885 10
650 732 20
747 832 15
836 893 14
483 573 27
991 1076 13
745 883 14
944 1031 20
887 964 2
992 1033 12
714 765 5
530 611 1
688 789 3
698 751 13
812 870 7
593 686 17
626 714 7
1033 1129 20
442 562 11
708 791 7
552 653 0
696 774 27
1008 1065 22
919 988 11
447 549 27
985 1080 21
899 976 20
1099 1184 0
577 657 5
635 710 0
1089 1163 5
558 663 5
566 636 25
793 861 15
902 933 17
688 772 15
878 959 11
671 764 24
1003 1057 15
753 884 25
932 994 11
775 882 11
578 681 10
1175 1238 27
930 1007 22
916 968 24
654 740 8
939 1006 23
1221 1279 0
685 773 20
1102 1174 17
840 911 14
1011 1087 23
719 797 8
1190 1302 24
869 927 15
764 863 14
969 1100 24
916 988 23
868 978 14
1011 1095 15
695 732 1
606 639 27
978 1062 14
485 609 23
869 977 15
601 674 9
1118 1192 11
975 1086 2
644 743 15
933 1044 18
903 979 20
739 826 20
1197 1262 13
750 829 0
810 928 2
1027 1098 20
833 873 15
669 787 18
772 849 10
626 706 16
1099 1230 20
955 1017 11
583 649 11
773 864 6
925 988 13
1088 1137 23
613 715 5
666 763 4
773 855 15
469 553 0
724 862 2
596 667 25
480 553 26
669 743 5
582 673 17
799 840 21
744 829 27
832 911 26
563 669 17
1127 1186 20
868 947 2
618 727 2
1031 1133 7
746 881 12
619 740 23
536 646 19
961 1083 17
449 488 18
744 872 1
622 649 24
720 815 27
653 743 20
820 897 18
590 643 2
814 892 0
559 651 3
613 682 18
690 822 5
729 782 2
800 854 1
666 798 13
662 710 1
807 912 11
1082 1209 9
584 625 6
1021 1117 26
661 760 23
838 894 8
744 818 5
528 595 9
930 994 17
550 623 27
593 626 21
1148 1207 10
816 894 27
741 831 23
771 833 3
669 717 17
775 859 13
825 915 5
961 1018 8
571 691 21
742 840 16
1142 1216 23
764 832 19
1076 1194 5
1190 1261 0
529 601 12
1030 1144 24
960 1040 25
640 722 25
1158 1229 16
568 701 21
1123 1232 25
1029 1136 25
962 1030 14
949 1027 25
966 1047 5
974 1079 15
901 951 27
897 951 3
959 1077 26
680 741 21
1007 1101 13
655 725 19
495 569 23
932 987 26
696 820 16
789 871 20
554 606 16
915 981 14
1174 1302 7
890 921 27
923 1010 24
774 820 24
649 768 6
847 907 25
1007 1060 17
1013 1050 23
681 741 13
821 931 16
585 695 20
833 926 20
913 975 12
957 1009 4
924 1055 10
818 932 19
801 861 14
992 1062 16
770 881 23
943 1026 3
1132 1276 3
929 1005 1
706 799 4
612 681 8
1063 1116 3
525 580 4
1097 1205 17
614 721 19
1224 1296 12
891 977 15
912 951 0
819 918 5
802 919 27
577 646 27
918 1002 4
669 780 7
1051 1138 7
1111 1183 8
761 803 11
847 931 3
553 624 0
837 892 22
774 862 19
1182 1250 25
800 867 18
849 929 20
727 769 10
900 1046 21
1088 1153 2
566 644 27
1081 1146 21
1005 1091 6
931 978 16
586 679 4
777 882 20
568 686 4
580 680 4
765 824 9
1207 1304 10
1111 1169 6
967 1067 20
694 729 16
961 1029 20
1078 1178 1
1207 1305 15
653 730 24
1184 1274 23
781 918 6
580 657 12
681 758 4
996 1081 13
746 827 20
930 994 15
654 774 7
1190 1278 8
737 793 1
527 592 2
813 917 11
891 968 20
571 621 0
837 869 23
833 943 18
854 937 2
440 490 12
684 785 13
1175 1236 17
848 945 19
563 648 0
917 976 7
745 847 6
690 775 5
588 661 20
1262 1309 25
605 685 2
523 615 9
621 708 9
637 742 16
1000 1097 12
590 641 16
477 607 22
812 867 25
1023 1057 12
435 548 12
608 709 14
522 616 7
957 1039 25
941 1074 19
722 823 19
900 988 24
868 949 3
708 769 0
754 872 8
937 1005 27
956 1029 19
800 882 20
649 747 27
574 647 5
1062 1152 16
675 740 21
1044 1120 12
959 1018 5
1205 1291 7
435 518 15
1227 1300 21
884 936 7
1055 1192 26
792 843 10
576 700 4
1189 1304 8
525 602 20
788 882 16
875 935 1
988 1045 8
933 1026 14
757 847 19
614 704 26
555 669 26
439 542 8
1023 1084 3
945 1069 1
521 603 15
562 611 18
473 592 11
596 646 11
881 935 19
1029 1106 11
670 701 26
1057 1160 24
1003 1139 4
649 714 5
633 675 12
824 881 3
825 897 5
1097 1206 17
1152 1252 0
1109 1170 26
799 905 26
1024 1087 18
814 911 4
760 835 26
737 815 17
879 933 8
1080 1193 15
694 788 2
1143 1220 25
744 807 22
621 686 17
656 731 23
823 935 13
649 751 0
559 658 10
917 999 22
698 782 17
1038 1102 5
722 851 26
978 1058 8
754 839 5
612 699 22
644 692 0
988 1057 20
1031 1113 19
782 841 22
743 814 16
909 951 14
1141 1214 4
734 851 1
722 792 19
936 1002 22
769 834 26
953 1010 27
976 1037 0
626 722 10
655 725 10
742 828 21
1163 1245 6
592 669 27
1021 1081 9
987 1053 26
757 894 1
546 639 22
905 950 22
765 883 16
743 797 15
981 1055 20
998 1070 18
861 992 21
1109 1185 18
1119 1260 26
858 907 22
729 776 8
712 768 9
824 884 16
571 695 23
992 1059 24
1157 1233 3
1232 1309 16
760 877 4
1188 1258 20
549 612 12
1194 1277 1
874 950 2
902 1007 0
1074 1157 17
1043 1113 14
1172 1226 26
622 692 19
793 896 7
1222 1259 3
671 768 20
811 897 12
1008 1041 22
685 752 17
753 880 24
772 879 4
800 928 13
736 790 10
894 1004 8
794 868 25
900 949 5
929 1011 5
1041 1169 0
748 814 24
844 918 14
1007 1075 23
689 798 9
951 1036 22
716 814 9
735 792 26
795 879 10
1118 1171 5
842 928 4
1114 1201 3
917 987 26
931 1041 14
607 678 12
755 814 11
700 773 23
1071 1174 18
736 843 5
618 753 13
571 662 21
630 683 26
955 1054 2
1096 1188 15
802 878 16
850 936 5
835 890 13
1157 1208 2
699 772 12
832 932 3
911 961 15
865 948 1
808 890 8
646 731 26
981 1019 4
789 879 7
952 1046 6
1042 1109 22
923 1060 26
553 639 3
574 647 3
774 832 17
716 809 22
711 805 26
903 1001 12
1227 1303 26
1220 1305 17
1007 1147 9
679 754 4
470 589 2
683 781 1
1195 1270 27
1065 1198 17
716 830 6
677 763 12
947 1047 19
1033 1130 0
773 850 12
847 981 18
1079 1145 13
841 967 21
1002 1059 1
1193 1301 9
854 975 8
645 713 24
807 884 15
776 906 23
903 1009 18
998 1094 14
746 859 5
1102 1198 24
856 980 2
1234 1282 9
948 1026 8
827 885 24
971 1038 7
1200 1308 24
628 733 7
845 908 6
934 1014 0
906 1021 23
1141 1247 3
1021 1092 13
1056 1140 6
696 766 1
1138 1209 25
647 746 23
1005 1078 1
637 688 14
802 907 15
1220 1296 26
869 943 6
1213 1305 2
682 747 7
1001 1083 12
723 858 14
995 1064 21
718 847 21
628 677 27
573 675 9
829 884 21
713 750 9
705 758 9
761 850 23
704 811 22
812 919 17
987 1066 26
494 533 6
820 868 24
561 685 23
607 675 5
877 983 4
914 983 11
716 805 19
1125 1191 15
652 682 20
1089 1209 12
682 791 22
1148 1236 17
844 948 14
1087 1164 3
647 726 27
929 1008 13
696 768 19
763 808 3
1253 1304 27
549 632 12
1093 1165 14
747 827 21
1233 1303 20
890 1002 25
1003 1111 27
918 1023 6
678 807 12
666 717 3
717 853 19
1065 1170 25
670 728 21
855 953 19
552 620 0
846 981 7
677 724 10
1187 1305 0
1111 1177 20
1110 1196 25
813 883 22
771 877 6
935 1066 13
963 1029 0
993 1133 11
1040 1102 8
776 861 1
924 968 17
1083 1153 1
641 731 0
485 555 21
1098 1190 6
676 762 27
1016 1084 23
596 690 8
1064 1148 14
1258 1309 20
986 1068 14
840 935 9
812 879 17
1114 1150 8
734 786 21
603 680 20
1034 1064 23
856 974 5
808 840 8
1063 1139 20
806 900 25
881 956 25
1189 1258 15
809 872 9
730 808 10
536 657 23
1003 1059 2
1181 1276 3
964 1063 14
1089 1180 1
757 822 18
1143 1199 6
1224 1304 23
896 982 10
801 881 26
1239 1303 13
783 881 2
1084 1183 9
1060 1157 14
1111 1184 13
786 839 21
617 695 25
887 1016 10
645 690 11
1170 1262 3
734 837 7
1033 1120 3
826 883 27
1152 1248 24
982 1063 6
1159 1271 16
1200 1292 6
1166 1248 17
1121 1198 3
903 1002 22
865 940 20
764 884 24
1209 1309 9
686 824 10
804 879 4
1161 1280 11
962 1022 19
1184 1301 9
829 910 20
1013 1068 13
1158 1239 1
681 742 20
677 745 23
785 872 3
612 692 18
818 883 16
867 929 9
1193 1239 15
1046 1126 22
713 840 12
936 1031 22
857 961 22
1199 1291 13
1034 1171 10
819 883 10
826 947 5
749 873 27
726 826 24
897 948 1
730 794 16
820 876 27
1156 1271 14
995 1061 15
745 836 20
919 1005 6
944 1049 18
612 709 12
1154 1260 1
643 715 1
1198 1300 4
820 869 16
1197 1287 1
964 1051 26
995 1069 18
991 1051 10
933 1020 11
904 1016 25
1092 1195 23
814 909 8
1107 1187 13
1183 1266 18
1017 1078 0
834 901 9
1150 1280 14
1113 1233 4
1190 1295 18
1020 1069 6
1220 1278 25
1196 1283 24
754 884 4
1220 1289 25
1074 1184 18
896 973 8
1049 1082 20
778 848 10
958 1059 25
624 713 19
772 883 0
790 881 26
1195 1301 15
982 1038 21
975 1061 13
1237 1309 17
898 982 7
709 819 14
812 880 5
774 831 19
1069 1185 13
748 812 10
786 848 1
1191 1304 15
1144 1207 13
862 905 1
1203 1289 22
976 1017 12
1141 1233 7
797 880 23
707 783 4
712 811 12
1197 1301 5
1198 1274 12
659 707 14
676 744 11
906 942 1
766 875 13
1182 1299 5
760 875 0
712 794 16
1146 1243 20
838 884 21
789 896 4
745 826 0
1213 1306 22
739 875 25
1217 1294 4
1171 1301 0
839 884 21
1082 1215 0
849 883 20
855 908 15
994 1061 15
1200 1276 23
1016 1099 21
932 1016 12
1260 1302 1
751 813 0
1237 1307 25
811 884 12
888 926 14
873 961 6
719 825 17
951 1035 20
735 852 20
1017 1131 18
833 884 17
864 934 2
1230 1307 0
1145 1217 11
805 878 16
799 859 8
867 968 0
794 858 1
1051 1093 25
881 932 6
870 902 12
1195 1291 18
1084 1190 22
996 1076 10
1147 1264 13
1059 1153 11
1171 1285 21
808 879 12
756 876 9
794 882 16
1190 1257 5
840 958 16
861 923 12
908 996 15
1103 1196 26
941 1053 2
717 831 1
986 1063 7
938 1014 12
1055 1197 11
1068 1156 23
982 1068 16
950 1048 1
896 988 20
1211 1307 26
1212 1302 3
847 905 7
831 867 19
845 920 24
797 884 19
649 738 25
960 1041 19
946 1040 8
1197 1249 13
802 863 21
1265 1299 26
753 842 7
1209 1290 12
707 799 3
666 734 2
754 810 5
1195 1304 6
701 754 11
1201 1307 11
977 1068 15
797 880 11
982 1055 21
987 1058 8
735 794 2
1033 1146 6
1025 1114 4
964 1066 11
735 803 4
819 901 14
701 820 21
938 993 3
995 1062 22
925 1047 20
750 843 1
588 702 3
1209 1254 8
1011 1069 15
970 1044 5
794 874 27
1027 1066 12
1209 1301 17
910 977 15
1084 1155 20
567 670 6
913 989 18
782 870 1
1177 1240 20
749 813 25
825 964 17
850 935 8
1206 1277 20
760 835 16
748 796 8
937 1033 19
815 883 26
735 840 23
756 864 13
818 882 0
755 854 11
748 789 2
1246 1309 3
688 789 0
607 637 11
995 1040 10
779 886 2
985 1064 7
1173 1268 18
616 738 15
1194 1278 10
1097 1195 12
727 790 2
1162 1223 21
1196 1278 18
928 1039 10
1239 1309 15
1175 1236 22
1076 1137 4
1023 1069 6
779 823 9
760 893 20
1021 1060 27
1207 1297 17
827 925 14
799 853 9
1108 1223 10
720 800 13
1135 1257 19
1233 1308 13
737 850 5
1075 1158 19
873 946 17
1250 1306 24
980 1058 17
922 1040 9
956 1035 2
924 970 20
1173 1300 4
1249 1307 25
943 1048 1
1270 1300 17
1215 1289 12
889 995 2
1182 1265 19
1028 1065 12
834 882 24
1111 1202 27
940 1029 6
1195 1296 18
1209 1307 12
775 856 6
806 867 1
908 1038 10
732 856 25
1214 1307 27
1201 1272 23
921 1035 24
1005 1069 6
995 1051 7
1202 1270 19
793 878 2
895 953 10
1181 1284 16
1230 1309 10
1222 1297 10
1161 1268 7
785 881 22
986 1064 15
913 986 23
1013 1062 5
984 1068 4
791 867 2
784 873 4
956 1024 5
847 920 14
1006 1061 23
910 978 26
821 884 21
963 1072 18
1077 1210 16
928 1062 4
816 878 8
988 1053 18
744 882 15
Shifts = 4
0 0 0 0 0 0
435 0 0 450 0 0
570 0 0 500 0 0
810 0 0 500 0 0
Employees = 20
465: 0 4 5 7 8 16 18 19 23 27 29 32 44 45 49 51 53 55 63 64 67 68 69 70 71 72 73 74 76 78 80 86 88 89 90 92 97 102 105 108 113 115 117 123 124 129 130 133 134 137 140 142 145 156 161 162 166 173 174 180 182 183 184 185 186 188 189 193 195 198 200 201 202 208 211 218 221 224 231 234 235 246 252 255 260 264 268 272 277 284 285 293 294 295 296 302 304 306 307 308 312 318 319 320 321 323 332 339 343 346 348 350 353 354 355 358 360 361 367 369 372 375 379 381 382 383 386 390 393 394 395 403 405 406 409 411 412 413 420 425 426 428 431 432 433 435 437 438 439 448 449 452 455 461 464 468 471 474 475 477 479 480 483 484 486 487 488 494 497 498 499 500 502 506 509 519 521 523 529 532 533 534 535 537 539 541 543 544 545 547 549 550 562 576 581 588 592 597 600 605 625 627 635 636 637 642 644 645 646 649 656 659 662 663 665 666 671 672 675 677 679 685 687 689 693 695 696 697 698 701 706 707 714 715 722 732 737 743 746 748 753 754 758 760 763 765 767 780 793 795 796 800 814 815 821 822 825 828 829 837 838 846 847 849 852 854 856 862 865 867 868 872 878 881 887 890 891 894 896 898 902 903 909 911 914 916 917 925 927 934 938 942 947 949 951 956 959 960 964 968 972 981 984 985 986 988 991 994 998 1002 1003 1004 1007 1010 1013 1020 1023 1029 1032 1034 1036 1041 1042 1043 1046 1050 1052 1060 1064 1065 1066 1069 1074 1082 1089 1090 1095 1100 1106 1111 1113 1117 1122 1128 1129 1133 1134 1135 1137 1138 1142 1145 1146 1148 1157 1162 1166 1167 1171 1178 1180 1192 1193 1200 1202 1210 1212 1216 1221 1224 1228 1230 1231 1246 1249 1256 1257 1260 1261 1265 1268 1269 1273 1275 1279 1283 1285 1286 1289 1290 1295 1297 1298 1299 1300 1309 1310 1314 1316 1319 1320 1325 1328 1335 1337 1341 1343 1345 1354 1356 1357 1358 1360 1362 1366 1368 1369 1373 1380 1385 1386 1387 1388 1391 1398 1400 1402 1404 1408 1411 1412 1415 1421 1422 1424 1425 1432 1436 1437 1446 1447 1448 1452 1453 1455 1456 1461 1463 1467 1468 1476 1478 1482 1494 1501 1503 1507 1509 1511 1514 1516 1517 1520 1523 1526 
490: 10 11 16 17 23 24 26 27 28 29 31 32 34 42 43 44 49 51 53 54 59 60 62 63 64 65 66 68 69 70 76 80 85 97 104 105 106 110 113 117 118 120 127 128 143 144 145 147 148 149 150 152 153 154 156 157 160 161 166 167 168 170 174 179 181 188 189 190 195 196 199 201 204 210 211 212 215 217 218 224 227 228 239 244 245 246 256 268 270 271 275 280 283 289 290 291 294 296 310 311 314 317 318 319 322 328 331 332 336 339 344 345 350 355 359 362 364 366 369 380 383 385 386 388 389 392 394 396 397 399 403 409 417 419 420 423 432 433 437 438 441 446 449 460 465 467 468 470 472 477 483 485 487 492 506 507 508 509 514 517 520 521 523 527 535 537 543 546 547 548 549 555 563 565 568 576 577 587 590 592 596 601 604 606 607 608 610 611 614 617 620 621 625 626 630 633 635 644 645 655 658 659 660 661 662 664 667 668 672 674 675 679 682 683 688 689 690 691 694 696 699 703 704 711 712 714 715 717 718 719 720 721 722 724 726 727 729 730 731 734 740 741 747 748 750 752 754 756 758 761 762 763 766 769 771 772 778 779 782 783 785 786 787 789 790 792 793 794 795 796 806 809 811 815 822 825 828 833 836 841 842 844 846 851 864 865 867 872 873 877 878 881 882 885 886 888 890 895 903 905 906 910 913 914 922 924 927 930 934 935 938 940 943 945 946 948 951 952 961 969 971 975 976 978 984 987 988 990 1000 1001 1006 1007 1012 1014 1020 1023 1031 1034 1036 1038 1039 1043 1044 1045 1048 1050 1059 1060 1061 1069 1070 1072 1080 1084 1086 1092 1098 1099 1100 1101 1105 1109 1111 1117 1120 1130 1135 1139 1145 1148 1151 1153 1159 1162 1171 1175 1176 1177 1178 1182 1184 1185 1186 1189 1192 1199 1202 1209 1213 1219 1220 1222 1225 1227 1229 1231 1233 1237 1241 1242 1243 1245 1246 1247 1253 1254 1256 1258 1260 1262 1274 1278 1279 1282 1284 1285 1292 1295 1301 1302 1307 1314 1316 1319 1321 1324 1331 1336 1337 1341 1343 1344 1347 1350 1351 1355 1358 1360 1361 1368 1371 1375 1378 1380 1381 1392 1396 1397 1403 1405 1407 1409 1410 1411 1412 1414 1418 1419 1421 1431 1433 1437 1438 1439 1444 1455 1457 1458 1465 1474 1475 1476 1480 1482 1483 1484 1485 1487 1489 1490 1491 1494 1502 1503 1506 1509 1513 1521 1522 1523 
447: 3 5 11 14 24 29 31 36 37 45 47 48 51 52 53 56 58 65 74 79 85 88 95 98 100 101 102 104 106 108 118 120 122 123 125 129 133 134 138 142 144 146 147 150 151 155 156 157 164 169 174 175 179 183 198 199 202 204 206 207 208 211 212 218 219 222 225 231 232 234 240 248 251 252 265 266 269 270 272 273 278 280 284 287 293 295 297 298 310 314 315 322 323 324 327 330 332 333 334 337 340 341 344 345 347 350 357 364 375 376 380 397 404 410 413 415 416 419 420 422 424 426 430 434 435 436 439 442 444 455 458 459 464 465 470 471 477 479 480 481 482 485 486 491 496 502 506 509 510 514 518 519 521 522 529 534 535 541 543 551 553 554 555 558 561 564 570 572 576 577 578 580 583 588 590 591 597 603 604 608 614 615 617 633 638 643 646 651 654 656 660 661 663 669 679 683 689 692 699 705 710 715 720 723 724 727 728 729 730 731 740 750 751 753 754 757 758 762 763 772 782 783 787 789 792 796 800 803 804 806 807 810 811 819 824 826 828 838 839 840 846 848 851 852 853 856 859 861 862 863 864 866 867 868 869 876 879 881 882 890 891 892 895 896 897 906 915 922 925 929 931 932 935 949 954 963 966 968 969 972 973 980 986 987 990 991 996 997 1000 1001 1003 1006 1007 1012 1015 1018 1020 1021 1028 1034 1038 1040 1041 1049 1050 1051 1052 1053 1073 1075 1082 1088 1089 1099 1103 1112 1119 1123 1126 1127 1129 1134 1135 1137 1140 1143 1144 1145 1151 1155 1156 1165 1169 1170 1173 1177 1181 1184 1191 1198 1200 1201 1203 1206 1207 1210 1211 1219 1221 1223 1226 1229 1232 1233 1234 1236 1239 1241 1244 1245 1250 1252 1255 1258 1262 1263 1267 1269 1271 1272 1273 1281 1283 1284 1286 1294 1297 1299 1300 1309 1310 1315 1318 1319 1323 1328 1331 1332 1333 1338 1340 1347 1351 1354 1356 1358 1361 1365 1371 1378 1384 1390 1395 1397 1399 1400 1403 1412 1416 1417 1420 1425 1427 1430 1435 1436 1437 1438 1440 1442 1446 1450 1453 1457 1464 1465 1469 1471 1475 1476 1477 1480 1482 1484 1487 1489 1491 1493 1495 1498 1499 1501 1508 1516 1519 1522 1524 
447: 0 5 6 11 12 15 16 20 29 30 31 33 34 36 37 39 44 46 47 55 57 59 61 64 66 67 72 76 77 81 84 91 93 96 98 99 100 101 103 106 113 116 120 124 127 128 134 135 136 142 143 154 166 167 173 174 175 179 185 188 192 194 214 217 218 219 222 226 230 235 240 248 249 255 257 261 270 273 280 281 284 286 294 295 297 306 307 309 311 313 315 317 322 325 330 332 342 344 345 348 353 354 356 357 359 360 361 367 368 369 371 374 376 378 384 392 393 401 403 410 414 417 422 429 430 433 435 436 437 442 445 449 454 461 462 468 469 472 475 476 483 484 488 493 494 496 498 503 506 509 512 516 519 523 524 525 526 527 532 533 539 540 548 552 553 556 559 561 563 564 565 566 568 578 579 581 583 585 591 595 600 604 605 609 613 616 619 628 640 644 651 654 658 660 662 663 667 671 677 681 685 687 689 691 692 693 697 699 711 716 722 732 733 740 741 742 744 745 747 752 754 756 757 764 765 768 771 772 773 774 776 778 780 781 782 783 785 787 788 790 791 793 796 802 804 807 809 810 813 814 817 819 820 821 822 823 825 826 828 829 832 836 841 842 843 845 849 852 856 858 865 875 877 882 885 887 889 900 902 908 910 914 917 924 929 932 933 936 939 940 944 948 950 955 957 958 962 964 969 970 972 974 975 979 982 989 995 997 1000 1003 1005 1006 1010 1011 1013 1017 1021 1030 1031 1032 1034 1036 1039 1046 1048 1052 1056 1058 1062 1067 1073 1074 1080 1089 1090 1095 1097 1099 1104 1107 1110 1111 1112 1126 1130 1132 1141 1142 1147 1148 1149 1154 1159 1166 1169 1173 1179 1181 1182 1189 1196 1198 1201 1202 1207 1221 1226 1227 1230 1242 1249 1250 1254 1258 1267 1270 1272 1277 1278 1280 1291 1292 1293 1296 1308 1310 1312 1314 1316 1317 1320 1321 1325 1329 1330 1333 1335 1336 1337 1354 1356 1361 1362 1364 1369 1371 1374 1375 1376 1378 1380 1381 1393 1397 1399 1405 1408 1409 1415 1421 1434 1435 1436 1437 1439 1442 1443 1447 1448 1453 1458 1463 1470 1471 1479 1482 1485 1492 1502 1505 1507 1510 1512 1513 1516 1517 1519 
469: 1 2 5 6 14 22 23 25 26 27 29 32 36 39 40 41 43 45 46 48 59 64 66 67 69 70 74 75 79 82 84 87 88 93 94 96 97 101 104 111 112 115 117 121 123 133 135 136 138 143 146 147 153 154 161 170 171 172 177 183 184 187 190 192 194 196 197 198 200 202 207 210 212 215 216 217 222 224 228 236 237 238 241 243 244 246 247 253 258 260 262 264 265 266 273 280 285 287 288 289 292 293 304 307 312 314 315 320 323 327 328 330 331 332 336 337 339 340 346 351 353 356 357 359 361 364 371 372 381 384 388 392 393 395 398 400 401 403 408 410 414 416 418 421 424 428 429 431 433 436 437 441 442 443 445 452 455 456 459 461 463 465 467 469 470 472 474 479 480 483 485 487 489 491 507 508 517 521 522 526 530 531 548 549 551 556 557 560 561 563 570 572 574 576 577 581 588 597 600 603 604 607 612 615 619 620 621 623 629 632 636 641 644 645 658 664 665 667 674 678 685 686 691 692 694 696 699 700 704 706 714 718 720 721 723 738 739 743 748 751 753 754 758 762 769 772 774 776 779 780 781 782 788 789 790 793 795 796 802 813 821 823 827 828 832 838 841 851 854 855 858 861 865 868 870 874 878 885 886 890 892 903 904 905 910 915 919 921 924 925 927 932 934 935 938 939 940 943 949 950 952 960 961 971 973 977 979 983 984 989 991 992 995 1001 1002 1011 1016 1021 1023 1025 1029 1030 1032 1037 1039 1044 1049 1056 1057 1063 1067 1072 1074 1075 1079 1083 1086 1089 1090 1095 1098 1102 1109 1110 1113 1118 1120 1121 1125 1129 1130 1131 1136 1137 1138 1142 1143 1149 1151 1154 1157 1159 1160 1162 1169 1176 1177 1179 1184 1185 1186 1188 1191 1193 1196 1197 1207 1218 1219 1234 1236 1239 1247 1248 1259 1262 1265 1267 1269 1272 1275 1277 1286 1287 1288 1290 1298 1299 1301 1303 1305 1307 1310 1313 1314 1318 1319 1321 1328 1330 1331 1332 1336 1344 1345 1348 1349 1352 1353 1354 1355 1360 1361 1363 1366 1369 1370 1371 1372 1378 1379 1380 1385 1387 1390 1391 1393 1400 1406 1415 1419 1420 1423 1432 1433 1434 1438 1445 1451 1458 1459 1465 1471 1476 1479 1480 1482 1483 1493 1500 1504 1505 1508 1512 1513 1514 1517 1518 1525 
470: 6 7 10 16 21 24 27 28 32 35 44 59 65 66 67 68 70 71 73 74 75 83 85 87 90 91 93 109 111 114 116 117 119 123 126 129 137 139 149 154 155 156 158 159 160 166 169 174 176 178 181 187 191 194 195 201 203 205 206 210 213 216 219 220 224 227 229 232 235 239 244 247 251 252 255 265 269 274 277 278 279 281 282 283 288 290 300 305 309 311 315 316 322 323 330 331 333 336 339 343 345 346 354 358 362 366 368 373 381 383 385 388 389 395 396 401 403 405 406 407 408 417 420 421 424 425 428 430 433 434 437 441 443 447 448 451 452 454 457 462 463 466 469 479 480 481 482 489 491 494 496 498 503 513 514 515 518 521 522 523 526 528 530 531 533 536 539 546 547 549 550 552 555 557 558 564 572 575 580 582 583 587 588 593 594 595 596 599 600 613 614 616 620 623 628 631 632 634 637 640 649 651 653 656 658 659 662 663 664 670 674 683 684 686 688 692 693 695 696 698 705 709 710 714 730 741 743 745 748 750 753 756 760 764 765 777 782 784 792 793 799 803 806 809 815 817 818 819 823 827 828 831 841 848 849 850 851 852 854 866 870 871 873 875 880 883 884 888 892 893 899 910 913 914 919 922 924 933 935 936 938 939 940 941 942 944 948 951 953 954 956 960 968 975 976 980 981 982 989 996 999 1000 1001 1003 1004 1010 1013 1014 1015 1022 1024 1025 1026 1029 1031 1032 1033 1044 1047 1051 1053 1054 1056 1057 1058 1059 1060 1061 1066 1068 1074 1075 1076 1079 1080 1082 1083 1084 1091 1093 1099 1100 1102 1106 1107 1109 1110 1115 1116 1122 1134 1141 1144 1147 1149 1150 1151 1153 1155 1165 1168 1174 1177 1180 1183 1187 1189 1191 1193 1195 1198 1199 1201 1202 1203 1204 1206 1211 1213 1219 1222 1223 1229 1234 1239 1240 1241 1242 1252 1253 1258 1262 1266 1267 1268 1269 1270 1271 1272 1275 1276 1277 1278 1281 1284 1285 1291 1299 1301 1302 1303 1304 1305 1321 1322 1323 1324 1327 1331 1335 1336 1338 1339 1340 1352 1362 1367 1378 1379 1380 1383 1386 1392 1395 1396 1397 1407 1409 1414 1422 1425 1435 1436 1437 1438 1448 1451 1452 1454 1455 1457 1458 1462 1465 1467 1471 1472 1477 1483 1485 1490 1491 1492 1494 1496 1512 1513 1514 1515 1516 
441: 1 2 3 11 14 28 35 39 40 41 47 48 57 61 62 65 66 70 71 73 75 76 77 79 82 83 91 92 100 101 104 106 107 108 110 117 118 121 126 127 128 143 150 151 155 156 158 160 163 165 171 173 175 179 192 193 194 195 196 200 205 207 209 211 213 215 229 231 232 239 240 241 242 246 249 255 257 260 261 269 270 278 281 284 287 289 292 293 294 295 299 300 302 303 315 316 326 329 331 335 336 341 342 347 351 354 359 361 363 364 370 374 377 378 390 403 404 410 412 420 421 422 424 430 436 440 443 447 448 449 456 457 460 461 463 466 471 477 483 485 492 498 499 501 502 503 509 511 515 519 524 528 545 550 554 559 563 565 566 574 575 576 580 585 587 589 593 602 605 606 607 608 615 617 624 633 637 641 642 647 648 650 655 656 659 661 662 664 665 666 667 669 670 672 673 682 691 697 704 705 706 708 711 713 716 721 724 727 728 735 739 742 743 744 748 752 769 770 774 778 787 794 795 796 798 800 801 802 809 813 818 819 824 826 828 833 839 846 847 848 850 852 854 857 858 859 864 866 869 872 875 876 877 881 884 889 898 902 904 907 909 915 917 919 922 926 928 930 934 939 944 949 951 953 955 963 974 975 976 982 984 992 995 996 998 999 1000 1010 1014 1019 1030 1035 1040 1045 1046 1049 1050 1054 1058 1061 1065 1074 1075 1077 1082 1084 1089 1092 1102 1108 1117 1119 1120 1122 1123 1124 1125 1126 1132 1142 1143 1144 1148 1149 1150 1151 1152 1156 1157 1160 1163 1167 1175 1178 1179 1181 1189 1196 1197 1200 1208 1212 1213 1217 1224 1225 1228 1229 1232 1233 1239 1241 1243 1246 1248 1249 1257 1258 1259 1260 1263 1266 1267 1273 1274 1275 1277 1278 1281 1288 1293 1297 1300 1307 1310 1311 1317 1318 1319 1320 1327 1332 1337 1338 1339 1342 1344 1350 1368 1369 1371 1377 1382 1384 1385 1389 1390 1391 1392 1393 1394 1397 1398 1399 1402 1404 1410 1411 1412 1424 1427 1431 1432 1435 1440 1444 1450 1451 1452 1457 1460 1465 1467 1470 1474 1477 1478 1480 1489 1492 1493 1495 1497 1501 1502 1503 1508 1513 1514 1515 1519 
462: 0 3 5 8 10 11 12 17 18 26 30 32 36 37 38 41 42 43 48 49 50 52 55 63 64 66 67 68 71 79 81 82 83 95 100 103 107 109 113 119 126 129 130 131 136 137 141 142 143 150 154 156 157 158 159 165 168 169 171 173 175 176 181 186 194 198 199 211 218 220 224 229 231 232 235 236 238 241 242 245 246 247 248 250 251 252 253 257 260 261 265 269 271 274 278 281 282 287 289 291 293 295 296 300 301 302 303 308 309 313 314 316 317 318 319 320 321 324 332 335 336 339 344 353 354 358 359 362 363 366 374 375 379 381 383 386 391 396 401 410 412 413 414 415 416 417 421 422 423 427 428 430 432 433 434 439 443 454 455 457 458 464 466 471 474 476 479 483 490 491 492 493 495 496 499 503 505 509 511 513 518 527 528 530 531 535 539 541 544 546 548 555 556 558 563 564 565 569 574 579 584 586 587 589 606 610 617 619 622 628 632 636 642 651 652 653 654 662 666 667 668 669 670 675 681 683 691 692 697 700 707 712 714 715 717 722 728 735 736 737 739 741 745 746 758 766 772 774 776 782 786 791 792 793 800 802 806 807 810 819 821 822 825 828 830 832 833 840 848 851 852 855 856 857 860 861 863 864 869 877 878 879 885 888 891 892 894 900 904 905 907 909 910 911 920 927 933 944 945 946 952 953 958 959 967 982 986 990 992 1001 1007 1009 1012 1016 1025 1028 1034 1035 1048 1050 1051 1055 1061 1062 1067 1070 1071 1073 1074 1076 1078 1081 1082 1087 1091 1112 1114 1115 1116 1119 1120 1121 1122 1131 1132 1134 1138 1143 1144 1147 1151 1155 1156 1158 1162 1166 1171 1175 1179 1182 1185 1188 1190 1192 1194 1197 1198 1199 1201 1204 1209 1211 1214 1215 1224 1226 1227 1230 1236 1238 1242 1245 1249 1250 1252 1253 1258 1262 1263 1266 1267 1269 1270 1271 1274 1276 1284 1286 1287 1288 1290 1293 1295 1299 1306 1313 1317 1320 1321 1322 1326 1327 1331 1342 1346 1347 1361 1368 1369 1370 1371 1374 1375 1376 1377 1379 1391 1392 1393 1396 1398 1400 1402 1406 1407 1411 1419 1434 1435 1439 1444 1447 1456 1461 1462 1464 1471 1473 1479 1480 1484 1485 1488 1491 1496 1502 1504 1507 1508 1513 1514 1518 
445: 1 3 12 13 14 20 22 25 33 42 45 53 56 58 61 62 64 69 70 71 78 81 83 85 89 90 92 93 94 99 100 115 123 128 132 133 137 139 140 143 144 145 150 151 155 160 165 170 173 177 178 179 185 189 190 192 193 194 195 196 200 202 204 211 212 224 226 228 230 231 234 238 239 240 243 247 248 249 259 266 267 269 272 276 278 281 283 285 293 295 297 306 309 310 319 320 321 323 327 330 335 343 345 347 349 351 356 361 363 365 369 371 373 374 375 381 382 383 388 393 394 395 400 401 408 410 411 413 418 419 423 424 427 433 434 435 446 448 450 454 456 457 459 460 469 472 473 475 476 477 484 489 491 496 502 509 511 512 527 530 538 541 543 544 546 547 550 552 556 559 571 578 583 596 597 598 599 603 610 613 618 620 621 622 632 634 635 637 649 650 653 660 664 666 667 673 675 676 679 681 685 689 693 695 696 697 706 707 708 709 714 719 720 723 731 733 736 738 743 745 757 761 766 771 779 784 789 791 793 804 805 810 812 814 816 821 826 829 831 834 836 837 838 846 847 848 852 854 855 862 866 867 871 884 888 893 896 902 904 907 909 912 915 917 919 924 927 928 929 935 938 940 943 950 953 956 957 960 966 967 969 973 977 982 991 996 1000 1003 1006 1007 1017 1018 1032 1040 1042 1043 1045 1050 1057 1061 1065 1070 1071 1072 1073 1079 1080 1081 1084 1087 1088 1089 1091 1094 1097 1101 1109 1110 1111 1117 1126 1130 1133 1136 1138 1140 1142 1144 1154 1157 1161 1170 1173 1174 1175 1176 1177 1178 1181 1184 1185 1190 1193 1196 1197 1198 1201 1203 1204 1209 1220 1222 1224 1226 1230 1232 1235 1238 1241 1243 1245 1247 1253 1254 1258 1263 1266 1271 1278 1281 1285 1287 1293 1301 1303 1316 1326 1328 1332 1338 1339 1349 1359 1362 1363 1367 1370 1372 1377 1379 1381 1385 1386 1387 1390 1393 1394 1395 1403 1405 1406 1409 1412 1414 1415 1417 1422 1424 1425 1427 1428 1434 1439 1440 1441 1442 1443 1444 1445 1447 1449 1454 1455 1457 1463 1467 1468 1472 1475 1477 1480 1486 1487 1488 1496 1501 1502 1503 1506 1507 1509 1511 1518 1520 1522 
478: 2 4 8 9 13 14 16 18 27 31 37 40 43 50 52 58 61 65 71 72 73 82 83 85 88 92 99 102 104 105 106 111 112 113 118 121 124 127 132 133 135 137 140 142 145 147 150 153 156 157 161 162 163 167 168 169 172 175 179 182 183 187 191 196 203 204 206 210 212 224 230 231 236 237 245 249 254 255 261 263 265 269 276 280 283 286 298 307 308 311 312 315 317 321 322 325 330 331 341 346 351 352 357 358 359 361 362 364 365 366 374 379 381 383 392 393 395 396 399 402 405 410 411 416 418 420 421 425 428 429 430 432 435 441 442 443 444 446 449 455 457 459 460 468 469 470 471 473 475 481 482 493 496 498 500 504 505 509 511 512 515 517 518 522 526 534 537 547 549 555 556 557 563 566 567 569 570 571 572 574 577 578 580 582 594 596 597 598 605 608 609 614 618 622 623 636 638 639 641 647 651 652 654 658 663 664 667 671 679 680 681 682 684 688 696 698 705 709 710 712 713 715 717 719 721 726 728 729 732 736 738 739 754 759 760 763 764 765 766 767 768 770 773 776 778 782 789 793 794 795 798 800 801 804 805 808 809 813 816 819 826 829 832 833 835 837 838 839 844 846 847 850 853 854 859 861 867 870 872 884 886 887 889 891 894 895 899 903 904 906 908 911 917 918 919 922 924 925 928 935 936 937 942 946 947 961 965 966 968 972 974 980 985 988 989 998 1001 1006 1007 1022 1024 1026 1028 1030 1031 1037 1039 1043 1048 1049 1051 1053 1060 1062 1063 1064 1066 1068 1069 1074 1077 1079 1081 1082 1088 1094 1101 1102 1103 1106 1108 1116 1120 1124 1127 1131 1133 1137 1139 1141 1144 1148 1149 1152 1158 1170 1175 1176 1178 1180 1182 1183 1188 1191 1195 1196 1197 1201 1203 1205 1207 1213 1214 1217 1219 1221 1223 1227 1229 1234 1236 1238 1244 1245 1254 1260 1263 1264 1270 1271 1274 1278 1279 1282 1287 1292 1293 1294 1295 1297 1298 1301 1302 1308 1309 1314 1315 1320 1323 1326 1327 1329 1334 1335 1339 1353 1357 1360 1362 1365 1374 1377 1379 1387 1389 1394 1399 1405 1406 1408 1415 1418 1421 1428 1429 1436 1437 1443 1446 1447 1448 1450 1451 1455 1456 1459 1460 1461 1463 1468 1469 1471 1473 1475 1480 1487 1490 1491 1498 1499 1502 1503 1507 1510 1511 1514 1520 1525 
425: 0 1 4 21 25 29 42 43 44 47 48 51 53 62 64 71 80 84 85 90 91 94 97 103 110 122 125 127 132 135 140 154 157 158 159 166 179 188 189 195 197 199 200 201 206 207 212 214 216 219 222 223 225 226 228 231 232 236 241 242 243 246 249 251 252 255 257 260 269 270 278 282 288 289 290 297 298 300 304 308 310 313 321 324 326 327 330 334 348 354 357 358 360 361 362 363 369 371 373 378 380 381 383 387 393 398 404 405 414 419 420 426 427 430 431 435 439 440 442 446 448 449 453 454 456 459 461 463 467 471 474 475 476 485 490 491 502 503 504 506 516 520 528 529 530 531 533 537 541 546 547 548 551 555 557 559 564 565 566 570 575 576 577 578 586 589 590 591 594 595 598 600 603 604 609 610 615 624 626 630 631 635 639 641 643 645 646 649 651 655 659 661 663 664 666 669 670 679 680 693 694 698 701 707 711 715 716 722 729 733 739 741 744 746 747 750 752 755 756 757 760 764 766 767 769 775 776 777 778 785 788 789 792 795 804 806 807 809 810 811 816 819 820 822 832 833 834 835 839 840 846 847 848 852 858 874 879 882 888 893 894 896 897 899 900 901 902 907 916 918 920 927 932 933 935 938 941 942 949 957 964 967 968 969 976 984 987 988 990 994 999 1007 1009 1016 1018 1021 1022 1025 1031 1033 1036 1042 1047 1052 1053 1056 1058 1059 1061 1067 1076 1078 1083 1086 1088 1089 1100 1101 1105 1106 1116 1123 1129 1137 1142 1143 1147 1154 1157 1158 1159 1160 1170 1171 1174 1178 1186 1192 1193 1199 1202 1203 1205 1206 1210 1212 1221 1231 1233 1235 1244 1245 1246 1251 1252 1254 1263 1266 1274 1278 1280 1281 1283 1284 1294 1295 1296 1302 1303 1313 1317 1323 1329 1332 1333 1340 1345 1346 1347 1351 1352 1353 1354 1355 1356 1357 1361 1362 1363 1365 1368 1370 1374 1375 1376 1377 1393 1396 1397 1400 1401 1412 1419 1421 1433 1434 1438 1445 1458 1463 1465 1470 1472 1475 1479 1487 1488 1492 1494 1500 1503 1513 1517 1519 1526 
463: 2 4 7 10 11 21 23 25 26 27 30 38 40 41 46 47 53 56 60 62 64 67 69 71 72 75 76 77 79 80 85 88 91 92 94 96 98 99 101 102 108 109 113 114 119 120 121 124 132 134 135 140 146 153 157 160 162 167 170 173 174 177 184 188 189 190 192 195 203 206 207 208 211 212 213 214 216 223 227 228 238 240 241 243 246 251 255 260 264 267 268 271 279 285 287 293 298 302 306 309 314 323 334 338 342 344 346 349 350 351 352 355 356 357 358 363 368 370 371 373 375 377 379 381 384 386 388 392 395 401 412 413 419 420 426 427 429 430 432 433 441 445 453 458 460 469 476 479 481 483 484 485 486 487 488 490 493 498 508 521 522 524 525 526 534 535 542 544 545 546 548 549 551 553 558 561 563 568 571 573 577 579 586 593 596 597 598 601 606 611 614 619 623 625 630 637 639 641 645 646 648 651 654 660 661 666 671 682 686 687 688 689 702 706 707 708 709 712 716 718 719 720 722 724 735 737 743 744 745 748 749 752 754 759 764 767 769 770 771 772 773 776 777 778 781 783 784 785 787 788 793 804 805 806 807 817 819 820 823 825 826 827 830 831 833 839 843 844 846 847 852 855 856 857 860 867 871 873 874 877 880 881 889 891 893 897 899 900 902 904 909 912 921 932 935 937 939 945 948 951 953 956 960 968 974 977 981 990 999 1002 1009 1010 1014 1019 1023 1027 1037 1042 1045 1064 1069 1070 1074 1077 1080 1083 1085 1087 1088 1089 1093 1097 1112 1115 1120 1126 1135 1140 1147 1162 1163 1164 1171 1172 1173 1174 1175 1177 1179 1181 1182 1186 1189 1190 1191 1204 1207 1209 1211 1215 1218 1219 1220 1221 1223 1224 1225 1228 1230 1232 1234 1236 1237 1244 1245 1247 1250 1251 1252 1257 1259 1261 1262 1267 1269 1274 1275 1282 1290 1294 1301 1305 1308 1312 1315 1316 1317 1320 1321 1322 1326 1329 1331 1335 1338 1347 1351 1353 1355 1356 1358 1359 1365 1372 1376 1377 1380 1387 1389 1390 1391 1393 1394 1400 1403 1404 1407 1413 1417 1424 1432 1436 1439 1440 1442 1443 1446 1447 1451 1453 1460 1461 1464 1465 1466 1467 1470 1475 1477 1484 1485 1490 1505 1506 1509 1512 1513 1514 1515 1520 1521 1522 1526 
432: 1 2 4 7 9 14 17 20 21 23 24 25 26 30 35 36 37 42 47 51 54 58 62 70 74 81 84 86 88 93 96 102 112 119 121 122 127 132 133 156 161 162 168 175 177 178 180 188 197 198 200 202 203 205 206 211 212 219 220 224 227 228 237 239 247 250 253 255 262 268 270 271 272 273 275 276 277 278 281 289 291 292 294 295 296 297 299 301 314 315 318 323 327 329 334 337 339 342 346 351 353 362 369 371 375 376 377 378 380 386 387 389 391 394 396 398 399 400 403 404 405 407 411 414 416 417 420 421 422 424 427 428 430 435 436 439 444 447 450 452 463 466 468 473 475 477 478 484 488 489 495 500 502 503 507 512 513 514 520 524 525 526 528 532 543 546 553 556 557 564 569 570 571 574 576 578 585 589 594 595 603 607 609 611 615 616 621 623 624 625 633 640 642 643 644 645 652 662 670 672 674 676 678 679 680 681 683 685 686 692 703 705 708 710 725 726 728 732 744 747 749 756 761 764 766 768 776 777 783 788 793 799 805 812 818 823 830 833 835 836 837 839 840 841 852 861 863 864 871 872 873 878 879 881 886 892 893 894 899 905 910 916 926 930 934 936 945 947 948 953 954 960 962 965 966 994 996 999 1009 1016 1019 1023 1038 1039 1045 1051 1054 1058 1059 1068 1073 1077 1084 1085 1088 1095 1097 1100 1102 1106 1110 1136 1142 1145 1150 1152 1153 1163 1170 1175 1182 1186 1198 1200 1202 1203 1204 1206 1210 1213 1214 1215 1218 1220 1221 1223 1224 1227 1228 1230 1235 1239 1243 1245 1246 1248 1253 1254 1259 1267 1269 1270 1271 1274 1276 1279 1284 1294 1296 1297 1300 1305 1306 1307 1308 1313 1317 1319 1320 1323 1328 1329 1332 1339 1344 1345 1349 1350 1351 1353 1357 1359 1362 1363 1364 1371 1374 1375 1378 1380 1384 1387 1390 1393 1394 1396 1398 1399 1401 1406 1407 1408 1410 1414 1417 1418 1419 1420 1422 1425 1426 1428 1429 1430 1434 1435 1437 1441 1444 1446 1447 1449 1457 1458 1460 1465 1468 1475 1479 1484 1485 1487 1496 1498 1504 1505 1511 1513 1516 1518 1521 1524 
481: 0 3 8 9 13 16 33 35 37 39 42 46 47 50 51 53 62 64 68 70 72 77 79 82 83 84 89 96 99 103 110 112 117 125 126 131 135 137 139 141 142 150 152 153 155 156 164 168 169 171 175 179 180 181 184 189 190 191 192 193 196 197 198 204 206 207 209 210 217 223 225 228 230 235 236 238 241 246 247 248 250 253 254 255 256 257 258 261 267 274 277 278 290 294 302 303 306 307 309 310 315 316 318 321 323 324 326 327 328 333 336 338 339 342 346 350 351 352 354 355 356 357 361 362 369 371 376 377 380 384 389 391 393 394 400 405 407 410 416 418 419 421 422 424 426 430 431 432 439 443 445 448 450 456 459 460 463 467 478 481 484 490 494 497 501 503 507 508 509 510 512 513 517 519 522 529 538 542 543 544 546 549 555 557 560 561 575 576 577 579 581 583 584 585 586 588 590 591 592 600 602 605 620 623 627 633 636 637 639 640 647 649 650 654 656 657 658 664 666 670 671 672 673 681 689 698 699 700 710 714 716 717 718 721 725 732 734 735 737 746 748 752 753 755 756 758 761 772 777 779 787 789 790 792 796 797 798 799 805 806 807 808 809 820 821 822 826 834 836 849 853 854 858 859 861 865 866 867 873 886 890 891 897 899 900 903 907 909 910 911 914 915 918 922 924 925 930 935 940 942 943 953 964 968 969 974 976 977 979 983 988 992 996 998 1006 1008 1009 1013 1014 1017 1021 1023 1025 1027 1028 1030 1031 1033 1038 1041 1042 1043 1045 1046 1055 1057 1061 1068 1071 1074 1080 1082 1085 1093 1096 1105 1106 1112 1113 1114 1115 1120 1128 1131 1138 1139 1142 1161 1166 1170 1171 1173 1180 1182 1185 1190 1193 1195 1196 1200 1201 1207 1208 1210 1212 1216 1217 1218 1219 1222 1223 1225 1226 1227 1229 1231 1234 1236 1237 1240 1247 1249 1257 1258 1259 1260 1262 1263 1265 1269 1270 1272 1274 1275 1281 1296 1298 1303 1306 1307 1309 1310 1311 1312 1325 1326 1327 1333 1336 1337 1339 1340 1342 1343 1344 1345 1348 1350 1354 1356 1357 1359 1363 1364 1368 1376 1379 1385 1388 1393 1396 1400 1405 1406 1407 1414 1416 1419 1420 1424 1425 1427 1431 1433 1438 1441 1442 1446 1448 1450 1458 1459 1460 1462 1466 1472 1475 1482 1484 1487 1491 1493 1494 1504 1505 1509 1511 1512 1515 1522 1525 
457: 2 5 7 12 22 29 32 33 36 37 44 47 55 59 67 68 69 70 73 74 77 80 81 83 87 92 97 103 104 106 113 115 116 122 126 133 134 137 146 151 156 157 162 166 171 188 189 191 194 199 202 203 205 206 208 210 214 215 219 220 224 227 231 232 233 235 237 242 243 248 251 255 259 260 262 268 273 274 276 278 279 280 282 284 288 292 294 297 300 302 306 309 310 316 320 325 327 330 343 344 349 352 355 360 361 363 364 369 372 373 377 379 383 387 389 390 399 401 402 403 406 407 410 420 422 423 425 428 433 435 436 441 445 446 451 452 473 476 482 484 491 500 501 502 505 507 510 513 514 516 517 527 529 536 537 538 545 548 552 555 559 560 566 570 572 573 580 582 585 587 592 593 595 597 605 611 613 615 617 621 623 624 628 631 634 637 639 640 644 648 653 656 657 663 669 670 674 681 683 684 685 689 695 697 698 703 704 705 706 714 715 719 733 734 738 740 742 745 747 749 752 755 757 758 760 762 763 764 765 768 769 772 773 775 777 781 784 786 790 791 796 798 804 806 814 815 820 822 823 825 830 833 835 836 839 846 848 862 863 867 870 873 877 879 886 898 899 905 906 910 911 912 914 918 920 921 927 934 936 939 949 952 953 956 957 960 966 967 975 979 981 982 987 989 995 996 997 1004 1009 1011 1012 1013 1014 1019 1023 1027 1029 1031 1033 1046 1048 1049 1050 1053 1054 1056 1060 1069 1072 1078 1079 1080 1083 1087 1088 1094 1095 1097 1098 1101 1105 1115 1117 1124 1130 1131 1132 1139 1141 1143 1146 1147 1148 1153 1156 1157 1158 1159 1160 1162 1165 1172 1176 1178 1180 1184 1185 1193 1194 1195 1197 1199 1201 1202 1205 1208 1209 1213 1218 1219 1221 1228 1231 1233 1235 1239 1251 1254 1255 1268 1270 1278 1283 1292 1293 1294 1301 1302 1305 1311 1312 1313 1315 1318 1324 1326 1328 1332 1333 1342 1346 1347 1352 1353 1354 1358 1360 1361 1370 1372 1385 1386 1387 1388 1390 1393 1399 1402 1403 1413 1414 1423 1424 1425 1426 1429 1432 1435 1441 1447 1448 1453 1454 1455 1459 1466 1467 1469 1470 1471 1472 1478 1483 1487 1488 1489 1490 1494 1496 1499 1503 1511 1515 1517 1519 1525 1526 
474: 10 11 13 15 18 19 20 39 44 47 53 54 61 66 69 72 73 75 76 77 81 82 85 88 89 92 97 99 106 109 113 119 120 129 130 134 138 147 148 149 153 155 157 161 162 163 165 168 172 174 176 178 183 186 188 189 196 198 200 203 204 205 207 210 213 214 215 226 229 230 232 234 237 242 243 245 248 253 260 262 267 269 270 273 275 277 284 289 293 306 309 312 318 333 336 341 345 348 355 357 358 361 363 368 370 376 378 379 381 382 395 398 399 402 415 417 424 433 434 437 439 443 445 450 451 457 467 475 476 479 483 486 487 492 493 494 495 496 512 513 521 524 527 532 536 537 538 542 544 546 553 554 558 559 562 564 566 569 570 578 580 594 596 600 604 605 610 618 619 621 622 623 630 631 632 645 648 653 656 658 660 661 668 669 672 673 674 675 677 679 683 692 693 694 696 697 698 705 708 710 715 716 721 722 723 731 732 733 736 740 744 745 747 750 751 758 763 764 770 773 774 776 779 780 785 789 794 799 805 811 817 821 823 826 827 830 834 838 844 846 847 848 851 855 856 859 860 865 867 868 869 873 876 878 888 891 896 900 905 906 909 913 916 928 929 930 934 936 940 943 947 949 950 952 958 960 961 962 966 969 970 971 973 974 976 977 978 980 981 985 987 989 990 993 995 997 998 1000 1003 1005 1006 1010 1016 1018 1023 1024 1025 1029 1033 1034 1037 1041 1042 1047 1049 1050 1052 1058 1059 1063 1066 1079 1081 1086 1090 1092 1093 1094 1095 1096 1098 1103 1107 1111 1113 1114 1117 1119 1126 1129 1130 1134 1139 1142 1144 1146 1148 1150 1152 1157 1158 1159 1164 1167 1169 1170 1171 1182 1184 1185 1190 1194 1195 1196 1197 1200 1206 1219 1222 1229 1230 1231 1235 1237 1238 1239 1240 1242 1246 1249 1250 1251 1255 1256 1258 1261 1266 1268 1271 1272 1279 1283 1285 1288 1289 1292 1297 1304 1305 1306 1312 1320 1324 1325 1327 1329 1330 1337 1339 1340 1341 1350 1352 1354 1355 1357 1359 1363 1365 1367 1372 1374 1376 1379 1382 1384 1388 1391 1392 1393 1398 1400 1405 1406 1414 1417 1420 1422 1426 1428 1430 1431 1434 1437 1441 1442 1444 1454 1455 1459 1461 1463 1466 1468 1470 1473 1474 1475 1476 1487 1489 1490 1492 1497 1498 1500 1501 1505 1513 1515 1517 1522 1524 1526 
481: 2 4 5 6 14 30 33 36 38 40 41 48 49 52 60 62 68 71 75 78 83 85 87 90 92 102 103 104 108 113 119 124 125 126 129 130 131 132 133 135 138 142 144 145 146 149 152 153 155 157 161 163 166 169 171 175 178 182 186 187 188 193 196 197 198 200 201 203 208 211 217 218 222 223 224 228 233 236 245 255 263 274 281 282 286 287 303 305 306 309 312 313 314 316 317 318 320 336 337 346 350 351 352 355 357 359 368 370 371 374 378 379 380 381 384 385 388 390 391 394 397 398 403 408 410 412 415 420 426 427 428 434 436 437 440 444 445 449 453 454 458 461 464 466 468 478 479 482 486 492 494 496 498 500 504 512 516 519 535 536 537 539 540 544 545 564 567 569 574 577 580 582 588 589 592 594 595 598 599 607 609 612 615 616 617 623 626 629 631 634 636 640 646 648 649 650 655 657 660 663 665 666 667 670 672 674 675 680 681 685 686 687 689 692 694 697 699 702 706 707 709 711 714 717 718 720 724 734 746 747 754 758 759 761 762 770 772 775 779 781 782 785 786 787 788 794 800 801 803 806 810 811 815 819 821 824 825 828 831 834 844 850 855 859 861 862 868 871 872 875 876 877 878 881 882 883 890 898 900 901 903 906 908 910 912 915 916 918 920 921 922 931 935 936 937 938 943 945 947 952 961 963 964 968 970 973 978 981 982 983 985 986 990 993 996 997 1000 1002 1005 1008 1018 1021 1023 1027 1028 1033 1036 1037 1044 1055 1056 1057 1058 1063 1066 1067 1068 1072 1073 1077 1080 1081 1082 1085 1087 1092 1094 1095 1098 1104 1105 1106 1107 1109 1110 1112 1114 1118 1119 1120 1121 1122 1124 1133 1136 1139 1140 1145 1149 1150 1154 1155 1156 1157 1161 1164 1169 1171 1172 1174 1177 1184 1190 1193 1194 1195 1197 1200 1213 1215 1217 1219 1220 1229 1230 1234 1236 1238 1239 1240 1245 1246 1248 1253 1258 1259 1261 1266 1268 1273 1275 1288 1289 1292 1294 1295 1296 1298 1304 1305 1306 1316 1318 1322 1328 1329 1330 1332 1338 1343 1344 1346 1348 1349 1352 1353 1355 1356 1358 1359 1364 1368 1369 1376 1379 1386 1388 1392 1395 1397 1402 1404 1405 1406 1410 1422 1423 1428 1439 1445 1451 1457 1467 1477 1479 1481 1485 1486 1487 1489 1490 1507 1509 1511 1512 1513 1517 1519 1522 1525 1526 
415: 4 6 9 12 13 19 20 21 23 40 42 46 47 53 61 67 83 84 87 90 92 94 107 108 110 121 123 127 129 133 140 145 151 156 162 164 165 170 177 179 182 183 188 189 191 193 197 208 211 212 213 214 218 220 222 234 236 245 249 250 252 259 260 268 272 275 276 277 278 291 292 293 295 307 311 312 313 314 318 321 324 325 341 353 354 360 373 375 377 379 381 390 393 394 395 396 403 409 410 414 421 424 432 433 434 445 448 449 450 451 452 453 454 457 462 467 474 476 479 482 494 496 504 505 506 510 511 512 514 515 516 521 522 526 530 531 542 543 544 546 551 552 553 557 558 559 565 571 583 585 591 597 598 599 602 603 606 607 610 612 614 621 626 632 633 642 644 645 647 653 655 667 674 676 677 679 681 684 686 688 691 694 696 698 705 707 711 717 719 720 722 726 730 732 734 735 748 750 757 759 764 779 780 781 782 787 788 795 800 801 806 807 808 810 811 815 819 822 825 828 845 848 852 853 858 859 861 866 868 869 874 878 880 887 890 892 897 900 902 905 911 918 922 923 931 935 937 940 943 944 949 950 954 958 960 962 965 969 974 979 982 984 985 989 993 994 995 999 1002 1004 1005 1009 1010 1015 1022 1029 1030 1031 1035 1040 1043 1053 1056 1061 1064 1071 1072 1077 1080 1094 1096 1097 1098 1101 1105 1106 1116 1118 1121 1122 1146 1150 1152 1153 1156 1157 1160 1163 1164 1167 1168 1169 1171 1172 1173 1180 1183 1184 1185 1186 1188 1191 1196 1197 1198 1199 1205 1206 1208 1209 1211 1212 1213 1214 1215 1225 1227 1234 1236 1237 1239 1240 1243 1247 1250 1259 1264 1265 1268 1270 1271 1284 1286 1288 1289 1290 1291 1293 1299 1305 1306 1308 1310 1318 1320 1321 1322 1323 1325 1331 1338 1341 1344 1345 1352 1357 1364 1366 1373 1381 1383 1386 1387 1389 1393 1394 1397 1398 1403 1404 1407 1412 1418 1419 1425 1428 1429 1431 1433 1444 1448 1456 1464 1465 1471 1476 1481 1494 1496 1497 1500 1505 1514 1515 1517 
473: 3 5 10 12 15 17 18 22 24 29 33 34 35 36 38 39 40 41 46 47 49 52 54 56 64 67 68 71 72 74 78 80 82 83 86 87 91 92 95 96 116 126 127 132 133 135 137 138 144 147 155 156 163 175 180 182 184 185 187 188 190 192 193 195 198 208 209 212 219 224 231 232 234 239 241 242 244 245 250 255 257 258 261 266 268 269 272 274 278 285 286 287 288 293 296 300 301 303 306 312 318 323 325 330 335 337 340 343 344 346 348 358 364 366 367 368 369 374 376 380 382 384 389 392 394 405 407 408 409 413 415 420 424 427 433 437 438 440 441 444 447 452 455 460 461 469 483 489 490 491 503 505 506 508 509 511 513 514 519 526 527 529 531 533 536 538 541 543 544 551 554 557 560 572 576 578 580 590 593 595 596 599 605 609 613 614 618 620 621 622 625 626 632 634 636 637 639 641 646 655 658 660 662 670 672 674 680 682 683 688 691 695 696 698 700 703 708 709 714 719 728 730 738 739 746 747 750 757 762 768 770 777 783 785 786 807 808 809 814 817 818 820 822 824 825 826 827 834 837 838 840 841 842 843 845 846 849 851 857 862 864 865 867 870 872 874 875 878 880 885 887 890 892 897 899 904 906 915 917 918 927 936 941 947 949 952 958 962 964 967 968 970 974 975 977 979 984 988 993 996 999 1000 1004 1010 1019 1022 1025 1028 1032 1036 1038 1040 1042 1044 1045 1047 1048 1056 1057 1064 1065 1066 1071 1076 1077 1078 1082 1086 1088 1092 1099 1104 1105 1106 1109 1110 1112 1114 1122 1123 1124 1125 1128 1132 1133 1135 1137 1139 1144 1145 1146 1149 1150 1151 1152 1153 1160 1161 1164 1165 1167 1169 1176 1180 1182 1186 1189 1190 1191 1200 1202 1206 1207 1208 1210 1211 1214 1215 1230 1231 1232 1233 1234 1235 1236 1237 1242 1247 1252 1253 1260 1261 1262 1263 1264 1266 1269 1271 1274 1278 1280 1282 1286 1294 1295 1298 1299 1301 1303 1305 1306 1307 1313 1316 1320 1323 1324 1331 1334 1338 1342 1343 1344 1347 1350 1355 1359 1361 1373 1377 1380 1382 1383 1387 1396 1400 1404 1405 1407 1410 1411 1419 1421 1425 1426 1428 1429 1434 1437 1438 1441 1448 1449 1452 1457 1459 1461 1467 1468 1469 1472 1475 1480 1481 1482 1485 1494 1495 1508 1510 1512 1521 1526 
447: 1 8 14 16 18 20 21 29 33 34 35 36 38 41 47 50 54 57 60 61 64 65 73 74 77 81 85 93 95 98 101 104 111 113 115 119 122 127 131 137 139 140 145 147 152 153 158 164 167 171 179 182 183 191 192 194 196 201 202 203 206 210 211 221 226 227 234 241 251 255 256 261 263 265 267 270 272 276 279 296 297 299 301 304 305 306 309 313 314 319 321 327 334 337 338 339 346 349 352 353 358 360 362 364 366 369 375 377 379 380 384 388 390 395 400 407 408 410 411 413 414 415 418 420 426 428 432 434 439 440 444 445 447 448 451 452 457 458 463 465 469 484 485 486 489 491 500 504 505 509 515 517 519 520 522 524 527 531 534 535 536 539 542 543 548 549 551 554 557 558 559 567 570 571 573 574 576 579 588 589 591 595 601 602 605 608 609 611 616 618 621 622 624 631 633 637 638 639 648 649 659 662 663 664 666 667 673 677 680 683 685 686 691 692 699 702 714 716 718 721 724 727 734 738 744 746 747 751 752 753 755 761 765 768 771 774 778 787 789 791 792 794 797 805 806 808 809 815 816 819 820 823 830 831 832 834 849 850 852 855 858 859 861 862 863 867 870 872 873 880 883 890 896 898 902 907 911 912 920 923 928 930 933 935 941 943 945 946 947 951 962 964 965 967 973 975 977 984 987 999 1002 1004 1010 1012 1017 1018 1021 1025 1026 1027 1045 1048 1052 1055 1056 1057 1063 1080 1084 1085 1089 1098 1102 1110 1124 1125 1129 1130 1141 1142 1145 1147 1153 1154 1158 1169 1172 1173 1175 1183 1197 1198 1201 1205 1206 1207 1213 1216 1217 1223 1225 1230 1231 1245 1246 1248 1253 1257 1260 1262 1266 1271 1273 1274 1277 1281 1282 1285 1289 1292 1294 1295 1296 1308 1310 1315 1319 1321 1322 1323 1325 1339 1341 1346 1347 1354 1361 1365 1369 1370 1371 1372 1376 1377 1378 1380 1382 1383 1384 1385 1396 1397 1399 1400 1401 1402 1404 1410 1412 1415 1416 1422 1426 1427 1429 1433 1434 1437 1438 1439 1443 1452 1453 1456 1459 1471 1479 1483 1485 1490 1492 1493 1495 1499 1505 1506 1507 1508 1509 1510 1515 1516 1517 1519 1523 1524 1525 
Days = 28
Shift constraints
8 24
8 20
4 24
0 28
4 24
4 5
true
true
Forbidden sequences = 2
3 1 
2 3 

