# Randomly generated data for the integrated task scheduling and personnel rostering problem, skilling=0,300 and tightness=0,600 seed=60480
Tasks = 1394
660 715 4
661 747 6
378 511 20
380 431 25
787 875 6
781 888 16
780 826 18
664 706 15
782 908 9
587 655 14
726 780 13
782 889 12
410 475 24
814 945 27
689 810 12
894 970 20
665 713 19
405 511 8
789 883 8
375 478 12
466 517 6
665 771 18
705 788 14
781 896 16
680 778 24
397 509 26
377 462 4
781 830 14
672 747 1
532 632 0
873 953 27
933 984 21
677 724 15
661 763 0
376 501 19
693 743 2
383 475 21
663 789 19
675 736 20
662 712 14
794 906 26
794 918 23
781 896 23
891 991 1
420 471 7
663 763 7
668 754 6
786 858 0
660 734 4
780 871 22
780 853 7
715 811 4
833 958 14
795 917 20
782 857 18
788 868 24
660 779 20
797 907 24
995 1062 13
899 975 26
431 475 25
396 486 11
803 863 23
849 916 25
492 546 11
781 846 23
781 842 13
839 881 12
733 811 2
660 751 0
861 966 18
683 819 5
378 455 9
748 827 6
782 842 4
699 791 3
663 790 15
935 1038 24
797 847 20
867 940 4
434 559 23
381 417 14
684 803 9
385 458 7
780 806 12
683 758 24
834 926 1
853 950 7
661 732 25
402 503 12
384 430 26
665 771 17
679 740 13
549 629 27
612 675 13
780 883 22
675 769 0
857 933 5
783 838 7
791 886 6
677 719 24
490 580 15
673 727 18
685 777 9
959 1002 4
663 727 19
780 840 16
404 471 1
734 796 4
688 783 12
789 890 16
796 891 17
782 873 2
476 541 25
964 1010 2
678 775 3
415 470 6
377 426 26
740 786 15
694 746 27
863 942 27
785 918 3
783 885 6
770 867 25
528 645 3
804 906 10
378 477 7
883 969 22
793 894 10
778 904 0
687 757 11
740 792 16
951 1065 7
754 823 0
727 863 14
663 756 13
479 526 12
716 752 19
781 831 27
377 422 15
887 945 6
720 847 14
706 797 7
682 749 6
685 782 15
794 871 18
678 760 18
477 611 7
376 470 14
714 853 26
517 657 20
979 1076 18
827 953 18
765 832 19
867 959 0
686 790 9
882 980 2
375 494 7
660 755 16
826 922 15
378 490 9
377 480 18
660 723 11
434 490 10
661 749 7
780 860 8
666 744 1
384 477 0
852 927 2
966 1059 0
905 980 6
663 760 13
969 1034 22
761 829 13
828 931 6
661 718 3
676 767 1
413 486 13
788 913 1
396 497 27
507 554 7
378 518 21
467 548 12
995 1104 18
668 733 26
663 727 21
391 469 26
404 471 5
866 987 18
1033 1119 26
660 761 25
780 864 20
524 620 10
722 812 14
760 790 2
724 802 8
601 645 8
782 840 21
1065 1158 7
375 461 12
842 953 21
675 777 23
792 845 19
831 942 11
896 932 2
667 745 27
907 977 0
544 641 23
678 732 4
852 925 10
396 455 8
526 585 19
487 531 4
401 481 17
404 492 8
593 678 10
906 979 23
699 732 10
845 918 16
430 515 26
792 903 19
781 857 15
475 598 12
542 615 25
780 883 23
786 872 4
894 967 8
684 774 10
761 838 19
511 588 13
673 748 20
478 605 8
407 449 8
736 813 5
671 732 24
796 880 17
701 804 8
603 715 16
789 890 25
672 731 5
913 1015 24
810 901 17
960 1041 21
687 795 8
398 456 3
612 648 12
790 893 3
819 907 22
877 951 25
819 876 17
461 559 12
695 783 22
737 784 25
692 773 2
839 933 6
749 799 6
783 822 14
568 678 8
772 840 1
878 956 4
471 580 18
873 991 2
810 920 24
927 1028 16
429 462 5
667 760 9
584 646 12
798 841 4
907 1020 19
715 774 18
528 600 21
780 869 10
699 771 21
515 626 26
954 1022 18
864 942 8
1052 1128 20
761 907 9
854 928 16
934 1018 23
736 825 21
532 628 21
839 906 7
859 927 10
504 592 9
614 682 11
792 844 8
728 850 15
680 754 2
806 899 27
832 953 21
932 990 19
441 527 7
769 830 26
796 881 19
898 962 17
667 758 15
556 668 7
1158 1239 7
846 964 26
777 871 3
780 876 18
812 933 8
375 438 11
723 827 3
433 509 26
394 505 1
667 772 9
909 979 9
759 829 27
481 588 21
375 413 27
1043 1136 21
896 958 16
666 765 2
671 708 11
784 895 25
920 974 7
951 1062 4
602 695 9
900 966 10
981 1067 7
671 768 0
382 499 14
1010 1053 25
1055 1135 24
795 889 22
778 861 25
377 483 7
672 762 3
602 682 1
793 856 25
378 494 0
461 548 9
934 1005 10
791 832 9
491 592 27
1023 1097 23
785 903 12
683 784 13
391 481 11
553 635 9
1127 1164 1
595 701 15
621 707 7
476 554 1
781 840 23
896 985 16
862 954 23
869 956 20
669 747 0
972 997 10
724 778 24
680 823 10
750 822 14
812 927 12
1016 1093 24
665 768 8
891 940 19
1034 1146 22
465 566 7
835 868 13
786 843 2
784 898 16
740 822 10
781 880 25
440 480 11
881 946 6
744 800 11
863 988 15
1146 1189 22
844 930 6
783 855 15
478 561 0
776 880 0
927 971 16
662 730 26
1010 1108 17
429 538 24
781 874 5
1038 1142 10
993 1063 0
751 822 27
526 596 8
951 1019 8
975 1058 10
719 815 16
741 796 15
566 646 0
485 616 7
985 1046 8
379 420 10
792 859 24
787 849 21
541 642 26
794 854 7
1007 1088 6
859 1008 20
799 850 4
549 679 4
956 1039 21
748 848 1
413 495 27
769 831 27
751 835 7
939 989 17
780 892 15
375 459 1
388 491 22
922 982 18
836 929 0
781 893 18
485 525 26
809 880 10
790 919 9
965 1035 26
691 778 0
791 841 21
893 977 17
840 910 10
550 686 17
795 883 23
808 877 0
623 682 7
383 456 15
796 865 15
857 976 18
770 851 6
742 822 22
790 842 13
670 763 23
861 925 24
495 571 0
387 451 8
755 827 16
910 995 1
724 803 20
1096 1166 24
833 941 10
744 883 19
467 559 5
799 868 23
863 952 23
462 549 15
1023 1086 18
666 731 18
801 895 12
781 869 5
781 853 14
883 920 0
742 868 13
780 860 3
849 960 21
918 961 3
780 869 20
891 978 23
769 851 20
1169 1225 24
384 423 25
776 863 8
674 769 0
646 774 26
988 1115 16
567 594 24
597 701 14
683 817 27
907 970 10
973 1051 4
835 917 6
896 1004 20
944 1020 11
385 439 17
545 603 27
662 741 13
1085 1125 0
909 998 9
650 750 12
958 1069 10
1078 1143 10
401 517 12
1084 1139 21
933 971 27
876 952 5
405 483 7
922 995 6
985 1020 9
460 538 1
917 982 20
766 809 2
964 1024 2
1086 1173 18
913 962 1
528 614 12
949 1028 6
388 464 1
833 891 27
968 1033 5
383 454 3
601 670 24
408 492 26
729 843 12
545 611 8
896 983 13
392 483 6
821 962 22
980 1027 17
841 902 4
782 836 4
912 968 4
438 570 11
1020 1122 10
996 1093 25
1010 1101 16
922 1060 3
868 939 13
834 919 6
931 1001 10
1003 1049 9
708 791 7
410 461 19
735 813 24
408 503 2
851 909 4
909 1006 5
783 858 24
660 794 11
937 1025 21
708 775 7
829 942 16
618 697 25
897 985 23
838 948 19
604 720 21
871 1011 5
769 878 0
841 922 7
570 654 11
1029 1114 16
782 850 14
787 901 12
481 617 6
944 1011 16
776 842 26
416 490 27
925 1021 24
855 987 1
894 995 18
878 958 8
538 636 1
848 941 2
807 952 27
1070 1160 7
835 904 27
634 707 26
697 798 25
953 1018 2
1031 1097 19
787 858 13
868 1001 8
1151 1237 10
529 605 7
951 1018 19
840 892 13
906 967 2
1008 1102 15
1060 1169 0
896 974 14
882 991 17
889 963 18
832 935 27
445 485 6
433 489 0
379 425 2
1100 1145 27
954 1056 23
814 922 11
825 889 4
884 956 5
552 622 14
1043 1109 21
636 723 1
1099 1173 23
967 1040 6
797 844 15
1037 1132 1
382 492 16
1002 1069 17
958 1030 23
1021 1088 24
627 678 8
942 1056 8
668 739 3
756 831 5
783 867 22
596 686 0
397 497 14
1039 1116 5
811 865 2
668 733 17
462 510 25
496 582 27
503 605 19
540 652 17
970 1023 27
1055 1124 18
1055 1152 15
913 1027 12
1159 1202 10
716 789 8
916 984 27
892 949 18
388 461 14
815 887 8
924 1041 23
647 731 0
724 814 11
969 1086 18
630 676 19
700 790 5
1064 1180 4
993 1090 23
563 633 14
456 571 3
788 883 5
1025 1124 18
1119 1237 5
775 853 2
838 931 14
735 816 23
1032 1102 16
794 893 8
948 1016 2
1161 1238 7
661 742 22
849 907 5
1074 1140 21
905 942 9
706 757 3
759 847 25
1144 1239 21
422 506 26
827 898 0
492 580 16
672 748 7
850 919 27
942 1024 9
782 894 15
905 1007 12
980 1081 6
728 798 19
955 1033 19
638 715 21
772 877 4
757 831 17
969 1075 4
910 1054 5
807 878 11
1051 1158 9
1115 1163 16
963 1018 14
962 1055 1
490 548 17
425 509 22
1172 1230 0
976 1058 27
1146 1233 24
892 959 22
507 587 19
1104 1146 27
792 904 10
495 629 27
1030 1099 26
1031 1116 23
428 516 14
865 960 7
693 743 10
938 1042 0
795 857 8
809 868 13
813 890 15
1010 1078 20
753 852 22
961 1012 22
573 642 3
683 791 4
809 944 3
898 1022 25
1082 1205 17
535 571 12
915 1036 8
482 545 11
1018 1128 2
1074 1156 8
928 1069 7
691 772 9
1031 1159 22
770 891 23
985 1047 23
1174 1239 18
954 1033 18
963 1086 27
1058 1152 8
524 551 13
1045 1147 8
623 720 5
884 956 19
637 757 9
1004 1061 8
911 1057 12
887 1007 20
900 979 0
776 843 7
1118 1234 10
811 901 4
604 678 11
815 935 7
654 754 11
825 920 24
505 584 20
571 634 23
554 647 15
664 761 26
476 533 9
1047 1103 5
680 760 6
450 521 5
795 868 6
888 921 3
653 729 15
815 923 3
1050 1119 23
781 846 18
816 892 14
861 920 3
1067 1159 8
957 1073 20
1079 1220 27
1089 1117 24
896 1021 27
981 1051 7
930 1003 3
1073 1123 2
793 869 24
869 975 10
1017 1054 26
1032 1082 12
758 841 7
742 869 17
910 995 16
1156 1238 8
988 1075 9
776 912 1
846 935 19
489 623 14
838 901 6
1034 1133 17
601 655 25
886 984 25
909 991 14
386 460 20
900 932 0
796 871 11
841 940 20
926 1059 12
756 795 13
1031 1121 22
859 1003 4
950 998 13
925 1065 15
916 1030 17
853 968 22
998 1059 25
890 964 4
1066 1159 0
583 646 5
1055 1147 26
873 934 22
896 992 25
866 962 15
535 591 6
943 1009 15
1008 1043 2
815 921 11
982 1053 0
640 691 25
761 809 9
871 962 17
888 989 23
695 769 0
981 1072 0
971 1079 11
957 1018 25
962 1062 25
487 605 6
969 1067 22
1032 1103 9
821 865 15
901 1015 4
965 1079 3
406 486 25
1022 1095 14
732 855 18
892 970 13
1041 1158 6
924 1017 3
1043 1136 18
979 1050 23
866 932 8
1048 1112 4
904 981 12
650 732 3
1088 1156 18
1027 1105 11
733 843 3
912 1055 4
1057 1150 4
631 662 14
1174 1219 23
528 637 18
670 760 13
666 770 15
692 780 17
708 774 26
806 893 9
1112 1190 11
922 970 11
939 1031 19
1050 1131 10
866 987 14
935 996 22
918 967 13
1021 1098 3
963 1097 8
925 1037 3
637 714 14
1136 1231 18
898 978 2
546 636 26
1014 1094 20
1161 1237 8
970 1076 11
741 843 15
446 518 13
500 548 26
766 854 26
572 645 22
1052 1158 23
857 909 18
881 985 24
893 991 14
752 800 26
830 904 16
662 780 19
1104 1158 9
793 843 7
1139 1219 25
860 905 8
967 1086 22
907 967 26
932 1010 6
494 605 20
447 521 2
882 984 24
1018 1139 2
826 929 26
605 719 1
458 571 3
761 836 3
967 1027 19
971 1053 13
852 937 20
757 810 5
779 844 24
954 1065 27
1017 1103 4
975 1074 10
641 744 23
746 831 11
1056 1155 7
1047 1151 2
1030 1123 6
686 747 19
1109 1162 4
943 1066 6
1081 1154 20
1034 1107 6
1015 1072 4
597 631 12
925 1025 13
1083 1143 12
855 927 8
535 603 2
1039 1079 10
985 1082 6
1062 1154 12
612 700 26
632 756 7
526 584 11
884 930 21
597 644 19
1100 1153 12
1047 1119 23
610 687 7
963 1027 21
1076 1158 4
790 902 26
552 630 7
680 770 1
1055 1156 8
765 847 24
682 747 18
769 834 1
1165 1227 5
867 939 2
1042 1135 14
993 1085 0
1011 1082 6
1089 1201 22
465 515 8
445 521 10
681 731 20
1055 1150 0
986 1037 15
1049 1146 2
1166 1208 4
1077 1158 11
1072 1159 4
931 982 6
758 817 5
406 476 0
948 1042 24
696 797 14
962 1046 26
754 845 11
658 754 9
684 745 11
1032 1146 2
576 679 25
861 928 9
642 694 6
425 525 15
1033 1127 8
665 740 15
526 589 2
881 1017 25
916 1008 6
1074 1124 25
456 525 22
515 564 0
651 721 8
939 1025 2
1161 1227 2
645 736 27
861 964 15
909 992 5
765 839 23
1087 1159 6
1014 1068 5
956 1053 20
756 827 9
848 907 24
941 1043 6
1145 1232 12
782 863 15
867 947 9
828 915 12
910 984 11
1137 1218 2
444 506 17
465 499 11
807 877 11
670 711 18
1003 1031 1
609 745 2
876 993 14
924 1001 3
475 585 4
998 1048 14
948 1023 20
911 1000 8
1036 1122 14
551 606 22
889 953 17
725 843 1
609 704 19
543 621 26
1053 1124 4
961 1010 18
1073 1154 20
709 784 16
808 875 25
926 972 20
807 882 1
721 784 11
965 1062 15
866 935 15
1074 1120 3
615 683 8
1134 1233 1
876 977 25
540 597 6
420 546 18
794 903 5
1067 1185 16
435 527 4
703 819 9
1027 1136 25
605 734 4
1006 1084 14
912 983 10
610 685 17
1072 1138 8
981 1029 17
1134 1223 4
995 1053 2
1100 1170 18
1014 1056 22
1030 1130 14
1149 1211 8
581 655 16
888 985 24
641 719 26
1075 1124 15
1002 1053 10
748 810 8
1128 1236 6
1009 1126 13
1049 1121 17
728 765 24
615 648 12
564 605 17
1023 1141 3
729 833 21
1049 1157 19
560 687 13
603 687 27
618 757 27
581 643 12
923 1021 13
704 763 5
771 834 4
596 675 24
1119 1239 23
1001 1055 13
453 541 6
668 789 12
796 868 15
375 488 11
629 737 27
953 984 1
962 1038 16
1074 1192 10
1009 1069 24
990 1052 11
1058 1144 9
761 830 6
513 612 21
687 822 8
457 542 24
1076 1157 7
1057 1153 19
1058 1131 18
817 872 12
969 1057 13
962 1013 16
596 719 1
1063 1132 26
859 920 0
1068 1154 25
873 980 15
783 921 16
765 801 27
706 803 24
1163 1215 4
888 938 15
853 939 24
695 821 7
649 723 12
1024 1069 19
1141 1218 13
727 766 26
1056 1138 1
1042 1081 19
654 741 12
1096 1150 18
1168 1238 16
881 1003 1
750 808 12
1035 1109 9
1057 1152 21
782 846 9
919 1006 1
717 818 27
1088 1139 16
1067 1159 27
973 1100 24
1007 1089 16
885 981 25
1023 1123 13
888 987 5
948 1001 14
866 980 24
621 676 3
1096 1212 14
616 705 18
1086 1128 14
862 953 13
1073 1154 5
727 838 21
910 1009 14
674 800 6
1011 1119 14
522 620 17
1150 1237 10
1013 1047 20
996 1109 23
1036 1152 19
977 1058 15
1045 1151 4
881 959 12
625 724 22
954 1035 12
630 693 17
407 477 3
907 991 16
1079 1224 3
389 426 17
1189 1239 22
1048 1084 0
864 948 12
1099 1194 11
1063 1179 15
705 839 19
1096 1192 16
703 781 7
968 1076 3
737 793 1
1031 1132 24
552 629 11
1075 1155 22
1096 1228 20
984 1047 15
1002 1074 1
493 564 25
662 737 16
1035 1149 18
773 841 10
437 470 17
708 784 14
525 615 12
614 655 11
1067 1159 11
1062 1149 24
981 1117 24
1154 1225 12
915 1001 18
609 725 8
660 748 25
688 787 13
966 1056 15
992 1061 16
1002 1056 18
556 634 10
1130 1215 23
1015 1096 1
1161 1234 3
1135 1235 4
558 642 13
776 824 25
1028 1123 3
757 834 7
536 670 15
1147 1225 14
699 787 17
1084 1151 0
667 748 25
742 840 14
1043 1128 12
948 1065 26
778 882 24
1030 1123 13
1065 1117 14
1071 1143 2
525 634 7
1015 1122 10
936 1001 15
945 1047 3
1159 1233 23
1085 1140 10
750 842 5
1175 1228 27
1002 1083 13
1006 1096 2
1169 1215 10
1009 1133 12
617 755 8
1068 1159 25
1126 1228 3
910 991 24
976 1091 13
477 582 9
708 787 18
740 844 13
1095 1139 13
982 1061 9
957 1085 12
1069 1138 26
737 802 1
753 844 25
489 558 11
638 706 11
1114 1233 16
1114 1223 10
742 839 16
1000 1127 6
1006 1153 1
706 775 21
1077 1156 9
1096 1187 20
871 973 18
999 1097 24
890 994 24
738 839 12
721 775 17
979 1063 12
694 819 17
1132 1204 14
638 728 26
1102 1151 1
1026 1054 27
1026 1102 17
993 1069 25
1016 1134 6
992 1027 24
1126 1196 6
946 1005 4
656 765 11
1106 1225 3
572 648 26
1109 1239 6
1139 1237 1
708 804 3
1000 1104 15
677 795 0
1137 1236 12
1101 1143 24
895 969 23
1088 1148 26
998 1072 11
742 836 8
1091 1156 16
818 862 16
1104 1238 19
468 582 14
1092 1153 19
1180 1238 15
1067 1134 20
557 632 24
766 844 11
729 790 7
1132 1220 9
737 845 27
1155 1231 21
1066 1130 24
1023 1119 5
636 745 6
1059 1194 17
677 792 3
674 759 9
916 966 5
770 840 0
1033 1130 23
1071 1159 25
746 840 12
1078 1147 26
1063 1165 22
787 840 26
897 940 25
971 1062 13
1133 1231 10
765 840 18
1102 1217 17
413 523 14
590 634 2
454 545 3
1152 1218 23
1117 1204 5
736 819 11
658 751 5
788 832 22
1118 1223 24
971 1058 3
1006 1127 16
672 753 22
1099 1186 12
810 840 9
1026 1128 16
1062 1159 15
749 818 26
1041 1151 21
1117 1232 24
995 1046 24
1192 1240 10
748 805 19
1128 1234 16
1175 1231 22
788 838 18
1054 1107 15
571 685 11
782 871 19
1105 1197 16
1103 1155 15
668 740 6
866 951 15
1026 1089 2
1057 1159 18
1062 1151 16
911 995 22
1077 1144 1
731 790 0
1111 1237 21
1203 1239 4
1046 1125 24
1203 1234 26
764 831 16
1063 1153 13
1035 1086 14
1024 1157 4
633 704 18
1157 1226 16
1132 1231 23
1090 1157 2
794 844 0
799 842 25
1174 1228 25
597 668 4
740 840 20
711 796 27
1107 1233 15
1034 1149 25
782 841 26
1085 1159 6
1051 1131 6
630 749 14
1021 1072 25
1080 1154 27
765 818 17
672 746 15
649 724 20
894 959 18
1163 1219 5
989 1032 9
968 1061 17
1121 1239 17
956 1043 22
988 1086 5
735 840 18
1069 1211 23
1164 1231 20
747 843 15
867 1001 3
1164 1218 25
1170 1206 0
639 720 2
1015 1117 19
1056 1144 24
1071 1157 17
1086 1158 13
719 789 10
846 929 1
718 841 14
1057 1157 23
1094 1170 19
800 840 14
1133 1231 12
773 834 25
1119 1187 15
692 787 26
691 759 4
1134 1230 14
1031 1156 15
1063 1159 9
783 826 25
1101 1142 0
717 800 24
1070 1154 22
1037 1150 3
1035 1129 27
1059 1114 13
1182 1211 18
747 844 2
1192 1237 9
444 549 19
1064 1113 12
Shifts = 4
0 0 0 0 0 0
375 0 0 470 0 0
660 0 0 500 0 0
780 0 0 460 0 0
Employees = 20
428: 6 9 11 14 18 20 21 24 31 32 39 40 45 49 53 54 55 58 60 62 63 64 67 71 72 76 78 79 80 86 89 95 107 111 112 118 122 123 126 129 131 135 136 138 139 144 148 155 157 159 164 165 168 170 171 173 174 176 180 182 183 185 186 190 197 199 200 211 212 215 217 221 230 239 246 249 251 255 257 261 263 264 266 272 275 277 280 281 282 286 287 288 289 290 291 292 293 294 297 302 303 304 305 310 312 314 317 320 331 332 333 338 340 349 351 352 354 364 369 381 382 392 393 396 398 400 401 410 412 413 414 416 417 426 427 436 441 442 445 448 450 452 453 454 456 460 462 463 469 473 480 488 489 493 495 497 504 505 506 513 521 525 527 529 554 558 559 566 567 569 570 573 574 576 580 581 586 588 590 601 603 607 613 615 616 617 622 626 628 631 632 634 635 638 639 641 642 643 644 655 661 665 667 668 674 681 690 691 693 694 701 707 709 714 715 719 720 734 737 743 745 746 749 757 763 765 769 770 772 776 779 780 786 787 788 792 793 800 802 806 807 809 817 820 827 829 830 832 834 836 838 843 849 856 857 860 861 864 874 876 877 878 881 882 888 889 891 892 895 898 900 901 903 905 907 909 917 919 932 936 937 939 940 944 947 955 957 958 959 963 967 968 976 977 983 984 985 986 994 996 999 1003 1005 1008 1011 1012 1013 1015 1016 1018 1022 1023 1026 1027 1029 1031 1033 1034 1035 1041 1046 1047 1049 1053 1055 1058 1059 1061 1063 1070 1072 1073 1081 1084 1085 1088 1089 1090 1092 1096 1099 1100 1108 1111 1113 1115 1119 1122 1123 1125 1128 1133 1139 1140 1163 1165 1168 1172 1173 1179 1183 1186 1187 1188 1190 1191 1193 1200 1205 1206 1207 1209 1210 1212 1213 1217 1221 1225 1227 1236 1239 1243 1247 1251 1253 1254 1255 1259 1268 1270 1273 1275 1280 1282 1284 1287 1290 1298 1299 1300 1301 1305 1306 1309 1310 1319 1328 1331 1334 1341 1343 1346 1348 1351 1356 1359 1363 1364 1365 1369 1372 1374 1380 1381 1382 1384 1392 1393 
444: 7 11 14 15 18 21 22 23 28 37 40 41 44 45 46 53 60 62 72 73 86 87 88 92 94 102 103 110 113 115 126 130 131 133 139 141 144 147 148 154 155 159 161 162 163 167 172 177 180 181 182 183 184 185 187 188 189 191 194 195 196 197 198 199 202 208 213 216 219 223 228 230 236 237 240 244 251 256 257 260 261 263 265 269 270 273 275 276 280 283 284 291 292 294 295 299 300 306 307 311 312 314 315 323 324 326 331 334 335 336 344 356 358 360 367 368 370 373 378 379 380 381 387 388 389 390 391 392 395 402 404 406 409 410 413 416 417 418 422 430 431 434 435 440 442 446 449 459 462 470 477 478 479 485 488 503 507 509 514 516 518 523 526 527 528 531 532 533 538 540 543 544 545 553 554 561 562 563 567 569 570 571 574 576 578 580 581 582 585 588 589 590 591 592 594 596 597 603 608 609 611 614 616 624 626 629 630 631 636 639 647 650 652 656 665 666 670 673 679 680 681 682 688 692 693 695 696 702 706 710 711 713 715 718 724 725 727 729 733 734 737 740 741 745 754 755 756 759 762 766 768 771 772 773 776 779 782 783 784 787 790 791 797 801 802 805 806 808 810 814 826 827 834 837 850 852 853 859 860 863 869 872 881 882 890 891 893 894 898 903 907 910 912 913 914 919 920 924 926 931 939 942 945 948 949 950 958 961 964 973 981 987 989 991 999 1008 1011 1012 1014 1015 1023 1024 1026 1030 1031 1034 1035 1039 1047 1048 1056 1068 1080 1083 1084 1085 1087 1096 1102 1106 1108 1113 1114 1116 1120 1123 1125 1126 1129 1132 1136 1143 1151 1152 1154 1155 1157 1158 1159 1162 1166 1168 1169 1173 1177 1178 1179 1180 1187 1189 1198 1199 1202 1204 1207 1217 1219 1220 1221 1228 1229 1230 1231 1245 1246 1249 1251 1252 1256 1261 1262 1266 1268 1271 1272 1273 1276 1280 1284 1285 1286 1287 1294 1295 1296 1297 1298 1300 1302 1309 1313 1314 1317 1319 1325 1326 1327 1331 1332 1333 1335 1338 1340 1342 1343 1346 1347 1350 1353 1355 1358 1363 1366 1368 1371 1373 1374 1378 1379 1383 1386 1387 1392 1393 
409: 4 5 8 10 12 15 16 17 18 20 21 26 29 33 37 41 43 57 58 59 60 62 64 66 69 71 75 79 84 85 90 94 95 98 116 121 124 127 133 134 137 149 157 161 162 164 165 171 172 173 187 190 191 193 194 195 199 201 204 212 222 223 228 233 234 235 244 249 250 256 259 262 264 267 273 276 277 278 286 290 293 301 302 305 308 311 314 318 322 323 327 328 330 332 333 334 338 339 342 355 357 359 361 362 364 365 368 370 372 374 379 387 388 390 392 394 396 397 398 399 401 404 405 406 407 413 418 419 421 431 432 437 441 442 444 447 449 455 457 459 461 462 464 466 475 479 484 486 487 488 489 492 493 497 504 505 510 512 515 517 519 523 525 527 528 531 538 542 544 545 558 561 562 563 565 566 568 574 578 591 594 595 598 607 610 611 612 613 615 620 626 629 632 634 642 644 647 649 651 655 657 662 672 673 674 676 681 683 684 688 692 693 695 698 699 701 707 711 712 713 722 724 725 732 734 738 739 743 745 747 753 756 757 760 765 770 772 775 776 778 781 785 786 788 789 790 796 799 801 802 805 812 813 814 816 817 826 835 838 843 851 852 860 870 872 873 874 883 894 901 908 915 917 922 925 926 929 932 936 937 938 939 943 944 951 953 960 961 965 967 969 972 973 977 983 985 987 1004 1005 1006 1007 1008 1011 1018 1021 1022 1023 1036 1038 1045 1047 1054 1056 1067 1069 1070 1073 1075 1077 1078 1079 1081 1084 1086 1087 1090 1096 1100 1103 1104 1107 1108 1110 1112 1119 1120 1124 1125 1127 1128 1136 1137 1145 1146 1148 1149 1150 1160 1161 1162 1164 1165 1166 1169 1171 1175 1180 1185 1187 1189 1190 1192 1194 1195 1198 1202 1203 1213 1214 1217 1224 1232 1237 1238 1244 1251 1253 1254 1258 1263 1269 1270 1272 1273 1277 1278 1290 1293 1297 1300 1301 1302 1307 1309 1310 1325 1330 1339 1343 1352 1359 1361 1362 1366 1368 1373 1374 1390 1391 
430: 0 2 8 11 17 20 23 25 28 29 31 36 38 46 54 56 60 61 62 63 64 67 69 72 74 77 82 87 89 90 93 95 96 99 102 115 121 124 125 127 136 137 142 144 149 151 154 158 161 162 165 168 169 170 174 175 176 180 183 189 190 191 192 194 198 200 202 204 208 209 214 217 224 225 226 232 233 234 235 236 237 239 249 252 253 257 258 260 261 268 270 274 283 284 291 293 295 298 302 309 312 316 318 321 323 331 332 333 349 350 352 353 364 370 374 376 377 382 384 386 387 388 398 403 405 407 408 409 411 414 420 421 423 429 430 431 432 433 440 442 448 449 452 454 455 458 459 464 466 468 472 475 477 479 480 483 489 491 494 501 502 505 508 510 511 517 518 522 529 533 534 537 542 543 545 546 548 549 551 556 559 563 564 569 574 577 580 581 584 586 590 593 595 598 599 601 604 606 608 617 623 629 630 633 635 636 637 642 652 661 664 670 674 676 682 687 689 691 694 698 699 702 703 704 705 713 715 719 722 723 726 727 731 733 735 740 742 745 750 751 756 762 763 775 776 777 778 780 782 791 794 805 806 807 810 818 824 827 833 841 842 843 844 846 848 849 853 854 860 861 862 863 864 867 870 875 877 879 881 882 884 888 889 891 896 901 905 908 913 916 919 921 923 927 928 930 933 934 936 939 941 943 945 952 953 957 958 959 961 964 966 968 970 975 980 984 988 990 995 998 1009 1010 1014 1016 1023 1027 1034 1036 1040 1041 1042 1045 1048 1049 1051 1053 1054 1056 1057 1066 1068 1072 1074 1075 1084 1090 1091 1095 1099 1101 1102 1103 1106 1109 1117 1118 1128 1140 1143 1146 1150 1155 1157 1158 1164 1165 1168 1170 1171 1173 1174 1175 1180 1187 1193 1194 1198 1214 1215 1223 1226 1228 1231 1234 1235 1238 1250 1251 1260 1268 1269 1271 1273 1275 1289 1291 1292 1294 1296 1298 1300 1310 1313 1323 1324 1326 1327 1329 1331 1332 1333 1340 1345 1349 1350 1353 1354 1361 1362 1365 1370 1372 1377 1381 1382 1385 1390 1391 1392 1393 
422: 0 2 4 7 8 10 16 18 21 22 23 27 30 33 36 38 40 41 42 46 48 50 52 54 64 68 69 70 84 85 86 87 88 93 100 102 104 105 108 117 123 129 130 132 143 151 154 155 159 161 164 166 167 170 174 189 190 199 202 203 206 207 209 211 214 217 218 219 220 223 225 226 228 229 238 246 247 257 258 259 260 261 267 268 270 272 274 279 281 282 283 287 289 290 293 301 302 303 305 309 311 313 315 320 323 324 326 329 336 338 340 341 347 350 352 355 356 359 361 365 368 369 373 376 381 382 384 385 390 391 397 404 409 414 425 426 429 431 434 435 436 441 444 447 450 452 454 456 458 465 471 473 474 477 478 479 481 482 484 491 495 499 506 508 509 510 511 513 514 517 522 527 531 535 536 543 546 547 549 551 552 554 556 560 563 574 586 588 599 600 604 606 607 609 611 612 613 615 618 621 624 627 639 641 642 643 649 652 654 656 657 659 668 674 682 685 686 690 692 693 697 705 716 726 728 729 732 733 735 736 739 744 750 752 760 762 763 764 773 778 785 788 789 790 794 795 800 806 807 811 814 815 817 818 826 829 834 835 839 840 844 845 848 850 853 864 865 869 870 872 875 881 882 886 888 890 894 895 900 904 919 921 922 924 925 929 933 935 938 945 947 948 951 960 963 966 968 971 972 973 975 978 981 983 984 987 988 992 995 997 1001 1002 1005 1009 1010 1014 1025 1032 1035 1037 1039 1042 1058 1059 1060 1063 1064 1065 1069 1070 1078 1079 1081 1087 1088 1095 1098 1103 1112 1121 1125 1128 1135 1141 1142 1144 1145 1149 1158 1159 1161 1162 1163 1166 1170 1177 1178 1180 1197 1198 1199 1204 1206 1212 1213 1214 1219 1220 1222 1226 1227 1236 1237 1238 1239 1241 1242 1244 1245 1254 1257 1266 1268 1272 1273 1274 1276 1277 1286 1288 1293 1296 1303 1304 1305 1307 1308 1311 1312 1318 1322 1328 1331 1333 1334 1335 1338 1345 1346 1348 1350 1353 1357 1361 1362 1367 1371 1377 1378 1379 1384 1388 
399: 3 7 11 17 22 23 27 36 39 42 52 56 67 70 77 85 86 87 90 93 94 95 104 106 109 113 115 116 117 119 124 128 130 135 142 145 146 151 153 155 157 172 175 179 181 182 184 189 195 197 199 200 202 208 210 211 216 224 228 234 239 241 242 243 245 247 248 253 258 260 262 264 266 268 270 271 279 280 287 288 291 292 293 297 298 299 303 304 306 308 312 313 315 316 318 324 328 331 333 339 342 347 350 359 362 367 369 374 377 379 380 386 387 391 393 394 397 399 402 406 409 411 414 416 419 421 422 428 438 442 444 446 452 456 471 474 483 484 497 499 501 502 503 505 506 516 519 520 525 527 539 540 543 546 547 549 551 552 554 556 563 581 582 584 586 593 595 597 599 600 606 610 612 618 619 620 621 624 625 629 631 637 640 642 648 653 657 668 669 671 674 680 681 689 703 705 708 712 716 717 719 724 730 731 733 734 736 737 742 746 749 751 752 756 758 759 760 762 763 769 771 777 781 783 785 786 792 797 799 806 819 820 824 832 837 840 841 843 844 848 853 860 863 866 869 875 878 883 890 891 894 895 905 906 907 908 912 917 919 922 926 929 940 945 954 956 958 961 962 968 969 971 974 979 982 988 989 995 1001 1002 1003 1008 1009 1010 1012 1025 1028 1029 1035 1041 1043 1044 1049 1057 1062 1074 1075 1080 1083 1084 1089 1090 1092 1106 1107 1113 1124 1125 1131 1135 1138 1143 1150 1153 1154 1155 1156 1157 1158 1161 1162 1168 1169 1172 1173 1174 1176 1177 1178 1179 1185 1187 1194 1198 1199 1204 1209 1210 1211 1212 1213 1218 1221 1224 1225 1230 1233 1235 1236 1242 1243 1244 1250 1251 1252 1254 1256 1273 1277 1281 1282 1287 1289 1291 1292 1294 1295 1296 1299 1306 1308 1310 1312 1314 1316 1321 1322 1328 1329 1341 1346 1348 1349 1354 1359 1360 1364 1365 1367 1369 1373 1376 1382 1384 1385 1386 1387 1391 1392 
415: 1 2 3 12 20 22 28 29 30 33 35 39 40 42 45 48 53 54 56 57 64 66 68 71 72 74 77 79 83 87 90 91 97 104 109 122 130 131 133 134 138 145 148 153 154 156 158 169 172 174 175 176 178 182 187 203 204 206 210 214 218 220 221 222 224 225 226 235 238 240 245 247 248 250 251 252 254 256 259 260 270 273 275 276 280 281 283 285 289 292 293 301 304 306 313 314 315 318 322 333 338 342 343 345 347 349 353 360 361 370 371 372 373 376 380 384 387 389 396 403 405 407 410 412 413 421 431 434 436 437 438 440 441 442 443 447 448 450 455 456 459 463 469 473 474 476 477 478 480 481 483 487 493 499 500 501 502 513 514 515 517 520 522 523 524 525 530 534 535 541 543 549 550 569 577 580 582 584 585 600 606 608 610 613 618 619 622 626 627 631 639 640 641 651 652 653 656 661 668 674 677 679 681 685 686 691 693 696 697 703 706 708 710 711 714 723 724 726 728 731 732 740 747 750 752 754 757 760 761 762 763 764 767 768 770 773 778 783 789 790 799 800 804 815 818 825 826 827 829 831 832 836 839 847 856 858 861 864 865 873 880 883 887 890 891 894 895 897 898 900 901 907 911 915 919 921 924 926 932 935 938 945 947 951 957 961 965 966 970 974 975 976 979 980 987 988 989 990 994 1012 1015 1017 1022 1024 1025 1026 1027 1033 1039 1041 1042 1043 1048 1049 1051 1060 1065 1066 1074 1079 1081 1090 1094 1095 1097 1100 1110 1116 1117 1119 1126 1131 1132 1135 1136 1137 1139 1140 1141 1143 1148 1150 1153 1158 1160 1165 1166 1172 1173 1177 1178 1179 1181 1189 1190 1192 1197 1206 1210 1212 1214 1217 1219 1227 1228 1230 1234 1235 1236 1238 1239 1252 1255 1256 1261 1269 1270 1271 1277 1279 1284 1286 1290 1295 1298 1299 1302 1307 1311 1313 1321 1322 1325 1328 1331 1333 1338 1339 1340 1343 1344 1346 1347 1350 1351 1352 1362 1365 1367 1368 1379 1382 1383 1385 1386 
435: 0 2 9 12 15 16 18 24 25 26 30 36 38 40 41 43 45 50 51 54 55 57 58 65 69 72 74 75 83 84 89 91 93 95 97 99 101 103 107 122 123 125 126 128 129 131 132 133 139 141 148 156 160 161 166 167 168 170 171 192 193 195 196 199 206 210 212 215 216 217 223 225 227 228 239 240 242 245 247 248 254 259 263 265 272 276 277 279 280 284 293 298 302 305 306 308 309 310 314 323 335 337 345 346 348 349 351 352 356 360 361 366 375 379 380 384 390 391 395 398 407 410 416 417 437 438 439 440 442 443 444 445 450 453 454 455 457 458 459 460 465 467 470 472 474 482 485 491 496 497 500 502 504 506 507 508 511 515 519 521 523 527 532 536 539 541 543 546 549 552 553 556 565 570 572 574 579 580 581 584 585 588 589 591 594 596 599 605 606 619 620 622 623 625 626 636 637 641 651 655 658 660 662 674 678 680 683 693 694 696 701 703 704 708 712 713 718 719 725 726 728 733 734 735 738 739 740 742 753 755 757 758 763 771 772 774 775 779 784 785 788 789 791 792 793 794 795 797 799 808 809 810 811 813 814 817 818 819 820 821 822 824 826 831 833 834 837 838 840 842 844 846 849 852 853 855 856 859 860 863 876 878 881 885 886 890 896 898 900 902 903 905 906 908 910 912 919 921 925 926 929 931 932 934 942 946 952 954 964 966 970 971 975 977 982 985 986 993 997 1003 1006 1007 1009 1012 1020 1023 1024 1028 1041 1043 1046 1047 1049 1050 1054 1056 1058 1062 1065 1066 1067 1069 1070 1072 1078 1085 1086 1096 1110 1119 1121 1123 1124 1130 1133 1134 1138 1141 1143 1145 1149 1150 1158 1166 1170 1175 1177 1179 1181 1187 1189 1194 1195 1196 1199 1205 1207 1212 1216 1217 1219 1222 1223 1226 1227 1231 1235 1237 1240 1245 1246 1255 1258 1261 1275 1276 1282 1290 1291 1292 1297 1298 1309 1311 1312 1313 1318 1321 1323 1325 1326 1327 1328 1329 1337 1338 1340 1351 1353 1354 1356 1357 1358 1359 1362 1364 1369 1370 1377 1378 1379 1385 1386 1388 1391 
415: 3 4 6 10 11 12 16 17 19 20 22 30 31 53 55 56 57 61 62 67 70 73 75 82 83 87 88 101 105 109 111 115 116 117 118 121 122 124 125 127 128 135 136 140 156 158 160 162 169 170 171 175 176 181 183 190 197 202 203 208 214 225 226 229 233 238 240 246 250 259 261 263 264 266 269 270 278 279 284 285 287 288 291 294 296 297 298 304 308 311 313 316 319 324 331 336 340 343 346 350 352 356 358 359 361 369 377 383 387 399 408 409 416 417 419 426 430 433 434 438 441 442 447 450 453 455 459 460 464 466 469 472 473 479 484 494 498 500 501 515 519 521 522 524 525 526 534 548 549 550 554 558 564 565 566 567 568 570 571 572 579 583 584 591 596 599 600 604 605 606 607 608 615 617 618 619 620 624 625 631 643 644 652 653 661 662 663 667 668 670 671 676 679 680 683 686 694 695 696 703 707 708 709 713 718 724 728 729 730 731 733 734 735 739 741 745 754 760 764 768 769 780 782 786 789 790 791 794 795 799 802 803 810 820 821 823 825 827 838 840 844 845 851 852 853 857 858 861 864 865 866 870 874 876 878 879 880 881 884 885 889 891 893 895 898 899 900 903 904 906 912 913 915 916 917 921 922 925 926 927 928 929 930 931 942 944 949 951 954 955 962 968 971 972 973 977 978 979 984 985 986 989 991 995 997 998 1000 1003 1005 1006 1007 1010 1012 1016 1017 1019 1026 1027 1028 1029 1030 1031 1033 1034 1035 1041 1043 1047 1049 1052 1057 1065 1069 1070 1074 1075 1086 1091 1096 1100 1110 1111 1115 1117 1118 1120 1122 1124 1125 1130 1133 1134 1141 1142 1145 1151 1154 1158 1160 1162 1173 1177 1181 1186 1187 1193 1194 1207 1215 1216 1217 1226 1230 1236 1237 1238 1253 1256 1257 1266 1270 1273 1275 1276 1277 1282 1284 1285 1291 1303 1305 1309 1315 1316 1319 1321 1325 1326 1328 1330 1331 1337 1348 1349 1352 1355 1363 1366 1367 1372 1374 1376 1379 1385 1390 
388: 1 6 7 16 22 23 29 35 39 40 41 42 44 47 48 53 56 58 59 66 80 83 86 95 97 101 103 105 106 110 112 119 129 132 136 143 144 149 150 154 155 158 161 163 168 169 173 177 179 181 182 194 198 209 210 215 221 222 228 229 230 232 235 237 238 244 245 253 257 270 274 279 286 287 292 311 315 321 324 331 333 336 338 342 344 350 355 356 358 360 362 365 367 368 369 371 373 376 379 384 385 389 392 400 406 408 409 410 417 418 421 427 431 432 434 437 442 443 446 447 449 450 456 457 461 463 466 468 472 474 479 481 483 484 492 497 499 509 512 517 518 519 522 523 524 526 530 532 533 545 546 547 549 551 554 558 561 563 565 571 575 576 579 580 581 582 584 589 591 593 600 602 606 609 613 615 623 625 626 639 640 650 663 670 675 677 684 686 691 692 710 712 715 716 721 724 725 727 733 736 737 740 741 743 748 756 757 758 761 767 771 775 776 778 779 780 782 785 788 794 796 802 809 810 814 815 819 823 824 828 833 842 843 844 845 848 849 859 860 862 865 868 878 881 885 891 892 893 896 916 922 937 938 943 944 953 957 959 961 962 978 983 986 991 992 993 994 995 999 1002 1003 1004 1022 1023 1027 1029 1036 1039 1044 1046 1049 1050 1052 1054 1055 1057 1062 1068 1070 1071 1072 1085 1089 1090 1094 1096 1097 1101 1103 1104 1109 1111 1112 1117 1120 1121 1127 1130 1137 1142 1146 1147 1150 1152 1153 1154 1157 1160 1162 1163 1165 1166 1169 1170 1172 1180 1181 1189 1192 1196 1198 1199 1208 1209 1213 1216 1218 1219 1222 1224 1225 1227 1232 1248 1249 1253 1265 1266 1272 1275 1282 1283 1285 1286 1289 1290 1293 1295 1298 1299 1303 1310 1311 1312 1313 1318 1320 1327 1332 1333 1334 1336 1342 1345 1347 1348 1349 1365 1371 1374 1377 1378 1379 1385 1386 1387 1391 1392 
409: 1 2 3 13 30 31 34 38 41 43 46 48 61 62 63 65 70 73 76 86 92 93 97 103 108 110 111 114 116 117 119 125 131 133 135 137 141 142 144 152 156 158 160 162 163 166 168 174 177 184 186 187 188 193 195 197 200 201 204 209 212 213 216 222 224 226 228 229 230 231 232 235 240 242 243 246 247 249 250 258 278 280 287 291 293 308 311 312 319 333 336 337 339 348 350 355 356 357 358 367 368 378 381 383 385 391 393 395 397 398 403 407 413 414 429 431 436 438 444 446 448 449 450 455 457 461 467 468 473 476 479 481 487 490 499 507 511 512 515 523 527 530 536 541 542 546 548 550 551 554 556 559 561 563 564 566 567 570 573 574 575 576 581 582 585 587 588 591 594 597 601 602 603 608 610 611 624 628 631 634 639 645 647 651 653 655 659 667 668 669 672 675 676 679 680 684 686 691 696 701 704 705 706 707 708 711 717 720 721 724 727 729 736 738 740 741 743 748 752 753 758 764 768 771 776 779 783 784 791 792 798 801 803 804 806 808 819 826 833 835 842 844 845 846 847 848 849 850 851 854 855 856 858 859 860 864 866 869 871 882 883 890 894 899 900 901 902 904 905 916 921 925 930 933 939 941 946 947 948 957 962 969 984 985 988 991 993 998 999 1005 1007 1013 1014 1021 1031 1034 1036 1037 1039 1040 1042 1046 1047 1048 1053 1055 1058 1061 1063 1064 1066 1072 1078 1082 1083 1087 1090 1096 1097 1098 1100 1102 1104 1105 1106 1107 1108 1109 1111 1120 1126 1132 1134 1142 1147 1148 1151 1162 1169 1175 1186 1187 1188 1191 1194 1198 1211 1212 1213 1219 1221 1225 1227 1228 1230 1234 1236 1237 1242 1243 1247 1249 1250 1251 1252 1257 1262 1269 1274 1276 1278 1280 1281 1285 1287 1293 1295 1306 1307 1311 1312 1317 1320 1326 1331 1332 1335 1341 1342 1343 1344 1345 1346 1351 1352 1358 1361 1363 1369 1375 1376 1378 1379 1384 1386 1387 1388 1390 1392 
441: 0 3 4 6 13 14 21 22 29 30 37 39 45 48 51 54 55 60 61 62 64 69 70 72 73 81 83 91 95 102 103 104 106 112 115 116 120 132 133 136 137 139 141 148 154 157 159 160 162 164 165 166 168 171 172 175 182 183 189 192 193 195 199 201 204 205 212 213 216 219 221 222 225 226 227 229 232 239 243 248 250 254 255 258 259 264 270 276 277 281 283 285 286 288 303 306 308 311 312 313 315 319 320 321 326 328 329 339 340 341 345 346 350 359 361 365 370 372 374 385 386 389 392 393 398 399 400 401 405 412 415 417 419 420 423 425 431 437 439 441 442 443 449 450 451 454 460 463 464 467 473 474 476 477 479 480 481 484 487 497 500 501 502 504 508 510 512 518 524 527 528 531 534 536 541 542 546 550 551 552 553 556 563 564 566 570 573 575 576 582 589 592 597 598 599 602 608 620 622 623 624 626 629 646 647 651 652 655 659 661 662 663 664 666 667 668 670 671 677 685 688 689 708 725 726 728 729 732 733 741 744 746 762 764 768 775 777 779 784 785 786 788 789 791 795 798 801 808 816 817 822 823 825 826 832 833 834 839 843 844 845 849 854 857 860 863 864 869 870 872 874 875 887 888 897 900 903 907 909 910 915 922 923 926 932 935 939 951 953 954 963 964 968 969 975 978 980 981 986 987 994 995 998 1000 1001 1002 1003 1004 1008 1012 1013 1020 1023 1024 1028 1031 1034 1035 1037 1041 1042 1043 1044 1046 1050 1052 1054 1057 1066 1069 1071 1074 1077 1080 1081 1082 1084 1091 1093 1095 1100 1102 1103 1104 1105 1108 1112 1113 1116 1122 1128 1129 1130 1137 1138 1141 1142 1144 1148 1152 1159 1160 1161 1163 1165 1167 1169 1172 1175 1176 1177 1180 1181 1184 1188 1189 1192 1195 1196 1197 1201 1202 1203 1216 1217 1218 1220 1222 1223 1225 1227 1229 1230 1234 1241 1242 1245 1247 1257 1258 1260 1261 1263 1266 1280 1281 1284 1292 1293 1294 1300 1301 1303 1304 1305 1306 1309 1312 1313 1329 1331 1332 1335 1339 1340 1342 1344 1345 1346 1352 1355 1367 1368 1369 1371 1372 1374 1375 1376 1383 1387 
396: 1 3 7 12 18 19 20 28 29 30 31 35 39 40 42 44 45 48 54 58 61 63 70 71 72 79 83 89 91 95 96 100 102 107 111 112 119 120 128 129 131 137 140 155 157 163 167 178 184 185 187 191 192 195 200 204 205 211 212 216 218 219 222 226 229 230 233 242 243 244 245 247 250 251 260 262 263 265 269 273 276 282 283 284 285 287 293 298 299 304 305 310 311 312 316 318 323 325 331 334 335 338 341 345 346 352 358 359 360 366 369 370 372 378 391 392 396 397 399 402 405 408 409 415 424 432 436 439 443 444 450 451 457 458 460 461 468 474 477 483 484 487 488 489 495 496 498 503 505 522 524 527 529 531 532 534 535 540 542 543 547 553 555 560 562 567 572 573 577 587 588 596 597 599 600 602 603 605 609 611 614 615 616 617 627 630 637 648 650 652 653 654 655 656 661 668 686 691 693 695 696 700 706 708 712 713 714 715 718 720 722 725 727 731 736 740 741 745 748 755 761 765 767 770 771 774 775 779 789 791 794 795 808 814 815 816 821 827 842 843 864 866 871 873 874 877 878 880 882 888 889 893 902 908 916 918 919 922 928 929 930 931 938 943 945 948 950 952 953 954 956 957 958 961 969 970 977 979 982 983 984 985 986 987 996 1000 1006 1009 1011 1016 1018 1022 1024 1029 1035 1036 1042 1050 1067 1069 1070 1072 1073 1076 1079 1080 1084 1085 1090 1094 1095 1097 1098 1102 1105 1111 1112 1113 1121 1123 1128 1131 1133 1135 1139 1142 1143 1146 1149 1152 1154 1156 1157 1164 1165 1167 1174 1175 1177 1180 1184 1187 1189 1191 1194 1197 1205 1208 1211 1213 1214 1223 1226 1227 1234 1240 1241 1260 1265 1271 1273 1277 1279 1284 1285 1289 1290 1293 1299 1300 1316 1318 1322 1323 1325 1326 1327 1332 1337 1339 1341 1344 1358 1361 1362 1364 1369 1372 1373 1375 1376 1378 1384 1387 1391 1392 
439: 0 3 4 18 20 22 24 25 29 33 36 39 40 41 42 55 59 62 69 70 71 77 79 83 85 88 89 90 92 94 96 97 99 100 106 109 110 114 116 120 121 124 132 134 137 146 150 151 153 154 157 162 170 178 179 181 182 194 197 201 202 204 205 206 210 212 216 218 220 224 227 230 231 236 237 242 256 261 263 272 274 277 289 291 293 296 304 305 306 317 325 328 330 331 334 335 336 337 344 351 363 364 367 368 376 378 384 391 393 394 396 399 406 408 414 416 422 427 432 433 434 440 442 446 447 451 453 454 456 457 460 461 467 469 471 472 474 479 484 485 492 494 496 497 502 508 512 513 516 517 519 521 522 524 525 527 529 533 534 537 550 562 566 575 576 580 582 586 587 591 592 593 594 596 598 599 602 607 613 617 620 622 623 628 631 640 641 645 647 648 653 654 656 658 661 663 664 665 671 676 681 684 685 687 690 694 698 700 702 706 708 716 720 730 731 736 740 741 742 744 753 758 761 763 773 774 775 780 784 793 798 802 804 806 808 809 811 813 818 819 821 822 824 826 835 840 848 852 855 856 861 864 865 867 870 873 877 881 882 884 888 893 898 900 901 908 909 910 911 914 919 920 924 925 927 928 930 935 939 942 943 945 946 947 951 955 958 963 966 970 972 974 976 978 981 983 984 985 988 989 992 995 996 997 999 1000 1001 1002 1008 1010 1013 1015 1021 1022 1023 1028 1029 1032 1034 1035 1036 1046 1049 1053 1058 1059 1060 1061 1067 1069 1071 1072 1074 1076 1078 1079 1084 1085 1086 1088 1094 1096 1098 1099 1100 1106 1107 1109 1111 1114 1115 1118 1120 1123 1124 1125 1127 1129 1141 1147 1150 1151 1156 1161 1162 1166 1172 1177 1179 1180 1181 1183 1184 1187 1189 1192 1193 1194 1197 1198 1203 1206 1209 1210 1217 1219 1224 1225 1229 1230 1231 1233 1239 1242 1245 1249 1256 1257 1258 1260 1262 1264 1265 1266 1270 1272 1277 1278 1279 1283 1289 1290 1291 1292 1293 1303 1304 1306 1317 1320 1321 1326 1327 1335 1341 1345 1348 1349 1350 1354 1357 1359 1363 1367 1369 1381 1382 1388 1391 
402: 0 1 9 10 16 17 18 22 41 48 50 58 63 65 67 69 72 74 76 89 90 92 95 96 103 104 112 114 122 124 130 133 142 153 159 160 165 166 172 173 176 185 186 189 190 191 193 196 198 201 204 207 209 216 217 224 225 227 230 234 236 237 249 251 256 259 260 265 269 270 281 286 288 290 291 296 298 309 311 316 319 321 333 336 337 339 341 344 354 359 361 364 365 368 372 375 376 380 381 386 392 395 397 398 400 403 407 410 413 417 418 419 426 429 431 432 433 435 437 438 440 442 443 444 445 452 455 459 460 465 472 473 475 485 486 490 493 495 499 502 515 520 522 523 526 536 540 541 546 548 552 557 560 563 564 566 569 570 571 576 578 580 581 585 591 593 598 601 604 609 610 611 612 613 614 615 619 620 623 627 628 637 640 642 643 644 646 650 652 655 657 658 660 668 669 677 684 686 691 693 697 698 706 708 710 712 713 714 720 721 732 735 736 740 741 743 745 750 754 766 769 772 781 782 785 786 793 794 796 804 807 814 821 822 823 824 832 834 840 845 846 847 851 853 854 857 860 864 867 868 870 874 879 882 883 886 888 889 892 893 895 897 906 911 928 931 936 937 941 948 951 952 956 959 965 967 969 972 973 980 983 988 992 997 998 1001 1003 1009 1010 1011 1013 1017 1018 1019 1024 1032 1033 1035 1038 1044 1045 1047 1049 1052 1056 1057 1059 1063 1067 1069 1071 1073 1075 1077 1079 1085 1096 1098 1100 1102 1106 1108 1110 1111 1116 1118 1125 1131 1136 1141 1144 1147 1148 1149 1155 1156 1157 1164 1167 1170 1171 1172 1177 1178 1182 1184 1187 1191 1197 1199 1203 1205 1209 1211 1213 1219 1224 1226 1229 1235 1236 1239 1240 1245 1248 1251 1254 1262 1264 1266 1267 1270 1275 1276 1280 1283 1285 1295 1301 1308 1313 1314 1319 1320 1323 1325 1328 1332 1334 1336 1337 1341 1342 1347 1349 1353 1364 1365 1371 1374 1379 1388 
433: 1 5 10 13 20 24 31 33 40 41 50 51 52 53 55 61 62 67 76 87 94 98 100 109 110 111 115 119 120 121 122 125 129 132 133 134 138 140 143 144 146 150 151 156 160 163 174 176 183 184 185 191 192 195 198 205 207 210 213 214 219 222 224 226 231 234 235 238 240 242 245 248 250 252 255 263 266 267 270 271 272 278 279 282 286 287 291 294 298 300 301 303 307 308 312 323 324 325 329 330 340 343 345 346 347 348 350 352 353 356 357 359 360 364 366 369 380 381 386 395 397 398 404 410 415 421 422 425 428 442 449 457 458 461 462 464 466 468 469 471 472 473 475 481 485 487 488 489 490 494 499 502 504 506 507 511 517 518 519 520 521 522 525 534 537 538 541 545 546 552 555 557 558 561 564 565 570 574 577 578 579 583 594 596 597 603 604 606 608 613 618 628 632 633 635 640 648 650 652 659 660 663 666 670 679 680 681 684 686 687 689 692 693 695 696 698 699 711 713 715 717 718 720 727 736 737 740 743 744 747 749 750 752 754 756 764 765 770 775 777 779 780 781 782 785 786 788 790 794 798 803 805 809 813 814 815 817 820 822 823 831 832 840 843 851 852 856 857 861 864 872 874 875 877 878 883 894 895 896 897 899 900 905 908 915 920 922 924 926 930 934 942 945 947 950 954 956 962 963 965 966 968 971 975 976 978 979 983 988 995 997 999 1002 1005 1008 1012 1019 1023 1024 1027 1030 1036 1038 1047 1051 1056 1066 1067 1068 1073 1077 1079 1083 1084 1095 1100 1104 1109 1110 1111 1112 1114 1115 1117 1120 1122 1123 1132 1135 1138 1139 1141 1142 1144 1148 1152 1153 1162 1168 1169 1171 1173 1176 1179 1184 1185 1188 1192 1194 1197 1201 1203 1204 1205 1207 1218 1228 1233 1234 1236 1238 1247 1248 1249 1253 1256 1257 1259 1262 1264 1265 1269 1270 1272 1273 1274 1281 1285 1288 1289 1291 1292 1294 1295 1301 1302 1306 1313 1317 1318 1321 1322 1325 1329 1330 1332 1341 1346 1348 1351 1352 1353 1355 1361 1362 1366 1368 1377 1380 1381 1385 1388 1393 
412: 2 3 6 9 12 21 22 25 29 35 36 39 40 49 51 52 57 58 60 66 67 71 72 76 81 84 95 97 99 101 102 113 116 121 123 124 128 131 132 134 139 140 143 149 150 151 152 156 164 165 170 171 173 174 175 177 188 190 196 197 199 207 215 220 223 227 231 232 238 240 242 253 255 257 263 264 268 270 274 278 281 288 291 294 300 303 304 312 313 318 320 326 330 331 336 338 342 343 345 351 353 360 362 366 372 373 376 377 378 380 381 382 385 387 395 398 401 403 404 407 410 414 415 418 423 425 428 430 432 433 434 436 439 440 444 450 451 461 464 468 469 474 476 479 480 484 485 490 500 501 504 507 508 518 522 526 527 529 531 532 533 534 538 539 540 543 550 551 553 554 557 560 567 569 576 584 586 589 604 611 617 619 623 625 628 631 633 634 649 657 658 663 679 680 684 690 691 693 695 696 698 700 701 702 706 708 710 713 714 716 717 724 726 727 730 731 733 736 739 741 744 750 752 761 764 767 770 776 779 781 787 792 793 796 804 807 810 811 813 817 821 822 823 827 828 831 835 836 837 838 844 846 850 853 857 862 864 865 866 870 871 872 873 875 884 886 892 893 896 902 904 913 914 917 918 920 928 930 931 933 935 937 939 940 943 944 945 951 953 956 968 970 971 977 978 980 982 984 989 993 994 998 1003 1004 1009 1010 1012 1014 1015 1021 1022 1023 1024 1025 1030 1033 1037 1041 1044 1052 1055 1059 1061 1065 1068 1071 1074 1076 1080 1082 1092 1095 1100 1102 1106 1108 1113 1118 1123 1126 1130 1138 1140 1142 1147 1167 1169 1170 1171 1172 1174 1177 1179 1181 1182 1184 1185 1189 1190 1195 1202 1203 1204 1210 1213 1221 1224 1228 1236 1237 1238 1240 1243 1245 1248 1250 1253 1258 1262 1266 1269 1273 1275 1276 1278 1281 1283 1296 1303 1304 1313 1314 1320 1325 1330 1333 1334 1336 1343 1347 1349 1353 1354 1357 1359 1362 1363 1368 1372 1381 1386 1388 
415: 2 9 12 13 14 15 19 22 24 26 28 29 31 32 33 35 36 37 41 42 47 56 60 63 64 65 69 71 72 73 79 80 81 84 85 86 87 88 95 98 99 102 103 105 106 112 115 116 117 118 122 126 127 130 133 136 142 145 147 153 156 159 165 166 168 182 190 192 199 202 207 210 220 221 224 225 227 232 239 241 246 249 250 254 260 263 264 273 274 276 282 283 286 292 293 295 296 298 301 308 310 313 317 319 321 324 330 335 336 337 339 340 341 345 352 354 356 357 361 362 366 367 376 378 380 383 385 393 395 400 401 403 405 406 408 411 415 420 425 428 429 430 434 438 442 445 447 454 455 457 459 462 463 465 466 469 470 481 489 492 493 495 498 499 503 506 507 509 511 512 513 514 515 517 522 527 534 536 541 544 546 550 551 555 561 562 563 574 581 586 591 592 605 607 608 617 618 619 626 630 631 632 633 635 637 641 646 647 650 651 657 661 667 668 673 678 683 687 688 699 700 701 709 710 715 716 718 720 722 724 725 726 727 731 735 737 744 748 750 752 756 760 773 775 779 780 783 784 787 789 794 795 796 797 801 807 810 816 821 828 829 832 833 836 839 843 846 847 853 870 871 883 884 887 893 895 898 902 903 906 909 916 917 921 923 928 932 936 938 941 943 944 945 947 949 953 955 966 967 973 976 977 983 984 987 990 995 996 1001 1002 1007 1011 1013 1019 1023 1026 1027 1029 1032 1036 1040 1041 1054 1056 1058 1059 1067 1068 1069 1070 1081 1083 1085 1086 1089 1090 1093 1098 1110 1111 1115 1117 1118 1123 1124 1125 1128 1129 1130 1152 1155 1161 1163 1164 1172 1175 1176 1189 1197 1200 1203 1204 1205 1206 1210 1215 1216 1218 1219 1226 1228 1230 1234 1242 1247 1256 1260 1262 1266 1273 1276 1277 1280 1285 1286 1290 1296 1298 1303 1305 1310 1315 1321 1322 1328 1332 1337 1340 1341 1343 1345 1351 1354 1357 1361 1372 1377 1381 1383 1384 1386 1388 1389 1390 1391 
411: 2 7 9 12 13 16 17 20 21 23 26 28 31 32 35 36 43 44 47 48 49 58 60 61 62 63 66 69 73 75 77 85 91 100 104 106 114 117 119 121 125 127 128 134 138 143 144 146 148 149 152 162 164 167 169 171 178 179 181 186 192 194 195 196 199 201 203 204 205 206 209 210 211 213 214 219 220 222 227 230 232 234 250 251 257 260 261 264 270 272 273 274 275 278 280 283 286 287 289 290 292 297 299 300 305 306 309 311 314 319 320 322 325 329 330 332 334 335 343 345 347 348 355 357 360 362 365 372 378 393 397 398 401 403 405 406 407 408 416 421 427 430 434 439 442 446 447 448 456 458 466 467 470 471 473 475 480 483 489 491 492 495 496 497 503 515 524 534 538 542 544 545 546 550 553 554 555 564 571 580 589 593 597 599 600 602 610 611 612 619 623 627 631 635 636 637 642 657 660 671 674 675 676 678 686 690 693 701 703 704 705 707 710 719 734 738 750 751 754 758 759 761 763 765 772 774 777 781 787 799 800 801 803 809 812 813 822 823 824 827 828 829 830 835 847 853 855 859 860 868 874 875 876 882 883 885 887 890 899 907 910 915 917 918 921 932 936 943 945 948 953 954 968 971 972 974 975 977 983 986 988 989 996 1000 1003 1008 1020 1024 1031 1033 1034 1039 1043 1045 1046 1051 1056 1057 1062 1066 1070 1074 1081 1082 1084 1085 1087 1088 1092 1093 1096 1100 1101 1106 1107 1108 1110 1112 1116 1118 1119 1120 1123 1126 1127 1130 1133 1134 1135 1137 1138 1141 1147 1151 1156 1159 1160 1168 1171 1172 1173 1174 1181 1182 1183 1185 1190 1191 1195 1198 1200 1217 1224 1232 1234 1236 1239 1240 1242 1250 1251 1252 1253 1255 1256 1259 1260 1265 1266 1267 1268 1270 1286 1287 1288 1289 1290 1296 1297 1300 1308 1312 1313 1314 1320 1322 1330 1332 1333 1334 1340 1341 1350 1355 1361 1362 1364 1367 1369 1370 1371 1372 1376 1379 1380 1385 1386 1387 1390 1391 1393 
421: 3 5 11 14 16 18 19 22 30 37 39 40 48 50 59 61 66 69 75 77 78 82 86 88 89 91 93 97 99 101 111 112 120 122 123 127 132 133 135 137 140 143 145 149 151 153 154 156 157 163 165 172 177 183 184 185 186 192 195 198 199 204 205 206 207 209 212 213 216 217 222 225 227 233 235 238 240 245 246 249 250 251 252 253 254 262 266 271 289 292 293 294 297 300 308 310 311 313 315 316 317 320 323 324 326 329 330 337 339 340 341 349 350 352 355 363 366 371 375 377 388 393 397 398 399 414 415 418 423 424 428 429 437 440 441 443 444 445 446 448 449 450 452 455 456 457 465 467 468 469 471 475 476 478 479 480 489 493 494 505 508 511 512 516 517 519 525 526 527 530 532 537 541 544 548 550 555 563 566 568 571 574 575 580 584 585 594 596 603 605 613 615 616 623 626 628 636 637 644 645 651 653 658 660 669 672 674 677 678 679 680 682 684 687 689 699 711 716 718 720 722 723 728 735 736 738 739 741 744 750 751 752 754 755 757 759 760 761 765 767 769 774 777 778 785 787 788 796 805 807 823 824 825 826 832 833 841 842 851 857 862 866 867 870 871 872 874 880 883 885 887 891 892 893 894 896 902 903 906 911 914 916 920 921 923 924 930 935 938 939 944 949 952 953 956 960 961 962 969 974 975 976 979 980 981 983 990 998 999 1002 1004 1006 1009 1011 1013 1014 1015 1017 1019 1023 1025 1030 1033 1035 1038 1044 1045 1051 1054 1056 1057 1068 1073 1074 1081 1083 1085 1087 1089 1092 1095 1096 1098 1101 1103 1111 1114 1118 1124 1130 1133 1134 1139 1142 1146 1149 1152 1154 1158 1163 1167 1169 1173 1174 1177 1183 1188 1193 1196 1200 1201 1211 1215 1216 1223 1227 1230 1231 1232 1242 1245 1246 1247 1250 1253 1257 1258 1260 1262 1264 1265 1268 1272 1274 1277 1285 1286 1287 1288 1295 1300 1304 1307 1318 1323 1331 1334 1335 1340 1344 1358 1368 1370 1376 1378 1383 1386 1387 1388 1389 1391 
Days = 28
Shift constraints
8 24
8 20
4 24
0 28
4 24
4 5
true
true
Forbidden sequences = 2
3 1 
2 3 

