# Randomly generated data for the integrated task scheduling and personnel rostering problem, skilling=0,300 and tightness=0,600 seed=80640
Tasks = 1441
810 918 24
421 480 17
660 739 23
816 914 11
430 509 12
441 480 2
675 740 22
765 842 11
424 508 14
674 817 7
810 937 25
648 716 12
424 504 23
812 950 16
812 885 6
767 862 15
664 720 18
852 953 4
484 608 15
663 732 0
482 554 1
739 787 23
660 704 19
842 967 9
421 500 4
815 915 8
428 496 7
740 796 0
489 569 17
674 763 12
674 755 14
841 941 21
663 765 20
421 527 17
817 904 1
691 779 20
965 1040 1
713 801 27
424 483 3
819 851 11
425 520 12
822 916 22
463 578 26
810 882 1
532 627 16
430 525 5
423 521 19
812 939 8
755 828 12
678 742 24
942 1042 21
669 709 16
780 891 18
810 925 19
420 510 18
660 704 8
589 633 20
672 764 20
863 910 12
813 847 16
684 759 22
706 796 8
421 474 1
674 741 1
445 489 13
466 545 6
525 668 19
872 947 10
673 727 15
669 756 10
671 778 4
662 743 10
924 1005 24
815 918 3
810 874 18
475 520 7
811 888 17
814 923 25
427 510 3
1005 1063 24
637 723 8
424 555 15
666 745 14
996 1070 8
932 1000 25
474 578 1
696 786 8
815 921 12
481 537 2
870 925 11
681 750 4
876 941 24
801 875 0
933 1048 11
702 767 7
778 871 18
813 919 7
767 825 22
427 516 11
810 890 20
843 899 22
1141 1238 15
438 544 23
660 735 14
420 514 0
820 881 2
675 773 5
812 937 17
811 915 23
764 847 26
507 591 23
820 914 21
468 522 25
764 895 20
422 512 10
448 527 27
662 747 13
822 879 25
675 787 17
688 756 0
810 863 21
555 635 23
781 843 15
435 507 16
516 612 3
428 512 16
896 1022 20
431 525 6
666 763 15
820 911 16
470 570 3
428 466 14
516 642 14
660 716 23
744 816 22
812 914 18
663 765 18
470 521 24
420 484 16
712 838 19
753 883 10
444 560 2
662 769 1
682 798 6
924 989 18
764 831 15
868 946 17
682 750 16
530 653 25
636 679 16
669 711 22
682 780 8
422 487 1
1019 1098 9
589 713 1
671 768 12
822 932 3
674 777 11
888 938 16
475 561 7
822 900 7
793 869 12
666 763 6
669 789 8
942 1011 15
695 790 24
933 973 24
925 1005 2
663 758 20
728 862 27
536 608 21
735 786 1
660 730 15
818 938 8
820 906 23
780 838 11
878 992 5
507 637 8
671 790 4
810 880 0
847 937 11
799 897 8
684 777 21
825 891 20
804 884 7
890 996 26
812 898 14
885 950 0
661 778 20
815 931 20
421 449 7
538 576 24
786 883 21
917 1020 10
687 740 20
712 774 22
427 488 1
941 1038 8
811 879 21
864 930 14
812 922 16
810 875 13
442 547 6
856 947 4
698 827 9
1071 1116 8
667 757 20
903 997 4
420 486 21
420 490 3
916 965 21
512 618 16
660 705 10
837 898 19
670 779 12
774 844 16
879 911 21
473 586 12
780 886 26
774 897 20
881 933 2
464 592 7
672 788 25
889 964 6
713 814 11
812 879 14
667 724 17
421 542 25
875 916 13
828 903 17
501 593 5
430 474 6
732 807 9
423 469 25
661 707 26
817 878 22
930 994 12
420 508 7
928 976 24
475 583 25
913 997 19
836 888 20
829 932 22
826 925 5
675 769 14
918 1009 3
678 783 17
985 1026 24
814 898 24
660 754 21
546 666 25
787 836 1
496 584 1
827 888 16
823 908 19
847 921 27
787 887 23
489 596 21
754 851 21
525 612 7
801 855 22
556 660 1
1036 1128 12
457 528 26
1019 1065 3
643 728 14
944 1040 25
660 791 9
711 761 24
430 529 19
422 503 15
888 928 2
1026 1073 25
770 861 20
879 1004 14
586 727 1
698 766 27
660 724 22
966 1047 6
1064 1175 24
811 910 21
828 896 20
901 959 20
664 755 17
663 746 6
753 825 16
779 820 20
782 863 12
471 529 24
762 823 17
862 936 0
935 1014 2
987 1079 4
971 1048 27
716 800 23
917 977 23
458 529 10
1008 1069 14
826 930 19
810 890 23
660 772 21
663 794 22
923 1047 21
561 628 16
637 762 16
817 900 5
902 949 20
451 541 2
833 923 26
979 1079 23
812 861 6
660 727 9
790 860 15
900 1006 25
862 928 6
500 621 26
1168 1232 24
1001 1050 25
888 926 3
437 477 6
823 939 14
983 1026 20
660 756 7
851 900 21
469 541 14
918 1029 11
438 577 24
838 912 7
745 856 15
531 598 5
951 1009 0
836 925 2
569 668 19
569 626 2
631 680 2
793 890 9
670 745 9
835 952 17
1069 1116 14
602 692 7
918 1032 13
422 523 3
967 1077 21
1087 1201 25
840 885 6
427 472 12
990 1108 14
884 947 15
1015 1089 18
938 1060 17
748 783 14
887 973 23
682 763 25
864 940 12
662 740 0
814 881 24
986 1074 18
1051 1142 25
571 623 17
911 963 16
886 929 0
1225 1263 5
431 489 0
584 658 25
721 766 14
974 1062 21
1045 1085 11
566 604 27
925 980 19
772 822 26
502 595 0
1175 1289 24
785 884 14
882 956 20
753 817 4
897 999 18
813 872 6
525 576 18
461 543 18
956 1022 0
774 887 18
585 639 3
816 871 12
436 560 5
453 510 10
670 781 19
699 734 5
837 888 3
915 956 20
875 966 18
734 833 17
611 731 5
947 1025 23
660 736 19
501 582 4
458 548 8
424 482 15
571 620 6
899 956 14
728 847 25
886 958 10
512 598 10
1035 1084 20
768 889 1
920 989 24
681 793 7
421 529 1
715 762 27
914 1011 15
531 599 1
596 683 21
429 492 5
836 908 15
1007 1090 19
527 590 17
669 750 27
626 702 3
801 886 4
690 750 17
834 910 26
760 847 14
941 1009 12
1083 1145 4
439 495 13
927 1002 26
731 841 16
1054 1193 6
499 599 11
796 865 12
676 755 25
502 605 5
1048 1114 11
874 967 6
516 618 0
439 558 3
894 970 18
512 605 15
812 894 25
882 932 22
482 580 8
602 671 1
819 935 3
423 553 27
888 992 6
731 818 5
858 942 9
674 742 2
689 776 25
859 975 1
810 885 27
973 1065 23
820 937 1
423 504 9
737 852 5
423 499 2
906 1023 27
482 615 7
962 1027 2
671 729 0
943 1006 19
716 766 3
850 960 14
818 895 7
1064 1140 21
560 661 3
863 943 21
713 779 26
892 967 23
872 963 15
703 756 24
817 911 13
728 850 9
810 899 0
584 652 2
606 673 5
1169 1230 4
848 942 17
817 869 25
985 1120 5
719 798 11
1033 1113 13
459 536 24
1141 1231 21
542 635 14
710 771 8
583 663 3
1012 1126 0
605 726 5
895 945 7
681 713 25
826 943 10
791 870 19
564 689 13
670 711 24
921 992 7
493 582 1
839 928 11
436 547 19
921 1012 21
963 1035 16
934 995 22
447 545 4
796 879 22
773 894 1
923 992 12
774 886 25
675 749 1
1153 1227 25
855 929 19
456 537 0
900 987 21
1035 1110 2
583 692 16
435 548 27
744 814 24
775 848 8
924 1003 20
431 533 3
1232 1281 25
545 629 8
963 1017 14
814 899 9
449 507 6
783 894 0
800 887 23
697 794 20
725 785 22
791 876 4
482 563 7
706 759 16
968 1098 22
1018 1120 2
882 962 2
1027 1094 18
587 705 24
501 637 3
730 768 0
877 940 4
1040 1106 15
828 883 27
548 619 0
812 903 13
429 529 16
586 671 12
924 1004 17
814 891 23
533 660 12
470 556 22
1142 1258 19
892 950 23
931 1026 2
940 992 8
817 940 7
624 686 0
822 878 21
705 782 10
634 701 6
1116 1216 11
809 875 20
968 1112 10
859 934 24
708 780 4
1063 1109 17
643 749 3
773 836 25
532 608 9
735 781 14
1074 1190 3
1031 1117 17
661 722 25
1045 1081 2
1113 1215 10
569 634 10
544 619 3
995 1075 1
872 914 10
665 769 20
681 768 6
910 971 25
1063 1131 5
710 780 16
742 824 2
932 1002 6
908 988 26
667 732 13
901 1018 17
831 895 20
473 543 10
922 982 23
915 984 26
970 1046 6
565 638 19
812 918 10
1130 1189 2
1035 1086 16
912 1043 11
552 669 27
1062 1132 21
464 568 10
869 965 25
1080 1168 23
475 557 13
620 728 23
551 659 10
987 1034 21
737 810 19
766 841 18
723 782 25
426 492 11
764 806 27
991 1072 24
934 1034 11
811 923 22
714 814 24
1043 1119 11
1023 1119 15
1115 1155 13
985 1093 25
836 913 24
838 953 15
686 766 21
672 753 21
740 785 1
950 997 17
825 865 20
623 662 3
888 956 23
475 559 18
944 1021 8
1000 1100 18
961 1050 17
636 693 2
678 771 13
1013 1068 26
427 495 5
908 983 16
870 981 12
586 687 22
966 1058 27
732 843 23
704 757 2
907 1043 13
767 858 16
449 494 11
1095 1165 24
962 1015 23
670 799 12
892 987 9
950 1000 9
629 683 8
999 1108 12
915 979 9
866 957 22
690 806 6
515 634 10
785 850 22
1083 1169 27
766 826 16
979 1107 22
583 694 24
984 1037 5
428 500 2
638 715 23
959 1056 4
903 965 3
1074 1163 27
662 778 23
950 1064 23
849 936 16
761 838 3
875 962 24
972 1066 25
896 930 1
995 1072 20
757 886 1
619 656 16
867 928 0
489 631 3
586 658 1
816 921 17
811 902 13
956 1063 23
832 909 15
957 1063 14
610 655 9
960 1050 10
1147 1188 4
761 832 22
814 885 6
580 644 18
629 727 0
753 817 12
1108 1171 12
811 881 9
1056 1108 17
672 750 27
513 604 2
903 1006 4
640 747 10
643 782 14
803 884 0
672 738 19
940 1054 24
944 1061 21
783 821 10
1010 1079 19
1084 1196 19
1105 1195 18
908 1020 16
786 913 14
420 514 26
766 803 21
1099 1228 0
974 1029 18
979 1020 6
1016 1069 16
852 890 22
1045 1134 6
981 1050 19
676 789 3
798 886 14
817 889 11
1120 1202 2
924 998 20
679 779 16
1183 1260 23
508 585 7
909 951 7
674 763 7
902 971 1
989 1088 9
1065 1120 23
436 524 3
1069 1122 26
937 1068 16
1027 1068 15
680 743 6
771 864 14
886 1004 5
890 965 9
1073 1153 20
645 721 10
440 525 18
700 772 8
833 889 16
1018 1141 25
1221 1288 11
497 584 5
702 780 9
768 909 17
682 799 5
881 958 22
968 1097 3
1036 1105 26
1046 1125 13
1174 1247 6
964 1076 24
992 1073 20
421 510 5
924 1000 15
1099 1177 25
779 910 21
1115 1183 17
684 781 0
1120 1188 18
866 908 16
928 1002 9
511 609 25
817 915 17
1051 1161 19
750 797 24
549 624 2
946 1025 13
862 993 25
674 743 3
729 766 2
922 976 24
442 520 8
893 944 22
722 794 25
811 941 4
543 594 16
591 669 17
907 1016 24
1115 1197 11
1051 1106 20
502 603 11
492 593 27
1209 1278 8
674 742 1
561 709 18
850 948 9
1010 1128 9
1019 1133 4
609 680 15
850 892 22
921 1044 15
770 822 1
874 958 11
586 657 7
1182 1285 27
673 737 13
1173 1233 12
1063 1097 25
994 1073 6
1161 1237 19
716 796 10
849 907 1
825 942 5
971 1093 23
925 1027 22
1126 1198 16
950 1021 7
552 631 13
495 592 19
484 594 27
674 798 19
920 995 13
603 693 7
807 882 12
643 746 2
823 897 6
562 626 26
707 812 2
717 780 26
1034 1073 22
992 1038 17
465 567 1
663 726 3
1242 1275 4
762 828 8
946 1086 1
522 596 8
832 920 4
1049 1137 8
795 883 3
945 1021 22
820 871 6
494 583 12
702 793 24
917 1039 21
828 865 24
739 845 19
608 660 2
596 628 0
511 560 5
750 827 10
819 888 27
675 761 17
893 1028 9
937 1052 22
841 939 3
781 835 12
450 521 22
1134 1210 15
551 627 24
916 953 18
813 899 6
666 799 9
1163 1282 20
1034 1147 6
540 655 11
1037 1109 3
1148 1220 0
1196 1287 2
772 865 20
985 1084 1
920 1047 17
424 496 21
1062 1164 23
822 887 19
817 914 8
864 932 9
764 879 1
831 897 2
1048 1111 17
1149 1285 26
659 711 15
865 955 1
1147 1224 4
803 879 16
975 1056 3
893 931 0
922 995 27
1216 1288 10
1002 1074 13
737 776 2
966 1043 24
1022 1119 22
582 669 3
803 889 21
792 880 25
703 823 3
953 1077 20
934 1002 6
657 766 4
787 845 23
931 1028 0
993 1060 7
801 876 24
505 537 2
733 791 18
508 549 21
520 605 26
885 998 12
584 661 5
1154 1227 3
802 881 25
465 562 6
1065 1152 14
787 855 16
853 960 18
911 987 21
1036 1101 0
927 994 13
765 887 17
1054 1114 22
829 929 13
1035 1124 21
1102 1140 3
609 673 26
788 871 26
1155 1245 25
686 783 15
1046 1135 10
606 653 18
818 891 25
627 725 26
875 980 22
837 898 5
889 988 6
665 760 5
636 727 26
860 887 19
673 791 1
901 999 19
1063 1119 23
905 1029 6
831 909 27
675 751 26
565 646 7
523 597 11
1133 1208 13
1180 1251 27
995 1031 8
783 820 8
729 835 5
760 883 5
1059 1127 0
1185 1289 17
606 651 11
1114 1144 17
921 1004 21
1034 1119 21
768 834 24
1054 1175 10
701 822 2
851 910 4
795 847 0
938 1022 0
939 1039 19
538 653 2
1050 1119 14
648 791 7
836 880 26
928 1073 1
1055 1117 8
1117 1164 14
1072 1120 25
1061 1124 21
793 865 15
853 992 8
640 712 0
1065 1092 20
1238 1289 19
653 715 11
737 853 0
806 884 7
834 894 14
746 812 13
759 838 26
1201 1287 15
825 921 4
983 1118 22
899 953 0
712 808 13
924 1055 27
875 916 26
1131 1253 16
844 979 12
1146 1286 5
903 1012 25
839 888 3
974 1044 15
951 988 14
1165 1217 14
675 716 7
779 877 27
1091 1203 1
1041 1075 19
822 914 10
1043 1140 25
871 953 5
868 968 20
1008 1100 4
778 908 6
1153 1229 14
969 1032 20
1015 1089 15
726 797 11
880 985 21
1011 1109 27
911 1011 6
988 1114 21
1042 1111 6
994 1117 8
1077 1164 22
646 708 18
953 1074 0
1070 1147 21
422 501 11
749 821 15
914 1010 10
1096 1136 23
961 1034 16
806 854 24
467 518 11
1045 1108 22
1033 1116 20
944 1003 12
1213 1288 2
1147 1268 25
771 868 16
1173 1243 20
1187 1226 4
926 1054 17
764 819 3
929 1042 26
694 799 18
575 630 24
1077 1167 2
663 783 10
868 976 20
1011 1080 26
1009 1056 10
1151 1215 8
1145 1266 24
551 622 15
837 883 3
839 924 16
557 680 15
1027 1106 26
819 850 9
1207 1285 6
1075 1130 3
970 1040 7
768 837 26
876 985 20
1137 1201 21
959 1032 22
1199 1279 23
820 914 9
1093 1218 11
664 738 24
858 907 17
910 945 17
1094 1171 26
672 737 3
1217 1286 8
712 780 6
1075 1135 0
1043 1118 26
1145 1198 17
1134 1204 0
783 833 2
1094 1135 6
1010 1119 10
1011 1117 6
965 1056 27
860 962 0
803 851 11
556 605 3
810 926 19
750 881 3
1122 1201 25
1070 1209 4
739 787 7
829 918 5
1111 1213 16
997 1091 12
907 942 2
903 954 1
654 715 8
626 698 27
965 1062 9
695 788 18
792 873 18
999 1104 20
1043 1083 8
899 979 8
1083 1192 23
1016 1098 5
567 658 7
590 660 10
787 886 25
1097 1205 21
883 985 26
951 999 17
829 889 18
1125 1172 21
1006 1106 21
925 1026 16
1173 1289 21
1037 1119 22
1042 1118 9
942 1035 4
818 861 7
1190 1288 20
846 946 2
793 862 26
627 677 11
723 779 1
852 882 23
1143 1225 4
657 696 7
1013 1105 27
1229 1286 3
507 625 13
631 732 3
1031 1109 26
937 1068 5
607 671 11
810 850 10
667 740 2
961 1076 14
653 728 17
948 1023 9
792 930 27
1142 1220 23
1106 1192 1
648 754 8
554 637 21
745 793 24
583 677 4
1190 1276 18
892 1012 20
1057 1114 15
1023 1101 2
1080 1196 14
1205 1287 21
956 1012 1
907 1005 23
997 1097 17
841 954 14
730 868 3
887 960 24
875 958 15
695 773 13
820 888 5
1122 1167 9
1200 1286 17
877 986 12
1024 1117 7
1189 1276 10
1209 1283 0
1140 1213 3
808 883 9
904 1042 0
548 679 22
748 844 7
661 719 21
987 1077 12
653 782 2
1021 1078 1
1005 1109 9
1001 1112 11
941 1015 4
1092 1223 16
1219 1288 14
567 680 5
1017 1065 4
740 815 8
1047 1115 26
1003 1079 3
1224 1267 16
1098 1182 24
1132 1202 14
1208 1288 13
898 982 9
1160 1269 22
988 1019 18
711 781 18
1014 1145 20
761 842 13
981 1104 24
840 880 26
678 769 4
773 837 11
1040 1118 16
1003 1117 19
1155 1219 27
720 795 21
1171 1270 22
1032 1099 17
1026 1102 0
1233 1278 23
917 1005 4
736 820 10
804 872 21
431 575 4
971 1074 18
965 1060 25
783 889 2
965 1038 0
964 1022 22
1216 1287 3
1115 1219 24
1110 1170 9
710 848 13
1047 1106 0
1207 1288 1
1139 1219 0
974 1101 14
801 871 2
1187 1241 12
1232 1284 14
1069 1171 19
1235 1287 12
782 875 26
881 977 0
1108 1161 20
915 993 14
791 887 3
734 839 3
1063 1119 6
555 661 11
1137 1270 3
860 929 2
694 769 12
696 783 15
844 888 1
1029 1117 18
1084 1165 16
941 976 9
926 999 16
742 863 27
1151 1266 11
695 783 0
782 884 18
1236 1282 21
1206 1258 25
608 646 4
1049 1101 20
1072 1106 18
690 774 1
1175 1268 24
1023 1119 9
986 1048 24
445 559 26
768 872 24
757 843 2
824 884 8
1178 1289 2
789 874 2
1219 1288 0
752 818 10
1042 1104 0
682 761 15
1212 1273 14
1240 1277 10
691 827 19
1086 1181 12
950 1091 15
1187 1277 22
1038 1112 23
754 877 7
1182 1279 12
984 1085 20
684 777 5
1000 1095 1
1122 1206 17
998 1094 26
785 886 0
1065 1155 17
1005 1102 15
1070 1115 15
993 1117 14
1127 1208 15
937 1011 13
798 874 11
902 964 24
1029 1069 6
1141 1201 9
1084 1180 13
1062 1146 7
1050 1170 7
980 1055 24
1149 1226 20
926 1016 4
1059 1146 17
770 862 17
662 792 11
750 818 27
1202 1284 20
1193 1280 1
1030 1118 12
1109 1239 22
1208 1283 17
1220 1277 11
1194 1288 23
1095 1151 1
771 887 4
1047 1106 12
1202 1279 14
1168 1277 17
1029 1105 12
1000 1084 13
656 733 12
1017 1105 8
1211 1281 11
1023 1107 16
1223 1289 19
993 1057 5
1158 1245 3
904 985 5
1202 1286 25
959 1043 2
1156 1288 13
1053 1093 10
709 797 7
1163 1214 8
1013 1107 13
706 746 11
993 1030 7
776 887 12
1138 1194 5
1235 1272 2
1196 1287 17
1223 1287 21
1037 1165 4
763 846 13
827 887 10
1138 1205 9
659 746 19
942 1013 27
836 884 5
1206 1270 19
1113 1223 7
1125 1189 15
757 853 15
1167 1289 4
1050 1181 16
1039 1073 4
751 823 7
800 884 9
772 884 15
971 1075 10
1178 1279 20
739 796 0
1231 1274 9
820 881 27
1001 1072 16
799 885 0
1166 1288 6
786 886 22
1076 1106 6
928 987 19
969 1093 4
1225 1281 16
1166 1218 23
746 828 24
984 1067 20
1151 1229 1
1054 1106 8
1251 1285 15
724 775 23
606 693 4
751 827 20
988 1118 19
821 876 23
1201 1270 26
1146 1218 7
973 1036 14
779 854 11
1224 1269 9
854 918 4
1035 1113 6
864 964 13
1034 1078 25
944 1078 27
1171 1270 9
856 889 15
993 1114 1
916 1017 9
1009 1092 26
801 877 7
761 855 13
748 846 4
602 652 22
1014 1102 17
631 672 24
766 838 18
1073 1129 5
1199 1252 18
992 1078 4
1221 1288 15
742 858 27
580 635 8
1084 1119 19
960 1045 14
1226 1288 20
1108 1196 4
1076 1191 18
1220 1289 7
1222 1287 15
901 1002 18
761 871 19
1188 1285 16
791 842 5
1195 1284 6
1215 1278 20
985 1090 1
1180 1289 13
1043 1108 2
1006 1106 17
916 949 11
768 859 3
1167 1248 9
1068 1119 4
1017 1086 12
814 883 11
1062 1119 9
1154 1216 21
1209 1284 4
1191 1282 18
1078 1194 27
1009 1095 18
1189 1280 27
883 970 25
1007 1093 23
804 853 6
Shifts = 4
0 0 0 0 0 0
420 0 0 470 0 0
660 0 0 460 0 0
810 0 0 480 0 0
Employees = 20
461: 0 7 17 19 20 22 36 38 43 47 48 49 51 55 57 58 63 64 68 69 70 74 77 79 80 83 84 89 90 92 95 98 99 100 102 105 114 116 120 129 134 139 140 142 147 150 153 154 155 157 159 162 163 164 165 167 168 169 173 174 176 178 189 190 199 206 207 209 211 216 217 224 225 231 234 235 239 243 244 247 249 250 258 261 263 264 265 267 271 273 277 278 281 284 289 304 305 311 312 313 317 318 327 330 340 342 343 345 357 359 360 361 364 368 373 376 377 378 379 380 384 387 388 389 390 391 392 397 400 403 411 412 413 415 416 417 418 439 448 450 460 465 466 467 469 470 471 473 478 480 486 487 493 494 497 499 500 506 507 508 511 513 514 518 519 520 522 525 526 527 528 530 531 532 533 535 537 538 539 541 544 551 553 560 567 572 577 583 586 587 590 592 596 600 602 603 604 607 613 618 621 628 630 631 638 645 646 652 653 655 660 662 666 671 672 677 682 688 703 706 709 714 716 718 719 722 723 724 729 730 733 736 737 740 743 745 747 748 749 750 751 754 757 761 773 774 775 776 778 779 780 781 782 785 788 790 791 792 800 808 811 819 820 823 825 826 828 831 832 833 836 837 841 844 853 854 859 860 864 868 871 873 886 888 891 895 897 899 900 907 910 911 920 923 924 927 934 938 939 940 941 942 944 945 946 949 954 961 963 964 966 969 970 972 977 979 981 995 998 1011 1020 1029 1032 1034 1035 1038 1039 1042 1046 1047 1053 1056 1057 1059 1060 1061 1062 1063 1065 1078 1079 1084 1086 1087 1093 1096 1102 1103 1107 1109 1112 1113 1120 1124 1126 1130 1131 1134 1136 1142 1144 1145 1156 1158 1161 1166 1169 1175 1176 1180 1182 1185 1186 1187 1191 1192 1193 1194 1195 1198 1200 1205 1206 1209 1210 1214 1215 1221 1222 1224 1229 1230 1231 1233 1236 1238 1239 1240 1241 1244 1245 1251 1252 1253 1256 1257 1259 1262 1264 1266 1268 1269 1275 1276 1280 1283 1284 1288 1292 1295 1298 1300 1303 1309 1325 1326 1329 1332 1334 1347 1353 1354 1356 1359 1368 1372 1376 1381 1383 1384 1385 1387 1388 1392 1403 1406 1409 1412 1415 1417 1418 1423 1424 1425 1426 1428 1433 1434 1437 1438 1439 
425: 10 17 25 27 28 37 45 47 48 55 60 64 67 68 72 74 75 78 79 80 81 82 83 86 87 91 100 102 104 108 114 118 123 128 131 137 138 145 149 160 161 163 164 167 169 176 181 182 185 186 187 190 195 197 200 201 202 205 209 211 212 214 216 217 219 221 223 225 227 228 239 240 243 244 245 246 249 252 256 257 260 263 266 268 271 272 273 275 282 283 288 289 290 298 300 303 304 306 307 308 314 315 324 327 331 332 334 337 339 346 349 356 359 363 364 372 377 379 385 386 388 389 392 395 396 406 411 412 413 417 419 424 428 431 438 441 448 451 452 458 459 461 473 474 478 482 483 485 490 492 495 500 501 502 512 513 522 524 525 536 539 544 546 552 553 554 555 556 559 562 563 569 578 579 580 583 589 596 600 603 609 613 623 627 628 630 631 633 634 639 640 643 650 653 659 664 675 676 678 680 681 682 683 684 687 693 694 697 698 699 701 702 704 712 717 720 722 723 724 726 731 734 736 737 739 741 746 752 753 757 758 759 761 762 763 765 766 785 786 788 789 790 792 793 795 796 799 802 807 812 815 823 824 825 836 839 844 845 846 848 850 852 858 861 865 872 876 880 882 884 886 888 897 902 904 909 910 912 915 920 923 928 936 937 938 941 942 946 951 952 954 955 962 965 970 971 974 975 980 981 983 989 998 1000 1002 1003 1011 1018 1019 1021 1025 1028 1029 1031 1033 1037 1039 1041 1043 1044 1046 1048 1050 1052 1057 1061 1064 1066 1071 1072 1074 1078 1086 1089 1092 1100 1105 1110 1111 1116 1118 1122 1127 1129 1130 1142 1146 1147 1149 1150 1152 1155 1156 1157 1159 1163 1166 1173 1181 1185 1186 1191 1195 1198 1204 1214 1220 1221 1222 1225 1227 1233 1236 1239 1243 1244 1246 1248 1254 1260 1262 1267 1281 1284 1285 1288 1290 1295 1296 1300 1301 1306 1309 1310 1313 1318 1321 1327 1329 1330 1333 1334 1336 1338 1339 1342 1343 1345 1352 1358 1363 1374 1376 1380 1386 1401 1408 1423 1426 1429 1431 1433 1435 1438 1440 
431: 1 4 16 17 19 22 25 27 30 32 41 47 54 56 65 73 76 82 85 88 89 90 91 92 93 94 101 103 104 106 107 113 127 131 133 135 139 142 145 152 154 159 162 172 175 181 183 188 189 194 198 199 201 203 208 211 220 221 235 240 244 247 249 251 256 257 258 260 268 271 273 281 282 287 289 298 310 315 318 319 321 322 323 324 326 327 328 330 333 334 336 342 344 346 347 348 349 359 360 361 365 367 369 371 373 374 375 376 382 386 392 393 397 398 400 405 409 413 418 420 423 432 434 436 437 441 442 445 457 458 462 470 476 478 479 481 487 489 496 497 498 500 503 509 510 511 514 515 522 527 528 532 533 535 539 540 542 545 546 548 550 552 563 566 568 569 576 578 588 590 592 594 595 602 604 605 609 612 615 626 635 638 640 649 655 656 661 663 671 683 684 685 689 690 693 694 699 704 705 707 709 720 725 726 727 729 731 732 736 738 739 740 748 750 752 759 760 766 770 773 777 779 784 788 789 790 792 793 797 798 807 810 816 819 820 824 826 831 839 840 841 843 844 847 851 855 856 865 868 871 872 875 876 878 889 895 904 905 907 914 923 924 926 928 929 930 931 932 933 934 936 937 941 946 950 951 953 955 956 957 958 962 965 966 972 980 983 984 988 989 992 993 1000 1003 1004 1022 1024 1027 1029 1031 1040 1042 1044 1045 1055 1056 1058 1061 1066 1067 1074 1077 1080 1081 1082 1084 1085 1086 1088 1089 1090 1091 1093 1094 1095 1101 1103 1104 1105 1106 1107 1110 1115 1116 1117 1119 1123 1127 1128 1129 1130 1132 1136 1137 1139 1144 1148 1150 1151 1158 1160 1161 1163 1165 1166 1168 1173 1178 1180 1184 1186 1188 1191 1201 1205 1208 1214 1216 1218 1221 1225 1226 1228 1231 1232 1233 1234 1237 1238 1244 1245 1250 1251 1261 1267 1270 1271 1272 1273 1281 1286 1295 1296 1299 1304 1307 1313 1320 1321 1322 1325 1329 1334 1335 1340 1344 1345 1357 1359 1360 1362 1363 1366 1368 1376 1377 1382 1385 1387 1402 1403 1412 1413 1416 1421 1433 1434 1435 1436 1437 1438 
461: 0 4 10 11 12 13 16 19 21 24 25 28 30 33 34 38 39 51 52 53 54 57 63 65 70 73 74 76 77 79 82 84 85 86 92 94 96 102 109 110 111 113 114 117 118 121 122 124 126 128 130 135 136 139 140 142 143 145 155 158 159 160 166 167 168 172 174 175 176 181 183 184 185 187 190 191 192 193 197 198 200 202 207 209 210 220 221 224 225 226 227 236 238 241 243 247 250 254 256 261 270 280 281 284 285 287 288 290 293 295 311 315 316 319 320 321 324 328 329 331 336 341 347 352 356 359 361 362 370 373 374 376 379 383 388 390 391 392 397 402 408 409 417 419 427 428 429 432 436 439 441 453 457 462 465 468 469 471 472 476 479 483 489 492 494 499 505 512 513 516 525 532 534 536 541 545 546 547 553 559 560 570 575 576 579 583 584 585 587 591 592 593 595 597 599 603 605 606 610 612 614 623 630 632 633 634 635 638 641 645 652 653 655 657 660 661 662 663 664 667 671 672 674 675 676 678 681 682 683 685 695 696 697 712 714 715 727 728 734 736 737 742 745 746 749 750 754 762 766 773 780 789 791 803 804 805 806 808 809 813 815 819 820 821 828 829 834 835 839 845 847 849 855 856 861 864 875 877 882 883 887 893 896 898 901 913 917 924 925 926 931 932 933 944 947 948 950 951 954 955 960 962 966 969 971 974 976 982 984 994 997 1001 1004 1008 1010 1013 1016 1018 1022 1023 1038 1044 1045 1047 1048 1050 1052 1054 1062 1064 1066 1069 1070 1072 1077 1078 1080 1081 1087 1090 1091 1093 1095 1097 1099 1100 1102 1108 1110 1111 1115 1117 1119 1121 1129 1132 1137 1139 1141 1142 1143 1146 1149 1152 1155 1157 1166 1167 1169 1170 1171 1175 1179 1182 1186 1187 1190 1201 1205 1209 1219 1221 1224 1225 1230 1231 1235 1239 1241 1243 1250 1255 1260 1264 1274 1275 1276 1278 1280 1284 1285 1286 1288 1290 1293 1295 1299 1305 1309 1311 1315 1316 1319 1323 1329 1332 1333 1335 1337 1338 1340 1342 1345 1347 1348 1349 1350 1351 1353 1356 1357 1358 1361 1363 1366 1367 1369 1370 1373 1374 1375 1378 1379 1383 1388 1390 1393 1396 1399 1405 1406 1407 1414 1417 1419 1423 1429 1433 1436 1439 1440 
461: 0 7 13 15 18 19 20 21 25 27 29 32 34 39 40 41 42 44 49 54 55 58 67 70 71 75 85 90 92 96 97 101 103 105 106 112 113 121 133 134 136 138 139 141 142 143 146 148 149 152 153 154 157 160 162 163 164 165 168 177 183 187 192 196 199 203 215 219 220 228 230 240 241 242 243 249 252 253 259 261 268 275 280 283 284 286 288 289 291 297 304 306 311 315 319 320 322 326 327 332 333 335 338 342 344 346 348 352 357 358 362 364 365 367 368 369 370 374 376 379 381 382 385 387 396 400 403 410 416 420 423 424 426 432 436 438 439 441 444 445 447 449 451 452 455 456 459 461 463 468 471 472 475 477 481 482 483 493 498 502 507 510 512 513 515 517 519 521 531 534 535 538 543 544 546 547 549 554 557 559 561 563 565 570 571 576 584 585 587 588 591 595 602 603 604 606 607 608 612 615 620 623 629 635 641 644 645 646 649 652 654 655 656 657 658 659 663 664 665 666 668 670 674 675 676 677 679 684 685 686 688 689 692 693 700 704 705 708 711 714 722 726 728 731 734 736 738 739 740 747 749 752 753 756 758 765 766 768 771 772 779 780 781 783 786 787 788 792 793 795 800 801 808 810 811 812 813 815 818 819 824 827 830 831 834 836 847 850 853 854 859 864 866 867 880 881 882 885 887 889 891 892 893 895 901 903 904 908 911 913 914 916 917 918 919 925 930 936 937 941 945 958 960 963 967 969 979 980 988 992 997 1005 1007 1012 1014 1016 1022 1024 1030 1031 1032 1034 1035 1036 1039 1047 1048 1056 1064 1065 1069 1077 1079 1081 1087 1094 1096 1098 1099 1101 1102 1104 1107 1108 1112 1115 1117 1126 1127 1140 1146 1147 1152 1153 1154 1162 1163 1164 1170 1171 1172 1174 1176 1186 1194 1195 1196 1197 1207 1209 1211 1215 1217 1218 1227 1233 1234 1240 1243 1251 1255 1260 1262 1264 1268 1272 1276 1279 1282 1283 1284 1289 1290 1293 1295 1301 1311 1313 1315 1316 1319 1322 1323 1326 1331 1332 1333 1337 1339 1340 1341 1342 1345 1348 1350 1359 1364 1366 1376 1377 1379 1382 1387 1389 1390 1391 1393 1397 1399 1400 1404 1406 1412 1414 1416 1419 1424 1429 1432 1437 1439 
434: 7 12 19 31 38 39 42 47 48 53 54 55 57 68 71 73 78 84 89 93 99 104 105 109 111 114 121 123 129 130 131 132 134 135 143 147 148 152 162 165 167 169 171 173 177 179 183 184 186 187 190 196 199 201 206 208 213 214 221 223 232 233 242 245 246 248 257 258 268 270 271 274 277 281 282 283 285 293 297 299 301 303 308 312 316 318 319 320 321 325 328 339 342 343 344 345 346 350 353 359 362 368 369 370 371 374 384 387 388 393 394 395 397 398 401 403 404 406 408 409 410 413 419 426 431 432 434 436 441 442 446 447 451 453 459 461 464 465 467 468 470 472 473 475 484 487 489 495 497 498 501 502 506 515 518 520 522 527 530 531 539 542 543 550 552 557 558 559 561 562 569 571 577 578 581 582 586 588 591 594 607 610 613 614 615 618 620 621 627 628 631 632 633 635 644 645 650 652 653 655 657 664 666 674 678 681 683 687 693 699 700 703 705 707 709 710 711 715 722 740 746 748 754 755 756 769 771 772 775 789 805 807 812 814 820 822 824 826 830 831 833 834 840 841 845 850 851 853 855 862 868 872 873 876 877 879 890 892 896 897 900 910 914 915 922 923 927 928 929 932 933 935 936 942 958 971 975 977 978 979 981 985 986 989 993 997 999 1001 1005 1008 1011 1012 1014 1015 1016 1023 1027 1029 1040 1042 1049 1050 1057 1059 1061 1062 1064 1068 1077 1080 1082 1086 1087 1088 1092 1100 1103 1104 1106 1110 1111 1112 1113 1114 1120 1122 1124 1125 1127 1130 1131 1134 1138 1140 1142 1143 1144 1145 1146 1148 1149 1151 1152 1165 1166 1167 1168 1170 1173 1174 1178 1181 1183 1184 1186 1188 1189 1190 1192 1193 1197 1202 1215 1218 1219 1221 1222 1224 1234 1235 1242 1245 1254 1255 1257 1258 1259 1265 1270 1278 1280 1286 1288 1294 1297 1302 1304 1305 1311 1313 1314 1317 1320 1321 1323 1326 1327 1335 1336 1341 1343 1344 1346 1356 1360 1362 1367 1368 1371 1374 1378 1379 1380 1382 1383 1384 1392 1398 1399 1404 1406 1410 1411 1414 1415 1419 1425 1429 1430 1431 1432 1437 1439 1440 
414: 0 3 9 17 20 21 24 28 34 35 36 38 41 42 46 47 49 54 60 61 65 67 68 69 72 74 76 79 80 84 85 86 100 103 108 111 116 117 118 119 120 123 127 129 133 137 140 141 142 148 154 157 158 159 161 166 168 169 171 174 175 183 188 199 202 207 214 215 216 217 222 229 230 233 234 235 236 238 241 244 247 250 253 258 263 278 279 280 283 287 289 292 306 308 310 312 315 320 332 346 348 349 353 361 362 365 366 369 371 372 373 375 377 380 382 384 385 394 397 399 401 403 406 409 410 412 416 419 421 425 426 428 430 431 432 434 435 439 440 446 447 451 453 456 459 462 464 468 470 473 474 478 480 481 485 492 494 496 498 502 504 511 516 517 520 522 525 530 539 540 541 542 544 547 548 551 563 568 574 575 584 585 589 591 593 596 598 599 601 604 608 611 614 615 616 618 622 623 624 625 632 633 635 638 640 649 661 662 666 674 679 683 685 686 688 689 692 693 694 701 706 709 717 718 720 721 728 733 738 750 751 752 753 766 767 772 776 777 779 781 783 787 791 796 811 812 814 815 819 822 823 824 826 829 830 834 835 839 847 850 854 859 860 861 862 871 874 875 876 878 880 883 885 888 890 893 896 900 904 906 909 922 927 934 935 938 940 945 948 950 952 962 964 968 970 971 973 977 981 982 992 994 995 1006 1009 1011 1013 1015 1017 1018 1023 1032 1036 1037 1041 1048 1049 1052 1054 1059 1066 1067 1076 1083 1087 1090 1092 1094 1097 1100 1107 1121 1124 1129 1143 1147 1148 1162 1169 1172 1178 1180 1181 1186 1188 1190 1191 1196 1197 1200 1212 1214 1216 1219 1223 1224 1225 1229 1230 1233 1236 1237 1239 1244 1248 1253 1256 1261 1262 1265 1276 1282 1286 1287 1289 1290 1293 1296 1300 1305 1311 1313 1314 1318 1322 1327 1333 1334 1340 1345 1350 1351 1352 1355 1362 1369 1375 1384 1389 1390 1391 1392 1404 1405 1407 1414 1415 1416 1417 1420 1422 1423 1425 1434 
413: 4 9 16 17 23 24 29 40 43 46 50 53 54 58 64 66 67 68 75 76 79 80 82 88 98 102 103 104 108 114 122 125 126 130 132 133 143 146 151 156 160 165 168 170 175 176 182 183 184 190 191 193 200 203 205 207 213 220 221 224 229 230 233 237 239 244 248 249 250 252 253 256 258 263 265 266 267 268 269 270 279 282 284 285 287 294 296 298 301 302 303 307 309 310 317 321 329 330 332 335 339 340 344 345 351 353 355 360 363 364 365 369 370 372 375 377 378 384 387 389 396 401 403 404 412 413 418 420 423 429 431 432 434 436 437 440 441 446 453 459 460 461 473 474 481 487 489 491 492 499 500 502 507 510 512 514 515 517 519 523 524 531 539 542 543 551 552 559 562 564 566 568 569 573 579 582 586 588 592 594 595 600 601 603 604 605 607 609 610 615 616 621 625 626 627 628 630 638 639 640 643 646 648 650 651 652 653 657 658 662 665 673 681 690 692 696 700 701 704 711 712 713 716 721 722 724 737 739 740 742 751 755 757 758 763 767 770 772 775 778 781 782 790 794 796 802 804 805 806 810 814 821 826 828 839 843 849 852 857 862 878 887 888 890 894 899 900 901 913 914 919 921 923 934 936 947 948 957 961 962 966 967 970 976 977 983 991 1001 1002 1006 1012 1021 1026 1027 1030 1033 1034 1037 1041 1044 1050 1052 1058 1059 1060 1075 1077 1078 1085 1087 1090 1094 1096 1099 1104 1107 1108 1113 1116 1117 1119 1121 1123 1124 1125 1127 1129 1139 1143 1145 1152 1154 1156 1157 1161 1166 1169 1170 1172 1174 1178 1185 1189 1190 1191 1200 1203 1204 1206 1210 1211 1214 1215 1220 1227 1231 1234 1235 1239 1243 1248 1251 1253 1257 1258 1259 1261 1265 1266 1273 1274 1280 1281 1286 1291 1297 1298 1299 1300 1301 1308 1312 1315 1316 1322 1324 1326 1335 1336 1337 1338 1342 1343 1344 1358 1365 1370 1377 1379 1381 1383 1386 1394 1400 1401 1408 1416 1425 1429 1431 1433 1435 1437 
447: 0 2 4 11 14 16 21 27 29 41 43 44 45 46 47 48 50 52 58 66 73 82 84 87 97 98 101 102 104 105 111 119 122 125 127 129 132 135 137 149 152 153 160 162 163 167 170 176 177 182 185 191 192 194 195 196 197 203 204 205 209 210 213 214 215 218 220 222 223 225 226 227 230 236 238 241 248 250 252 256 264 265 266 267 273 274 278 279 280 283 284 290 295 297 300 302 313 314 318 322 325 330 331 334 335 337 338 343 344 348 350 351 352 354 356 357 359 360 361 362 365 367 375 381 392 398 407 410 411 412 416 418 420 421 426 430 431 435 436 437 441 444 445 449 450 454 455 460 461 462 469 474 476 478 482 486 487 491 495 497 498 499 500 507 510 511 522 525 526 527 529 530 531 535 539 541 546 548 552 556 558 562 563 566 570 574 575 578 585 587 588 589 593 594 595 597 598 599 606 607 610 612 617 628 630 634 635 638 642 643 647 648 649 651 652 659 662 666 667 669 677 678 679 681 682 687 689 691 700 701 703 710 712 715 716 722 723 724 729 730 731 732 733 735 742 750 753 754 757 758 760 761 762 764 765 771 777 784 789 792 796 797 800 803 810 811 813 816 822 824 825 833 837 839 840 841 842 852 856 857 858 863 866 867 873 876 878 893 898 902 904 912 913 921 924 926 927 928 930 932 933 937 946 947 951 954 966 967 969 970 973 974 979 980 983 985 988 992 995 999 1003 1010 1012 1013 1016 1020 1023 1028 1029 1032 1034 1037 1038 1046 1047 1050 1051 1057 1074 1076 1077 1079 1082 1090 1092 1097 1098 1108 1118 1129 1134 1142 1143 1146 1154 1157 1158 1162 1163 1164 1169 1173 1178 1180 1184 1185 1186 1188 1189 1190 1193 1197 1202 1203 1215 1217 1223 1226 1228 1230 1231 1233 1234 1235 1238 1247 1250 1252 1254 1258 1259 1264 1266 1267 1268 1272 1280 1286 1288 1292 1300 1302 1308 1310 1315 1319 1321 1322 1327 1330 1331 1333 1342 1344 1345 1347 1348 1350 1353 1355 1364 1366 1367 1372 1374 1375 1379 1380 1381 1383 1386 1391 1392 1393 1397 1405 1407 1409 1410 1412 1413 1418 1419 1421 1424 1427 1428 
443: 2 3 8 9 15 17 20 22 23 26 28 30 31 32 33 36 38 39 42 49 53 55 56 58 62 63 64 66 69 70 78 80 81 83 87 88 91 94 96 97 99 100 101 107 108 109 114 116 119 120 122 123 135 142 147 152 160 161 168 172 180 181 194 200 204 205 206 209 210 217 222 226 228 229 231 235 237 238 240 243 244 247 253 254 258 259 261 262 263 265 268 269 271 273 280 281 283 284 287 290 297 304 306 309 310 311 313 314 317 319 322 323 329 339 345 347 348 351 361 368 370 372 375 379 389 391 396 405 406 411 414 419 436 437 441 445 446 447 450 451 458 460 462 463 472 475 477 479 494 495 499 500 503 504 521 523 524 529 537 541 542 544 545 549 553 556 561 565 570 574 576 578 580 581 587 594 599 600 607 613 616 621 622 629 631 637 641 645 647 654 655 657 659 660 663 665 667 668 671 674 677 678 679 686 689 691 692 694 695 696 697 698 700 701 705 706 707 710 711 715 717 718 722 724 726 737 743 745 746 751 754 756 758 762 769 777 779 781 782 783 785 790 794 799 801 802 805 806 807 809 810 811 814 822 826 831 834 836 840 846 848 852 853 858 867 868 875 878 880 883 885 887 890 892 893 897 900 902 907 908 909 912 913 915 916 917 918 919 923 924 930 931 936 939 942 944 945 947 948 950 960 961 963 966 968 969 972 974 979 986 994 995 1001 1003 1005 1006 1008 1009 1010 1011 1016 1022 1025 1032 1039 1042 1047 1050 1057 1065 1069 1070 1075 1078 1080 1084 1085 1088 1089 1091 1094 1100 1105 1111 1115 1116 1119 1123 1124 1128 1129 1131 1139 1141 1148 1149 1152 1156 1161 1163 1165 1168 1170 1174 1176 1177 1185 1187 1189 1195 1201 1207 1208 1210 1212 1216 1219 1220 1224 1226 1231 1233 1236 1239 1240 1250 1252 1254 1256 1258 1263 1265 1268 1274 1278 1284 1287 1288 1289 1294 1296 1304 1309 1313 1319 1323 1325 1329 1336 1341 1342 1348 1350 1353 1354 1362 1363 1369 1372 1377 1379 1380 1383 1384 1385 1387 1389 1392 1393 1395 1404 1405 1407 1408 1409 1411 1418 1419 1421 1422 1425 1438 1439 
437: 1 3 7 10 12 18 20 25 28 29 30 34 35 36 42 53 54 59 60 61 63 66 67 77 80 82 86 90 92 98 100 103 104 108 111 112 113 121 135 141 143 145 154 160 165 172 175 177 179 185 192 193 194 195 196 201 203 204 210 211 217 218 221 224 228 229 233 234 239 241 244 245 248 249 258 260 261 263 273 276 281 283 285 291 292 297 299 306 310 314 319 325 329 333 340 342 344 352 355 357 358 360 364 365 366 370 371 374 377 380 383 385 393 396 397 398 407 412 413 422 429 433 436 440 458 459 460 461 462 467 474 475 478 480 482 484 487 488 490 491 499 507 508 510 513 514 520 522 524 532 535 537 543 546 547 552 555 557 560 561 564 567 569 571 581 586 589 590 593 594 596 598 604 605 606 607 608 611 612 615 616 620 625 626 628 630 631 637 643 651 655 661 664 665 667 669 671 680 686 688 690 692 695 700 702 707 709 710 711 722 725 726 728 734 735 738 743 745 747 750 751 752 755 756 760 763 766 770 777 781 783 786 793 796 798 801 809 810 820 821 822 825 835 836 838 842 844 846 851 857 860 861 863 864 867 871 873 875 878 882 886 897 898 899 901 905 907 911 924 927 936 941 945 948 953 955 960 969 972 975 980 984 988 991 992 997 998 999 1003 1004 1012 1016 1020 1021 1022 1024 1025 1026 1027 1029 1037 1039 1040 1041 1045 1053 1054 1055 1057 1062 1067 1068 1072 1073 1082 1087 1088 1091 1095 1098 1103 1106 1107 1108 1109 1115 1118 1132 1133 1135 1140 1143 1147 1153 1155 1164 1172 1173 1175 1177 1178 1179 1180 1184 1185 1187 1188 1193 1198 1201 1202 1208 1212 1215 1218 1219 1222 1223 1224 1231 1233 1235 1237 1238 1239 1240 1249 1251 1255 1256 1257 1258 1261 1262 1264 1266 1267 1268 1271 1278 1285 1289 1295 1298 1299 1300 1304 1308 1312 1313 1318 1321 1327 1328 1329 1332 1334 1339 1340 1341 1342 1347 1351 1353 1355 1361 1366 1368 1369 1371 1376 1377 1378 1381 1382 1385 1388 1391 1393 1394 1395 1397 1398 1399 1400 1401 1403 1405 1408 1413 1418 1421 1426 1430 1432 1435 1436 
411: 1 2 4 6 8 10 16 17 20 24 25 35 37 39 41 43 44 45 48 50 60 62 64 73 85 90 95 99 102 103 104 111 118 122 129 132 133 134 135 137 140 141 142 144 148 151 152 154 164 166 171 173 177 186 188 192 194 197 198 202 203 205 206 210 222 229 234 235 237 241 246 247 251 253 254 260 263 265 269 270 273 275 278 286 287 288 290 294 301 305 306 309 310 311 318 319 320 327 328 329 330 332 349 350 353 356 362 365 367 369 372 374 383 384 387 388 390 392 397 399 400 401 402 407 410 411 418 420 421 437 441 442 443 447 448 459 463 464 467 468 471 476 482 483 490 493 495 497 498 501 506 510 511 513 517 521 525 526 528 529 530 535 537 542 548 549 550 556 559 563 565 571 572 573 583 586 592 595 597 602 603 608 613 622 628 632 633 637 642 643 645 646 647 648 649 650 653 656 660 661 664 677 679 680 688 689 699 701 704 710 718 722 725 726 728 729 731 732 733 747 749 750 752 754 758 762 763 765 767 770 771 773 775 776 781 783 789 802 803 804 806 811 814 815 819 820 825 827 831 835 847 852 853 854 856 862 863 875 876 878 881 882 883 884 885 888 890 891 895 897 899 904 907 909 914 917 920 923 930 934 936 938 939 947 950 957 958 959 960 962 968 969 970 972 973 981 983 984 989 997 1001 1009 1014 1016 1019 1024 1028 1036 1039 1044 1046 1047 1051 1053 1055 1058 1062 1064 1068 1069 1070 1071 1072 1075 1079 1084 1087 1091 1092 1102 1103 1106 1108 1111 1112 1113 1115 1118 1123 1125 1129 1134 1143 1145 1150 1155 1157 1161 1167 1175 1187 1188 1191 1198 1204 1205 1212 1213 1215 1225 1226 1227 1231 1232 1234 1236 1240 1249 1250 1254 1260 1266 1270 1272 1277 1281 1292 1295 1299 1302 1304 1316 1318 1320 1321 1324 1325 1331 1334 1337 1340 1346 1348 1350 1353 1355 1360 1363 1378 1379 1381 1383 1390 1399 1400 1409 1416 1420 1424 1427 1428 
416: 0 9 10 11 12 15 33 35 39 40 41 43 44 45 47 49 59 64 71 72 73 74 80 82 94 104 105 110 119 122 124 125 126 133 141 142 143 146 149 152 159 166 169 172 175 176 178 182 183 184 197 208 211 212 213 214 216 220 225 227 228 230 231 233 238 242 245 247 248 252 253 255 256 260 263 265 266 268 272 282 288 294 295 297 298 309 318 319 328 331 342 344 352 359 360 361 372 375 377 382 388 390 393 396 399 401 403 406 407 412 415 417 418 419 421 428 430 433 434 437 439 441 444 445 446 449 453 455 459 462 463 464 468 470 471 475 482 483 485 488 489 491 499 504 508 514 518 528 531 533 537 538 549 552 553 557 560 568 570 571 576 580 581 585 588 591 601 602 612 615 617 620 621 622 623 624 627 632 638 639 642 657 658 660 665 669 672 683 685 687 690 692 702 705 706 707 710 712 719 723 730 734 738 740 741 742 756 761 766 767 770 772 776 777 780 781 790 794 795 798 800 805 806 807 812 816 818 821 822 823 824 826 828 829 833 834 835 836 837 840 849 851 853 861 862 864 870 871 872 874 877 878 882 883 884 888 892 898 900 903 908 909 912 916 917 920 923 924 927 929 931 939 942 946 948 950 953 966 968 972 974 975 977 978 988 992 1001 1003 1010 1011 1012 1015 1017 1018 1020 1024 1025 1026 1031 1035 1037 1040 1044 1045 1046 1048 1049 1051 1054 1055 1056 1060 1068 1071 1072 1077 1085 1088 1090 1091 1092 1094 1096 1098 1105 1110 1111 1113 1114 1120 1122 1124 1127 1140 1141 1151 1157 1161 1162 1165 1168 1174 1176 1179 1181 1185 1195 1200 1203 1208 1211 1212 1214 1215 1217 1218 1221 1222 1224 1225 1235 1239 1240 1243 1247 1252 1253 1260 1262 1263 1265 1281 1282 1283 1285 1298 1301 1302 1306 1308 1314 1324 1326 1335 1337 1341 1343 1344 1346 1347 1349 1350 1357 1365 1367 1370 1371 1373 1378 1399 1400 1401 1402 1403 1404 1410 1411 1416 1417 1423 1425 1429 1430 1431 1433 1437 
439: 0 2 3 7 13 16 21 22 25 28 38 41 43 55 58 64 65 66 68 70 73 74 76 78 81 82 83 85 86 90 93 96 112 122 124 130 132 133 136 139 143 144 150 153 154 155 159 160 162 163 164 165 167 170 180 182 183 188 189 191 192 193 194 196 211 212 213 214 215 216 222 223 224 225 226 227 229 233 236 237 241 243 247 250 252 258 262 266 274 277 279 284 286 302 303 306 308 309 310 315 316 317 318 321 323 331 335 336 339 342 343 347 348 349 350 354 355 358 362 367 370 373 374 375 380 385 390 394 396 400 401 404 405 412 416 419 435 436 438 441 447 448 449 450 452 454 460 472 473 478 479 491 496 498 504 505 513 519 529 531 532 536 537 538 540 541 546 547 548 549 550 556 558 559 560 564 569 577 580 586 595 598 601 610 616 620 624 625 626 627 629 630 633 634 636 637 639 643 650 654 655 657 662 666 672 673 685 687 695 696 709 710 717 721 722 724 727 730 737 738 740 742 757 773 774 777 780 782 783 786 790 800 804 815 816 818 819 820 821 822 823 824 826 827 830 832 833 834 835 840 844 847 848 849 850 853 857 858 860 862 865 866 872 884 886 889 890 892 893 894 895 897 898 907 910 911 912 914 918 926 927 928 930 937 939 944 950 951 952 954 960 964 971 972 975 979 982 994 999 1000 1003 1007 1011 1015 1018 1019 1020 1023 1024 1027 1028 1029 1037 1038 1039 1040 1052 1055 1056 1057 1062 1066 1068 1069 1070 1072 1074 1077 1084 1091 1092 1093 1096 1101 1107 1109 1110 1112 1115 1117 1118 1119 1125 1137 1138 1140 1147 1151 1152 1157 1160 1163 1168 1169 1180 1181 1182 1186 1187 1188 1189 1193 1198 1199 1204 1210 1211 1212 1214 1217 1221 1222 1224 1226 1228 1232 1239 1242 1253 1254 1256 1258 1261 1274 1281 1283 1285 1286 1287 1290 1291 1293 1296 1301 1302 1306 1312 1313 1315 1321 1322 1324 1334 1337 1338 1339 1350 1354 1356 1358 1361 1362 1363 1365 1366 1367 1368 1369 1370 1371 1373 1379 1381 1392 1393 1398 1399 1400 1401 1403 1404 1406 1417 1420 1430 1434 1435 1436 1437 
429: 3 21 22 23 25 26 30 32 33 36 40 41 45 54 55 59 61 63 67 68 73 74 76 78 79 87 89 91 92 93 102 111 112 115 117 120 126 129 132 135 138 139 141 142 144 146 147 150 151 156 159 160 161 166 174 176 180 187 191 194 195 198 203 205 211 212 213 214 216 222 223 226 229 232 241 243 245 246 248 251 252 258 260 264 266 272 273 274 275 276 277 279 280 281 283 288 294 300 301 302 305 312 313 314 316 318 327 328 333 336 337 340 341 342 343 346 348 350 351 361 365 368 369 371 380 381 386 388 389 391 392 395 400 405 411 412 413 414 417 418 421 429 430 437 439 442 444 460 472 473 475 476 478 481 484 491 494 495 496 502 504 506 508 513 517 521 523 525 526 534 537 540 548 549 556 562 566 569 574 575 576 577 578 579 582 583 591 597 598 601 607 618 621 624 626 628 636 639 640 646 650 652 657 658 661 668 671 673 675 686 690 692 693 694 696 708 709 713 716 717 720 724 728 730 734 737 743 745 747 748 750 753 755 758 760 764 765 780 785 790 793 796 797 802 804 805 806 807 810 818 824 826 828 838 846 847 848 849 853 856 857 858 865 869 872 875 877 879 883 888 890 891 892 894 896 908 911 916 917 919 922 923 925 926 930 942 944 947 950 953 954 959 960 964 969 971 973 977 978 980 982 987 990 992 996 999 1002 1004 1005 1006 1008 1013 1015 1019 1020 1028 1029 1032 1037 1042 1049 1051 1053 1054 1055 1058 1060 1061 1062 1070 1073 1074 1080 1081 1095 1100 1104 1106 1110 1113 1114 1121 1125 1126 1128 1131 1132 1136 1137 1140 1147 1148 1149 1150 1153 1158 1160 1161 1169 1174 1179 1185 1188 1192 1195 1196 1201 1202 1203 1206 1208 1213 1216 1222 1226 1227 1232 1234 1236 1242 1249 1253 1258 1266 1267 1268 1270 1281 1291 1292 1297 1301 1302 1309 1310 1317 1322 1323 1325 1326 1343 1345 1348 1357 1358 1361 1363 1364 1366 1368 1369 1371 1373 1384 1388 1389 1403 1406 1408 1409 1417 1420 1421 1424 1425 1431 1433 1439 1440 
440: 1 2 5 9 10 18 24 27 29 31 36 37 39 42 45 49 50 54 62 63 66 68 69 70 71 75 77 78 81 85 87 89 90 98 101 105 108 114 119 122 123 124 127 132 133 135 136 140 143 144 145 147 151 155 156 157 158 161 163 169 171 172 190 191 192 193 197 202 208 210 212 213 221 226 234 238 240 241 243 247 248 251 253 256 257 259 260 261 262 263 268 271 275 277 281 286 288 293 295 296 297 299 305 306 309 311 316 318 321 326 329 332 334 339 344 347 348 354 357 369 371 374 377 379 380 385 386 389 390 394 400 403 404 408 409 413 417 421 426 428 435 436 437 441 450 451 455 462 466 470 473 474 475 496 501 502 503 507 512 513 518 519 523 524 526 528 531 532 533 534 537 539 547 548 558 561 562 565 572 579 580 582 590 593 596 598 600 607 623 624 628 634 636 640 643 644 645 647 651 653 654 655 661 671 673 679 691 693 694 699 704 707 710 712 713 721 722 725 727 728 730 731 737 738 739 746 750 751 752 756 759 762 765 766 768 770 797 803 807 811 814 817 820 826 829 831 832 833 844 848 850 853 854 855 862 868 879 881 885 886 889 895 896 899 900 902 904 905 906 910 912 913 914 915 917 918 921 925 926 933 935 940 944 946 949 951 954 956 957 959 961 964 968 976 981 982 984 987 994 996 1003 1010 1011 1015 1017 1019 1020 1027 1035 1036 1037 1039 1041 1046 1050 1051 1053 1057 1062 1071 1073 1090 1095 1096 1097 1105 1106 1107 1108 1112 1113 1115 1117 1118 1124 1127 1130 1132 1134 1139 1141 1142 1145 1147 1149 1151 1159 1160 1161 1166 1167 1172 1173 1174 1175 1176 1177 1179 1185 1186 1195 1199 1201 1210 1211 1212 1216 1217 1218 1219 1220 1235 1241 1242 1246 1250 1257 1260 1264 1267 1269 1270 1274 1275 1284 1285 1289 1293 1295 1297 1298 1299 1300 1302 1303 1304 1306 1307 1309 1312 1314 1316 1318 1319 1324 1326 1339 1342 1351 1352 1355 1356 1357 1360 1361 1362 1364 1369 1370 1371 1381 1384 1388 1390 1392 1396 1398 1400 1401 1404 1407 1413 1419 1421 1422 1423 1425 1436 1437 1438 
426: 2 5 7 11 12 13 16 19 20 21 29 37 42 44 45 53 61 62 66 70 71 73 74 92 97 101 104 106 107 108 117 123 125 127 128 132 133 135 140 144 147 149 151 152 158 175 178 185 187 191 200 202 211 219 221 222 225 235 238 239 246 249 254 255 257 261 263 265 269 272 278 280 281 284 285 287 288 294 296 297 299 302 303 304 305 306 310 312 316 317 321 326 327 329 331 333 335 341 343 345 348 354 355 357 358 362 365 368 378 379 381 383 387 390 391 392 395 400 401 405 411 415 416 425 426 430 434 439 442 444 452 454 457 458 462 463 469 470 472 473 475 478 481 486 497 500 502 506 508 509 512 515 520 524 531 538 539 547 548 559 564 565 567 568 571 573 574 576 579 581 582 588 591 594 595 598 599 603 608 613 619 624 627 628 632 637 638 641 644 647 648 649 650 651 652 653 657 663 668 673 678 679 684 685 689 696 701 704 706 715 722 723 725 727 730 731 732 734 735 743 744 747 761 763 764 766 768 769 771 774 779 782 788 796 811 815 816 828 833 837 838 840 842 843 845 848 852 853 855 857 858 859 860 863 867 870 875 879 882 889 893 902 905 908 915 917 921 924 929 930 937 942 947 951 955 956 958 959 964 968 970 978 980 983 985 986 987 988 993 1001 1002 1012 1016 1019 1024 1025 1028 1032 1033 1042 1050 1055 1063 1065 1068 1072 1074 1079 1080 1081 1082 1084 1085 1094 1098 1099 1108 1117 1118 1120 1121 1123 1124 1133 1134 1136 1137 1141 1144 1146 1149 1152 1156 1157 1158 1160 1162 1164 1165 1166 1168 1176 1178 1181 1183 1192 1193 1196 1198 1205 1209 1211 1212 1216 1220 1221 1224 1226 1228 1229 1232 1233 1234 1235 1254 1256 1258 1261 1263 1267 1268 1271 1273 1274 1276 1277 1278 1279 1281 1283 1284 1285 1287 1288 1289 1292 1295 1296 1297 1303 1304 1309 1312 1314 1317 1321 1323 1328 1330 1335 1336 1337 1343 1345 1348 1363 1366 1369 1370 1373 1376 1381 1386 1388 1389 1391 1392 1396 1397 1405 1422 1424 1426 1429 1430 1440 
418: 11 12 16 23 29 30 34 40 44 46 51 55 57 58 59 66 76 78 82 90 95 96 99 100 101 103 107 108 118 119 126 127 129 136 140 147 148 150 151 152 153 155 159 161 163 166 168 171 176 177 178 180 189 191 194 198 201 202 212 215 220 223 225 226 228 230 231 233 234 236 249 250 251 256 258 259 262 263 265 268 272 278 282 286 291 292 296 300 303 305 315 321 322 323 326 343 345 346 352 355 359 362 363 378 382 384 385 387 390 391 396 403 404 405 406 409 411 413 418 420 422 423 425 429 440 441 454 456 461 464 465 467 468 470 471 482 487 491 494 495 499 504 506 511 517 519 520 524 528 529 534 536 537 539 542 545 547 553 558 565 571 572 577 578 582 584 585 587 588 592 598 600 606 608 619 620 621 623 626 631 636 637 639 641 648 654 660 666 670 674 677 678 686 687 695 702 711 714 716 727 728 733 735 739 741 742 743 744 745 749 750 751 755 757 758 760 761 763 765 766 768 770 771 772 776 777 781 784 785 786 787 788 790 799 802 814 820 824 828 830 831 837 841 845 853 854 856 857 860 871 872 877 878 881 888 889 891 898 905 916 918 920 922 923 928 929 933 935 939 950 954 955 962 970 975 978 980 986 987 990 993 996 1000 1007 1009 1011 1015 1024 1025 1030 1031 1045 1049 1054 1056 1060 1064 1067 1075 1077 1079 1080 1085 1088 1089 1095 1098 1099 1105 1108 1109 1112 1120 1123 1125 1138 1146 1148 1160 1161 1163 1173 1176 1179 1181 1183 1186 1187 1191 1193 1197 1198 1199 1201 1203 1206 1207 1209 1213 1222 1227 1229 1230 1231 1233 1235 1236 1237 1240 1244 1246 1247 1249 1250 1252 1260 1262 1265 1267 1269 1270 1272 1273 1275 1278 1280 1282 1284 1289 1291 1294 1300 1306 1307 1309 1311 1312 1315 1320 1321 1325 1327 1333 1334 1336 1337 1340 1344 1349 1351 1356 1357 1363 1364 1367 1368 1370 1373 1376 1377 1380 1382 1384 1386 1393 1398 1400 1406 1415 1418 1423 1424 1425 1427 1435 1436 1438 1439 
432: 0 3 5 7 11 18 19 21 26 27 31 46 48 50 58 69 72 73 74 76 77 81 86 88 93 95 97 98 102 104 106 107 109 111 115 116 117 122 124 130 131 132 133 148 149 150 155 160 166 169 173 176 179 182 183 185 187 188 195 199 203 204 219 220 221 223 224 226 228 229 231 232 239 242 243 246 251 253 254 255 259 260 261 262 263 269 273 279 282 283 285 290 293 298 306 307 308 316 318 320 332 334 337 338 339 345 349 350 365 371 372 373 378 384 389 397 400 401 405 408 411 416 425 428 429 434 437 443 448 451 452 454 455 456 458 463 464 465 470 472 480 485 487 489 493 494 495 501 506 507 509 518 519 521 524 530 532 535 540 541 543 553 557 562 563 567 571 572 573 574 576 578 584 585 586 587 592 594 599 601 603 604 606 609 610 611 612 613 617 618 622 623 637 638 640 646 652 656 657 658 659 663 664 670 672 676 678 682 683 684 688 689 690 695 709 711 713 715 726 728 729 735 739 743 745 747 750 751 752 762 769 770 779 780 782 787 788 790 791 794 796 798 801 803 806 808 811 815 816 819 822 827 829 833 834 839 842 843 844 849 860 869 870 875 877 879 886 889 890 892 904 906 907 911 912 916 926 927 934 938 940 943 945 946 949 955 956 963 964 968 971 973 974 976 984 989 990 991 995 996 999 1002 1009 1012 1021 1024 1026 1027 1028 1029 1040 1041 1046 1048 1049 1055 1057 1059 1060 1061 1066 1068 1070 1071 1074 1075 1077 1083 1084 1086 1091 1098 1101 1103 1104 1105 1111 1113 1116 1122 1123 1127 1128 1131 1149 1151 1154 1156 1160 1168 1169 1171 1173 1175 1176 1177 1178 1189 1190 1191 1192 1194 1196 1198 1201 1206 1207 1211 1212 1216 1217 1219 1222 1227 1238 1239 1240 1241 1242 1246 1249 1250 1251 1257 1259 1260 1261 1262 1265 1269 1274 1275 1281 1294 1296 1301 1302 1310 1314 1322 1324 1334 1336 1338 1340 1345 1346 1347 1353 1356 1358 1361 1362 1368 1370 1372 1373 1374 1382 1386 1389 1391 1394 1395 1396 1397 1403 1409 1422 1424 1429 1430 
409: 1 4 6 7 13 15 17 20 25 33 36 40 41 42 43 45 47 53 64 65 68 71 74 77 84 88 90 93 95 96 98 101 114 115 116 117 118 119 122 123 125 131 134 140 142 145 154 156 172 178 180 181 182 185 187 197 202 203 204 207 209 210 212 216 217 222 223 226 229 235 239 246 247 251 253 254 259 262 270 273 275 277 279 280 292 299 302 303 304 311 315 316 319 320 326 328 330 331 334 338 340 341 342 344 346 361 363 365 367 374 380 381 382 390 394 395 403 409 413 414 415 416 426 436 438 446 449 450 457 458 467 469 474 482 485 486 487 489 493 494 499 500 507 512 513 514 519 524 526 529 530 536 538 540 546 547 554 555 556 558 567 572 573 574 578 579 581 583 584 585 588 589 592 593 594 606 607 609 615 634 639 640 643 651 652 653 658 660 665 669 675 681 682 690 693 700 703 704 709 714 716 734 735 736 737 738 745 746 747 749 753 754 762 767 770 778 779 781 782 783 785 809 823 826 828 829 830 834 841 843 844 845 848 850 852 854 856 860 862 868 870 873 875 877 880 881 882 884 886 891 898 901 904 905 908 909 911 916 917 919 920 922 923 931 932 940 945 947 949 954 959 961 962 969 970 973 978 980 982 990 992 994 997 1000 1001 1003 1020 1022 1023 1024 1031 1033 1034 1038 1040 1041 1045 1052 1057 1058 1062 1066 1068 1072 1073 1074 1075 1076 1081 1093 1096 1097 1098 1113 1115 1120 1125 1127 1131 1133 1136 1138 1143 1149 1154 1159 1161 1163 1165 1171 1177 1184 1187 1188 1190 1197 1198 1204 1205 1209 1220 1224 1227 1230 1237 1248 1250 1252 1253 1257 1259 1263 1266 1271 1272 1273 1274 1275 1276 1282 1287 1290 1291 1294 1295 1296 1297 1299 1300 1302 1305 1306 1312 1313 1319 1322 1325 1326 1330 1332 1335 1336 1338 1347 1348 1349 1350 1358 1360 1366 1368 1372 1374 1378 1381 1383 1385 1386 1393 1394 1398 1407 1413 1417 1418 1420 1423 1429 1432 
Days = 28
Shift constraints
8 24
8 20
4 24
0 28
4 24
4 5
true
true
Forbidden sequences = 2
3 1 
2 3 

