# Randomly generated data for the integrated task scheduling and personnel rostering problem, skilling=0,600 and tightness=0,600 seed=100800
Tasks = 1492
736 826 22
490 604 11
620 720 8
576 665 19
518 583 9
787 849 23
638 682 15
738 800 3
618 650 18
652 726 23
490 577 26
584 627 9
482 526 0
615 712 21
585 669 26
589 626 21
516 641 26
707 782 17
504 583 8
784 837 17
777 858 20
771 838 10
482 575 23
618 735 23
749 835 23
710 747 16
497 566 25
895 981 14
488 572 12
492 585 3
482 547 12
480 563 25
485 560 0
771 831 18
667 726 15
495 564 26
620 718 25
857 912 24
735 819 25
768 836 24
617 692 23
499 601 22
626 679 4
493 538 0
736 805 27
500 625 2
499 576 27
632 714 7
751 881 7
691 778 1
510 563 15
534 615 14
493 541 16
743 817 25
736 840 3
561 644 0
508 586 22
492 592 20
488 575 7
683 780 15
617 719 3
554 682 15
482 572 8
483 532 7
492 575 12
764 842 15
618 689 13
620 699 13
630 686 13
634 737 15
834 906 19
738 809 21
812 895 1
737 822 6
482 581 21
681 784 8
483 543 23
546 641 13
773 859 12
786 858 9
618 661 22
622 684 27
560 677 12
632 691 7
819 892 25
615 649 3
844 963 21
525 575 5
622 743 27
620 678 18
801 872 3
741 815 1
547 663 7
631 700 9
736 815 18
482 570 14
483 582 9
751 883 10
754 880 26
638 714 17
485 588 11
737 768 23
654 722 3
649 728 2
809 888 24
756 803 17
1100 1184 9
480 579 23
496 572 20
702 780 23
823 968 25
736 809 24
668 760 9
736 856 16
632 733 25
736 846 1
635 685 27
489 588 11
725 801 3
845 931 23
490 539 8
584 654 14
618 737 3
680 731 19
814 916 17
743 865 10
880 967 12
738 827 8
693 754 7
497 578 8
483 578 6
494 581 4
624 675 18
487 575 22
738 820 26
670 734 24
635 705 0
767 897 10
1019 1116 20
734 853 27
785 857 2
634 730 10
685 753 8
633 666 26
567 628 25
481 567 14
740 841 21
480 563 27
724 809 2
552 604 17
647 762 8
572 704 12
573 677 27
485 550 4
491 594 17
541 647 16
578 643 23
480 618 4
480 531 20
486 624 18
639 770 18
736 797 7
619 713 9
825 945 24
699 776 18
873 948 3
489 609 13
588 668 21
495 578 21
570 631 13
573 699 14
615 686 19
492 599 21
732 866 0
760 850 6
496 558 17
743 786 19
484 535 27
664 764 8
615 688 9
629 725 27
638 740 13
618 730 0
756 845 2
588 680 7
744 829 20
661 756 19
506 588 22
847 920 19
480 603 25
624 712 12
689 760 9
513 623 2
760 841 21
857 943 16
581 653 12
518 590 23
544 630 27
486 559 15
792 873 11
841 929 4
606 711 11
760 880 7
611 709 11
813 936 18
752 842 7
565 621 24
781 867 7
500 570 22
616 718 14
623 721 6
937 1038 23
582 702 21
575 639 8
671 814 12
739 822 0
953 1039 16
666 727 22
483 555 16
622 732 8
493 579 12
554 606 12
798 879 19
735 781 4
817 936 19
772 841 5
771 849 18
483 521 4
736 827 21
481 553 0
1003 1065 19
539 645 13
716 780 11
499 542 6
735 777 0
570 656 15
743 791 11
748 808 13
506 580 24
632 681 22
878 997 18
741 875 6
744 814 3
762 863 9
768 828 23
581 631 24
834 895 26
893 968 1
840 921 10
644 706 22
496 547 4
718 852 2
771 849 2
650 731 5
634 720 14
610 721 23
483 534 21
829 933 23
899 999 6
635 716 20
736 822 8
817 885 3
535 620 19
497 569 10
833 967 20
935 1009 23
795 921 19
687 792 19
550 620 18
595 649 21
531 561 0
627 673 25
806 952 27
681 786 21
736 831 11
563 686 7
675 745 11
801 904 23
686 726 23
678 766 27
753 794 21
644 740 17
741 804 11
739 854 9
488 548 9
795 872 8
632 778 19
834 887 22
704 784 21
649 729 3
905 992 18
767 879 25
724 794 13
593 676 5
649 760 14
615 696 5
615 676 2
767 858 27
488 567 2
752 795 27
636 733 13
615 674 3
832 912 11
799 876 24
563 645 1
804 922 11
584 696 27
609 718 21
783 833 4
740 792 3
795 854 0
683 723 26
994 1058 26
647 765 10
837 961 21
850 902 3
784 879 18
565 707 25
862 899 15
983 1076 25
621 721 14
685 796 25
736 850 13
603 697 25
892 969 10
493 584 1
481 562 17
794 854 15
770 839 1
588 660 9
680 817 12
939 1022 24
892 952 22
630 740 8
746 807 17
630 704 27
884 958 0
787 844 26
1007 1111 2
500 557 12
584 659 18
628 728 10
749 803 24
972 1061 12
995 1071 23
577 665 5
620 712 23
618 684 1
782 838 19
499 587 24
953 980 27
671 718 20
751 794 27
858 911 9
533 588 4
780 833 13
847 923 1
919 1026 3
641 752 22
678 758 25
806 839 21
694 765 5
737 789 17
824 879 0
782 908 20
678 802 18
846 952 14
885 957 3
480 602 12
687 808 27
955 1057 19
757 856 10
731 811 21
509 581 15
873 976 27
483 618 18
654 718 14
483 579 13
492 593 7
835 928 8
878 937 13
841 926 6
569 616 5
489 548 12
863 951 22
480 550 0
782 807 25
565 642 26
635 714 5
754 814 7
742 841 22
709 814 19
817 922 22
820 875 7
482 615 13
924 989 1
901 1008 11
772 812 11
794 879 6
975 1024 18
740 867 22
764 825 7
885 979 0
789 880 5
907 994 22
525 558 14
481 589 5
671 766 9
903 968 26
616 668 20
730 773 7
560 664 7
714 800 13
790 839 21
621 687 11
820 920 23
976 1085 26
823 933 12
590 647 5
982 1060 27
652 771 13
652 713 17
674 726 2
741 817 10
554 653 24
678 774 15
531 600 12
598 715 6
694 813 7
648 744 5
906 979 21
482 525 26
579 709 20
619 719 4
603 729 12
748 790 8
725 848 19
878 920 7
629 743 10
578 652 15
509 616 11
789 893 22
810 903 17
661 762 26
736 827 6
814 899 27
528 628 0
915 981 11
952 1057 8
840 946 27
804 887 21
745 795 16
936 1012 24
655 763 13
736 795 13
809 905 25
808 884 24
693 752 1
927 1021 19
790 892 11
688 745 13
628 757 14
601 713 20
748 812 6
725 846 4
684 780 4
856 950 27
679 771 3
725 829 26
834 895 6
936 1035 22
753 819 26
839 954 5
583 706 9
849 949 7
870 923 13
898 969 24
733 825 3
736 823 4
719 844 14
785 874 22
672 731 20
1078 1188 19
734 836 9
858 901 19
986 1082 11
826 941 6
895 1002 7
653 733 16
710 769 25
1068 1187 8
733 831 20
657 742 11
646 770 21
928 970 9
490 538 25
818 895 21
1041 1126 22
723 846 5
745 857 14
632 715 26
641 696 8
894 992 25
971 1088 17
978 1085 24
846 938 14
737 799 0
590 644 24
738 853 23
811 841 5
805 899 3
503 570 6
538 625 25
826 948 3
562 661 17
796 890 2
1012 1050 23
592 678 8
730 799 3
570 622 22
816 935 10
480 562 20
794 882 13
616 757 21
798 872 11
927 1009 10
911 956 25
1061 1128 27
616 761 14
661 790 7
851 889 21
933 1066 7
705 787 15
646 708 0
792 924 20
592 677 4
850 945 18
508 573 8
631 767 23
584 670 15
640 760 25
558 662 18
883 953 6
575 704 10
740 787 12
719 785 14
798 915 7
744 844 16
480 609 6
978 1060 23
774 843 9
716 783 13
851 990 13
594 684 20
821 893 18
1130 1242 27
770 833 25
646 726 6
733 794 25
628 724 2
737 860 20
616 688 12
831 931 13
808 897 13
1112 1173 22
894 938 11
839 926 21
683 794 16
1024 1092 24
800 914 22
768 836 16
792 853 19
1010 1077 7
734 847 10
1101 1183 7
832 909 3
741 828 2
872 949 9
1050 1145 23
775 883 3
667 742 11
748 849 13
958 1037 3
1052 1121 3
813 890 8
714 771 9
876 950 2
1001 1064 17
855 921 2
855 918 6
916 987 9
582 670 23
502 565 20
829 875 8
956 1014 13
983 1065 14
693 778 22
611 710 12
858 928 15
604 676 22
790 849 10
621 741 3
1148 1235 23
865 927 15
796 857 27
715 786 6
560 632 0
489 576 5
954 1005 10
719 816 7
892 939 6
755 884 25
584 667 4
952 992 2
948 1003 20
628 712 25
750 850 13
691 742 12
883 973 26
858 912 23
1017 1091 18
928 977 11
799 881 3
971 1062 18
770 851 19
480 531 16
919 985 23
859 932 10
956 1027 22
1049 1104 23
733 806 9
719 816 20
694 795 2
848 934 2
782 893 10
868 933 27
884 922 3
832 935 18
1190 1238 8
573 697 4
824 901 4
616 672 27
937 1008 27
1001 1094 6
802 861 27
725 820 4
800 916 15
688 743 26
938 1065 27
811 938 8
1089 1157 27
900 1019 8
906 979 10
874 925 10
1145 1234 23
754 791 23
720 792 27
792 870 9
757 832 23
881 944 5
978 1081 25
565 631 12
751 816 5
706 790 12
492 615 13
749 850 3
852 936 26
786 864 18
551 621 0
969 1043 23
771 873 21
850 929 13
994 1099 2
990 1031 1
662 733 22
916 992 7
784 869 11
805 903 0
903 991 18
763 805 25
917 1024 1
882 974 11
813 842 24
851 920 15
998 1072 26
821 894 16
941 1011 19
1094 1178 24
744 883 17
952 1042 3
853 969 13
539 622 26
828 917 24
661 760 24
904 965 17
859 930 21
1041 1099 13
790 857 12
786 906 4
511 554 1
749 818 5
995 1046 22
646 715 20
975 1034 20
909 995 23
764 829 14
625 662 18
558 617 12
993 1101 7
746 810 14
860 987 7
793 854 12
803 916 8
739 842 16
738 784 20
611 703 6
901 1015 3
839 913 25
851 979 27
826 950 15
688 812 5
549 648 21
907 1038 4
896 990 9
838 945 4
885 940 11
698 813 25
803 870 23
1104 1166 26
867 961 9
1031 1081 1
1170 1237 21
770 903 27
616 741 17
705 798 6
867 987 9
627 704 11
664 736 17
745 818 18
920 1018 17
579 692 13
856 886 16
806 858 17
794 884 19
1122 1232 16
684 803 26
889 968 8
958 1021 24
813 898 26
719 790 24
854 932 23
646 769 24
960 1060 4
887 973 25
869 989 1
567 669 14
935 1016 21
944 1070 25
576 646 23
850 936 5
1018 1112 21
945 1053 22
518 606 1
785 908 15
634 741 12
1044 1135 16
771 815 14
624 711 0
929 1001 3
1132 1205 22
857 946 12
793 897 12
623 721 26
624 712 11
902 962 4
996 1069 18
773 827 24
646 743 13
867 961 7
596 653 10
670 774 23
822 941 18
595 687 16
690 729 4
1012 1089 8
939 1044 10
802 877 27
659 781 2
787 844 26
757 810 1
580 677 2
980 1063 11
794 872 7
717 820 5
1197 1243 22
1007 1103 10
846 948 24
880 980 0
634 776 0
647 738 26
633 664 0
1111 1166 26
1169 1238 26
827 880 5
1133 1167 22
945 1065 26
620 672 17
1089 1190 26
1072 1182 3
875 970 22
746 777 20
615 696 0
992 1092 17
757 815 23
854 935 19
780 816 0
1143 1216 17
751 840 14
828 890 10
1027 1107 3
587 657 1
827 928 7
832 972 20
749 809 5
860 935 13
730 801 27
748 833 20
814 879 0
658 717 21
532 600 16
644 786 22
876 915 9
719 785 22
946 980 10
524 629 4
565 655 0
729 861 17
651 747 21
600 716 16
762 818 4
711 814 11
852 939 4
698 834 0
760 832 25
568 633 12
940 1013 1
809 896 6
781 808 10
799 912 22
893 965 18
911 1006 14
742 810 12
1082 1219 25
792 911 21
763 849 8
1069 1114 23
737 823 19
702 767 12
644 737 1
873 957 19
1085 1125 11
887 951 25
937 1076 10
1077 1130 12
678 776 0
633 666 9
630 703 23
948 1004 3
1023 1159 24
984 1033 21
942 1000 18
1075 1191 10
814 905 14
862 935 9
801 854 9
855 928 1
940 988 20
1108 1241 3
1102 1243 7
779 900 18
745 807 25
755 849 15
970 1066 22
835 891 20
784 889 14
907 991 2
776 860 23
794 899 14
850 920 3
878 932 10
716 790 16
932 994 3
974 1029 13
840 942 21
610 726 12
963 1045 18
844 923 14
984 1052 6
965 1093 4
483 587 15
907 1020 17
745 838 5
822 950 23
808 894 18
670 746 9
827 941 19
987 1097 6
868 913 14
1126 1231 24
819 853 12
736 798 23
1021 1131 21
824 899 4
655 701 24
645 715 19
818 852 5
685 770 4
863 989 27
697 775 8
727 820 12
766 854 26
884 959 2
838 954 0
762 890 8
1152 1191 24
902 955 20
659 716 0
683 799 4
932 1009 23
946 1025 4
625 675 17
836 931 2
1058 1095 20
789 834 19
741 824 17
836 944 2
579 637 6
747 799 21
799 873 19
852 907 5
1005 1102 3
756 807 15
1021 1099 27
644 784 18
1005 1076 3
1010 1122 23
1067 1132 6
954 1027 15
1085 1158 1
746 825 26
709 793 0
1166 1233 4
826 910 8
940 991 6
761 880 13
879 960 11
998 1053 23
917 987 15
695 796 16
761 836 14
805 912 25
780 854 22
736 812 10
1003 1046 19
686 778 17
630 699 4
1053 1130 19
969 1023 18
695 749 15
799 940 18
862 932 26
990 1090 27
982 1105 25
991 1097 9
884 969 23
1156 1234 2
793 828 27
879 928 22
897 1037 6
1071 1164 18
1039 1124 4
844 949 5
992 1052 6
784 921 12
807 874 4
722 805 14
1076 1124 3
875 978 16
743 815 12
778 843 0
1190 1240 19
815 899 21
983 1047 10
978 1017 20
1165 1237 18
1068 1121 7
807 899 24
1141 1239 16
690 746 11
878 977 18
846 968 21
759 827 11
790 861 16
901 1011 5
836 922 11
897 944 6
946 1065 13
732 779 23
1055 1114 15
879 941 21
1117 1187 9
1075 1177 0
860 941 11
932 1060 14
820 904 14
881 974 21
815 942 7
1112 1243 25
809 947 21
885 1001 15
1028 1088 22
631 709 18
1016 1121 3
991 1101 11
694 758 13
1064 1124 14
902 981 25
769 855 25
952 1036 5
696 768 5
1029 1093 17
725 809 20
1030 1100 4
861 949 16
1087 1181 2
731 835 23
755 799 11
824 957 20
927 1043 11
1080 1152 22
983 1067 2
1018 1113 21
1096 1159 4
1037 1115 1
771 806 13
862 949 23
803 875 15
728 775 15
603 705 8
832 886 12
904 978 12
621 697 0
1061 1183 20
995 1062 20
862 998 20
824 947 12
633 756 24
1158 1243 1
971 1044 9
866 941 8
680 732 2
642 731 12
1056 1122 23
958 1036 5
1187 1243 21
853 927 5
930 1031 19
793 869 2
839 897 22
810 863 15
795 890 0
1029 1095 8
1050 1140 1
859 955 16
1041 1085 6
571 678 20
484 542 1
822 945 17
840 876 4
955 1062 19
822 894 26
707 786 22
663 718 5
1000 1124 20
491 550 6
959 1035 14
1111 1170 7
961 1042 23
1033 1113 9
1065 1111 13
751 833 17
844 916 19
634 740 2
1096 1165 25
916 1003 25
848 947 0
962 1025 0
846 922 11
773 904 13
804 949 4
514 550 14
826 964 16
846 940 23
739 819 26
797 857 16
885 934 23
826 860 13
996 1074 3
1036 1074 16
855 933 13
808 901 25
682 815 20
638 693 6
826 942 26
915 965 14
563 633 6
828 934 5
892 949 26
789 881 1
814 893 12
940 1010 14
1033 1075 25
729 798 21
895 1005 8
1032 1080 11
855 942 14
798 892 6
563 665 14
760 831 22
954 1025 12
909 947 25
893 949 19
768 840 5
851 921 27
1086 1200 6
1030 1104 27
1162 1244 4
817 894 0
694 757 7
973 1092 16
851 944 12
999 1058 7
1056 1119 10
1037 1069 13
783 874 6
857 921 24
939 1045 0
989 1090 26
516 597 17
1140 1220 19
936 1049 19
735 826 2
895 947 6
752 794 16
945 1010 7
824 915 17
1056 1098 25
1100 1190 16
758 818 9
1146 1209 17
883 958 1
991 1052 9
807 927 13
1085 1124 3
712 840 6
653 771 2
961 1078 10
1020 1117 23
681 775 17
1104 1162 4
875 916 5
810 957 1
955 1044 5
1033 1072 24
1143 1217 24
1077 1122 10
975 1067 21
763 853 13
957 1069 16
1003 1081 22
917 994 21
1013 1081 7
802 938 17
882 921 2
1028 1161 23
965 1112 3
789 862 6
1027 1106 0
681 759 14
836 947 12
720 767 4
1114 1244 0
1008 1076 2
697 768 0
894 944 12
1049 1124 19
764 808 24
961 1025 2
756 809 15
1033 1155 21
839 908 17
874 911 6
1051 1089 6
1052 1122 10
934 1023 22
784 876 23
659 745 24
1131 1226 18
1100 1242 22
815 866 25
885 940 13
989 1120 15
841 953 24
1053 1119 9
1010 1105 27
904 964 8
744 840 8
537 652 24
1043 1097 19
769 829 0
811 868 11
1188 1238 3
919 981 5
821 946 20
675 772 1
859 949 27
710 793 24
727 833 18
1046 1131 0
1190 1243 17
948 1055 17
1135 1202 12
935 973 9
926 1013 24
878 936 23
1201 1240 6
969 1108 19
902 998 1
817 876 3
1099 1213 6
832 922 24
942 1070 1
856 909 0
1045 1124 11
998 1102 18
1117 1226 19
840 969 5
1003 1028 18
1035 1111 0
714 821 24
729 840 20
802 949 21
582 675 6
1016 1095 5
855 939 13
1009 1081 11
901 973 21
1101 1223 5
1191 1243 26
840 911 20
858 936 16
933 1028 14
919 1028 16
776 838 8
844 908 15
842 932 22
741 859 12
1173 1238 22
834 931 2
913 990 0
1126 1241 6
718 847 17
1057 1115 26
1107 1243 11
811 854 2
720 828 18
732 838 15
853 963 9
1117 1242 18
892 975 25
1040 1122 12
970 1002 10
771 824 14
1127 1244 11
838 890 8
670 809 13
1069 1156 7
962 1043 9
719 817 0
1158 1230 21
979 1086 27
1017 1109 25
1022 1099 18
1000 1088 25
657 704 6
1051 1124 0
972 1083 2
1042 1109 5
1053 1116 14
943 984 8
890 946 0
780 861 7
1003 1095 2
790 847 5
1101 1227 16
974 1005 5
848 944 24
991 1123 21
974 1099 8
1024 1099 1
953 1053 26
1188 1232 9
1090 1210 9
969 1028 5
1116 1177 23
934 1051 13
1067 1164 11
775 863 2
1063 1104 14
1026 1080 20
1005 1124 8
1147 1242 10
879 946 4
1117 1240 21
1130 1231 6
649 761 1
768 833 4
1071 1120 13
1080 1198 16
831 945 26
1102 1230 3
1005 1099 13
946 1051 2
922 1005 19
1064 1145 18
987 1067 0
862 945 12
981 1045 20
1073 1189 13
927 1064 18
969 1106 20
1072 1141 16
914 947 14
1105 1231 17
1187 1234 20
867 949 25
1032 1116 8
779 840 24
1018 1118 14
875 914 7
1156 1213 6
1175 1235 24
1012 1123 25
860 932 13
1120 1242 21
844 915 11
932 1031 11
1120 1198 15
916 970 17
849 941 13
1040 1134 26
1047 1163 5
865 925 18
829 949 0
1018 1122 20
753 834 1
786 837 22
928 992 1
868 934 1
1083 1151 1
818 944 0
686 791 5
754 852 6
1090 1216 22
1045 1124 9
798 856 24
719 802 0
952 1024 10
896 943 12
685 807 15
810 890 6
1045 1139 2
1186 1221 9
949 1021 3
973 1052 21
857 947 25
1152 1190 13
1047 1120 14
828 919 0
804 876 1
1078 1151 25
985 1033 12
833 885 4
1144 1213 0
858 953 15
1095 1216 15
794 862 17
1152 1236 19
993 1103 8
859 946 12
829 949 27
1003 1111 27
843 932 18
796 906 20
1104 1235 8
1107 1204 7
849 917 23
1007 1044 9
1037 1113 24
1151 1219 16
1102 1223 2
971 1044 17
1006 1081 15
1055 1115 27
905 992 25
820 940 20
1010 1118 9
1170 1240 2
1080 1157 14
810 908 15
1150 1230 21
886 936 1
864 944 9
994 1067 27
948 1035 10
1070 1165 20
920 1026 2
886 995 11
887 947 16
830 947 7
847 937 20
658 716 20
818 874 11
898 960 26
1035 1117 18
881 934 6
909 938 17
737 827 19
1024 1111 3
972 1107 15
1133 1211 23
1138 1229 10
807 896 26
1141 1233 10
1125 1240 9
1091 1164 6
1000 1118 25
795 880 16
1067 1115 27
914 944 0
1027 1150 6
908 1045 13
948 1049 19
619 715 6
900 1009 1
836 911 19
1125 1244 20
1028 1124 5
991 1057 10
1066 1127 8
816 907 6
852 932 22
1111 1216 10
829 933 10
1124 1213 27
826 865 9
1045 1124 17
1169 1232 1
1084 1221 13
1186 1240 25
852 925 1
865 939 9
1170 1244 4
875 951 17
822 948 25
887 946 4
1068 1104 26
990 1111 7
773 899 11
1029 1095 11
999 1106 1
818 916 1
1166 1231 11
891 940 8
976 1078 26
558 624 20
876 944 11
828 934 19
958 1083 1
1053 1116 2
1179 1238 24
838 942 17
Shifts = 4
0 0 0 0 0 0
480 0 0 470 0 0
615 0 0 510 0 0
735 0 0 510 0 0
Employees = 20
912: 0 2 3 6 7 9 10 11 13 14 15 16 19 20 21 24 26 27 29 33 35 38 45 47 48 50 51 52 53 54 55 58 59 60 61 62 65 66 68 69 72 76 79 80 82 83 84 87 88 89 92 93 94 95 96 97 100 101 102 103 105 108 109 110 112 114 115 119 120 121 123 124 125 126 127 129 130 131 133 134 138 139 141 142 143 144 145 147 148 149 152 154 155 156 157 160 161 162 164 167 168 169 171 173 175 176 178 184 185 186 187 189 190 191 192 194 195 198 199 203 205 206 208 209 210 212 213 216 217 220 221 223 224 225 227 230 231 233 235 236 237 239 242 243 245 246 248 249 250 252 255 257 258 259 261 262 264 265 270 271 273 274 275 276 279 280 282 283 284 286 288 290 291 292 293 294 295 296 297 299 301 303 305 306 307 308 309 310 311 312 317 318 319 320 321 322 323 325 327 328 329 330 331 334 336 337 338 340 341 342 345 346 347 348 349 352 353 356 358 360 362 363 364 367 368 370 371 372 373 376 377 378 379 381 382 386 387 389 391 396 397 400 401 403 404 405 406 407 408 409 412 413 416 418 419 420 424 425 426 427 439 440 442 443 444 447 448 449 450 451 452 453 457 459 460 461 462 463 464 465 467 468 469 472 473 474 475 476 477 479 483 486 489 490 491 492 493 496 498 499 500 501 502 505 506 507 510 513 518 519 520 521 523 525 526 528 529 530 531 536 538 542 543 547 548 550 551 552 554 555 556 557 558 559 561 562 563 564 565 566 567 570 571 572 573 576 577 579 580 581 582 583 584 585 588 592 595 596 599 604 605 606 611 612 613 618 619 620 622 623 624 625 628 629 631 632 633 634 635 636 638 640 641 644 646 651 652 654 655 656 659 661 662 663 664 665 666 668 670 672 673 674 675 679 681 682 684 686 688 689 690 691 693 694 697 698 699 701 702 703 705 706 709 710 711 712 713 714 715 716 718 720 721 722 723 725 726 727 730 732 733 734 736 741 742 743 744 745 746 747 748 749 750 751 754 756 758 764 766 767 769 770 772 773 774 776 780 781 783 786 791 792 794 798 799 800 801 802 804 807 808 809 811 813 819 820 821 822 824 825 826 829 830 831 834 835 837 839 840 842 843 845 847 848 849 850 851 852 856 857 859 862 863 866 868 869 870 871 872 873 874 875 876 877 878 880 881 882 883 885 886 887 888 890 891 894 895 896 897 898 899 900 901 902 905 907 908 909 913 915 916 917 919 920 922 923 925 926 930 933 935 938 940 941 943 945 947 948 949 950 952 953 954 957 959 961 962 965 966 967 968 970 971 972 974 976 977 978 981 982 984 985 987 991 993 994 997 998 999 1001 1002 1003 1005 1008 1009 1010 1011 1012 1015 1016 1018 1019 1020 1021 1022 1024 1025 1026 1027 1029 1030 1031 1032 1034 1035 1036 1037 1038 1040 1041 1042 1047 1048 1049 1052 1053 1054 1055 1057 1058 1059 1060 1063 1067 1068 1070 1071 1072 1073 1074 1075 1076 1078 1081 1082 1086 1087 1089 1091 1092 1093 1094 1095 1096 1097 1098 1099 1100 1102 1103 1104 1108 1111 1113 1114 1115 1116 1117 1118 1119 1121 1122 1124 1125 1126 1128 1131 1132 1133 1134 1135 1136 1137 1138 1140 1141 1145 1146 1147 1148 1150 1151 1152 1153 1154 1155 1156 1157 1160 1161 1162 1163 1164 1165 1167 1169 1170 1175 1176 1177 1180 1182 1185 1186 1187 1189 1190 1191 1192 1193 1194 1195 1198 1199 1205 1206 1207 1208 1210 1213 1218 1219 1225 1226 1228 1229 1230 1231 1232 1233 1234 1235 1237 1238 1240 1242 1243 1246 1248 1249 1250 1251 1252 1253 1254 1255 1258 1259 1260 1261 1263 1265 1267 1268 1271 1273 1274 1275 1276 1278 1279 1282 1285 1286 1288 1290 1291 1292 1294 1295 1296 1297 1298 1304 1305 1306 1307 1308 1313 1314 1316 1317 1318 1322 1323 1324 1329 1331 1333 1334 1336 1337 1338 1339 1340 1341 1343 1344 1345 1346 1347 1349 1350 1352 1356 1358 1359 1360 1361 1362 1363 1364 1367 1368 1369 1370 1371 1373 1374 1375 1378 1379 1380 1381 1382 1388 1390 1391 1392 1393 1395 1396 1398 1399 1404 1405 1406 1407 1408 1413 1414 1415 1417 1418 1420 1421 1425 1426 1427 1430 1431 1433 1435 1437 1438 1439 1441 1443 1447 1449 1450 1452 1454 1455 1456 1457 1458 1459 1460 1462 1464 1465 1466 1467 1468 1470 1471 1472 1473 1474 1476 1477 1479 1480 1481 1482 1483 1485 1487 1488 1489 1490 
913: 0 1 3 4 5 6 7 8 9 10 12 14 15 16 18 19 22 24 25 26 27 28 30 31 33 34 35 38 41 42 43 45 48 49 50 55 57 59 61 65 66 67 71 72 73 74 76 78 79 82 83 84 86 88 96 97 98 100 101 105 106 108 111 112 114 115 116 117 118 119 120 121 122 124 125 126 127 128 129 130 131 132 135 136 140 141 142 144 150 151 152 155 156 158 159 160 162 165 169 170 172 175 177 179 180 181 182 185 187 191 193 194 197 198 199 201 204 207 208 209 210 211 218 219 220 221 222 223 224 226 228 229 231 232 234 236 240 245 246 248 249 251 256 257 258 261 262 263 268 269 270 271 273 275 278 279 281 283 284 285 286 287 288 289 291 292 293 294 295 298 299 301 303 304 307 310 311 312 313 314 315 317 318 322 323 324 325 326 327 331 332 333 334 335 336 337 338 339 340 341 342 344 348 349 350 351 352 354 355 356 357 358 359 360 361 362 363 365 366 368 371 372 375 376 377 378 379 380 381 382 383 384 385 386 387 388 391 393 395 397 399 402 403 405 406 408 410 412 414 415 416 417 418 420 422 424 425 426 427 429 430 432 434 435 438 440 442 444 445 446 449 451 453 455 456 457 458 459 462 463 466 468 469 470 471 473 474 475 476 477 478 479 482 484 485 489 490 491 493 495 496 499 500 501 503 504 505 507 508 514 516 518 519 520 521 522 524 525 526 527 529 530 532 535 536 537 539 540 542 547 548 550 551 552 554 556 558 559 560 561 562 564 565 566 568 570 571 573 577 578 585 586 587 588 590 591 592 593 595 596 599 600 601 602 603 604 605 606 609 610 611 612 613 614 615 616 617 618 619 621 623 625 626 627 628 629 630 631 633 635 636 637 638 639 642 643 644 645 646 647 648 649 650 651 653 655 657 658 660 661 662 663 664 666 668 671 673 674 679 680 682 683 684 686 689 691 699 700 701 702 708 709 710 711 712 713 714 715 716 718 719 721 722 723 724 725 728 729 730 731 733 734 737 740 741 746 748 749 751 752 754 756 759 760 762 763 764 765 766 771 772 773 774 778 782 783 784 786 787 788 789 791 794 796 798 799 800 803 806 807 808 809 812 813 814 815 816 817 818 819 821 824 825 831 833 834 835 836 837 841 843 844 845 846 847 849 851 852 853 856 857 859 862 864 869 872 873 874 875 876 877 878 880 883 884 886 888 892 894 897 898 899 902 903 904 905 908 909 910 913 914 915 916 917 918 919 920 921 922 923 927 928 929 930 931 933 934 935 936 937 943 945 946 948 949 950 951 952 953 957 958 959 960 962 964 967 968 969 970 972 974 975 978 980 981 982 984 985 988 989 990 991 992 993 996 998 999 1000 1001 1002 1004 1005 1006 1007 1008 1009 1010 1012 1013 1016 1018 1020 1022 1027 1029 1030 1031 1033 1034 1037 1038 1039 1041 1045 1046 1048 1049 1050 1053 1056 1057 1058 1060 1062 1064 1067 1070 1071 1073 1074 1075 1076 1078 1080 1081 1082 1083 1084 1086 1090 1092 1093 1094 1095 1097 1099 1100 1101 1103 1104 1106 1107 1108 1109 1110 1111 1112 1115 1116 1122 1124 1126 1127 1129 1130 1131 1133 1134 1139 1140 1141 1142 1144 1145 1146 1147 1150 1151 1152 1154 1155 1157 1158 1159 1161 1162 1163 1164 1165 1168 1169 1170 1172 1174 1175 1177 1180 1182 1183 1184 1186 1187 1188 1189 1197 1198 1199 1202 1203 1205 1207 1208 1210 1211 1214 1216 1219 1220 1221 1222 1223 1224 1226 1228 1230 1231 1232 1233 1234 1235 1236 1237 1238 1240 1241 1242 1243 1244 1245 1246 1247 1248 1249 1250 1251 1252 1253 1256 1258 1259 1260 1261 1263 1264 1267 1268 1269 1270 1271 1272 1273 1274 1275 1276 1279 1283 1284 1285 1287 1289 1290 1291 1293 1294 1296 1298 1299 1302 1305 1306 1309 1310 1311 1312 1313 1317 1320 1321 1322 1324 1326 1327 1329 1330 1331 1332 1333 1334 1335 1336 1337 1338 1341 1344 1347 1349 1352 1353 1354 1356 1357 1358 1359 1361 1362 1363 1364 1365 1367 1368 1369 1370 1372 1374 1376 1377 1379 1380 1385 1386 1388 1392 1393 1394 1396 1399 1400 1403 1405 1406 1408 1410 1411 1412 1414 1415 1416 1417 1418 1421 1422 1423 1424 1425 1427 1428 1429 1430 1432 1434 1435 1437 1440 1441 1442 1444 1445 1446 1451 1453 1454 1455 1456 1458 1460 1461 1462 1464 1465 1466 1467 1468 1469 1470 1471 1472 1474 1475 1479 1483 1489 1490 1491 
886: 0 2 3 4 8 9 10 13 14 15 16 18 20 25 26 27 29 31 34 36 39 43 44 46 47 48 49 50 53 56 61 62 66 67 68 69 70 71 73 76 77 79 80 83 84 89 91 92 93 95 96 98 101 102 103 107 109 111 115 116 118 119 124 127 130 131 133 135 136 137 138 143 145 148 149 150 153 155 156 159 162 164 169 170 172 175 176 178 181 182 183 184 187 188 190 191 192 193 194 195 200 201 202 203 204 206 210 211 213 214 217 219 220 222 224 225 226 230 232 241 244 245 246 247 248 249 254 255 256 259 260 261 262 263 265 266 267 268 269 271 274 276 277 279 280 282 283 284 287 289 290 291 293 294 295 296 299 300 304 305 306 308 309 310 311 312 313 314 317 318 320 321 323 325 326 327 328 329 331 332 333 334 336 337 338 340 341 342 343 347 348 355 356 359 360 362 363 365 369 370 372 373 375 377 378 379 380 381 382 383 384 385 387 388 389 391 392 393 394 395 397 399 400 403 404 405 406 407 408 409 411 412 413 414 416 419 420 422 431 432 433 434 435 436 437 439 440 442 443 444 446 447 448 449 451 452 453 456 457 458 459 460 462 466 467 468 469 470 471 474 475 476 478 483 485 486 489 491 492 493 495 496 498 500 503 504 505 506 507 511 514 517 520 521 522 529 531 533 534 538 539 540 542 546 548 550 552 554 555 557 558 560 561 563 565 566 567 570 571 572 574 575 576 577 578 580 581 582 583 584 585 588 589 591 594 595 596 597 599 600 601 602 603 604 605 607 608 609 610 611 617 618 619 623 624 625 627 633 637 638 639 642 644 645 646 649 650 651 653 655 656 659 660 661 662 663 664 665 666 667 669 670 671 672 675 677 679 680 683 684 687 688 689 691 692 695 696 697 698 700 702 709 710 713 715 716 718 720 722 723 725 727 729 730 731 734 736 738 741 743 744 747 749 750 751 752 753 756 758 759 761 762 763 764 765 767 768 770 771 773 775 776 778 779 780 782 783 784 785 787 788 789 792 793 795 796 797 799 800 801 803 804 805 806 807 808 809 811 812 813 815 819 821 822 823 825 828 830 831 832 833 834 838 839 840 842 844 845 846 847 848 849 850 851 853 854 857 860 861 863 864 866 868 872 873 874 875 876 879 881 883 886 888 889 892 893 895 897 898 899 900 904 905 906 907 909 913 914 915 917 918 924 925 927 928 930 935 936 937 938 939 942 943 945 948 949 950 951 953 956 957 958 961 962 963 964 965 967 968 969 974 976 977 978 980 985 986 987 988 990 991 992 993 994 996 997 998 1000 1001 1002 1004 1005 1006 1008 1011 1014 1015 1016 1017 1019 1020 1021 1022 1023 1024 1025 1026 1027 1031 1033 1034 1035 1036 1037 1039 1040 1041 1043 1044 1047 1050 1051 1053 1056 1059 1060 1062 1063 1064 1065 1066 1068 1074 1076 1077 1080 1081 1082 1083 1084 1085 1086 1088 1089 1092 1093 1094 1096 1101 1103 1104 1105 1106 1107 1110 1112 1115 1117 1120 1121 1122 1123 1127 1128 1131 1132 1133 1134 1136 1137 1138 1141 1142 1146 1148 1151 1152 1153 1154 1156 1158 1160 1161 1163 1164 1165 1167 1168 1169 1171 1172 1173 1176 1177 1178 1179 1180 1182 1183 1184 1186 1189 1191 1194 1195 1199 1200 1201 1202 1204 1205 1206 1207 1208 1209 1210 1211 1213 1214 1215 1218 1221 1222 1224 1225 1227 1228 1229 1230 1231 1232 1233 1234 1235 1236 1237 1238 1239 1241 1242 1244 1245 1247 1250 1251 1252 1253 1257 1259 1260 1261 1262 1263 1266 1267 1268 1271 1272 1276 1277 1279 1282 1283 1286 1288 1290 1291 1292 1293 1295 1296 1297 1298 1299 1300 1301 1302 1303 1304 1306 1307 1309 1311 1313 1315 1317 1320 1321 1323 1324 1329 1330 1331 1332 1333 1334 1335 1336 1337 1338 1339 1340 1341 1342 1343 1344 1345 1346 1350 1351 1353 1354 1355 1356 1357 1359 1361 1365 1366 1367 1368 1369 1370 1371 1372 1373 1374 1375 1377 1378 1380 1381 1382 1383 1386 1387 1391 1392 1393 1394 1395 1404 1406 1409 1411 1412 1413 1416 1417 1418 1419 1421 1422 1423 1424 1426 1427 1429 1431 1432 1433 1434 1435 1437 1438 1439 1441 1442 1443 1444 1446 1448 1449 1451 1453 1454 1456 1459 1461 1462 1463 1464 1466 1467 1468 1469 1471 1473 1476 1477 1482 1484 1485 1487 1490 1491 
881: 0 3 5 8 9 10 12 16 20 21 23 25 26 29 31 32 35 36 37 38 39 40 42 43 45 48 50 51 53 54 57 58 59 60 61 64 65 67 68 69 70 71 73 74 76 77 78 80 81 84 85 86 88 89 90 97 98 99 100 102 103 104 105 106 107 108 109 110 112 113 115 116 119 120 121 125 127 130 131 134 135 136 137 140 141 142 144 146 147 148 150 152 153 158 159 161 163 165 166 169 171 172 173 175 179 180 181 183 184 185 188 189 191 192 193 195 203 204 209 210 212 214 216 217 218 219 220 222 225 226 227 231 233 234 236 237 246 251 254 257 258 261 263 264 265 267 268 269 271 273 276 277 280 281 284 286 287 288 289 290 291 292 293 295 296 299 300 301 302 303 306 308 309 310 311 314 315 317 319 320 321 324 326 327 328 329 331 333 335 337 339 340 341 342 343 345 346 347 348 349 350 351 355 356 357 361 362 364 365 366 367 369 370 372 375 376 378 379 382 383 384 387 388 392 395 396 398 400 403 404 407 408 409 410 411 413 415 416 417 418 419 420 422 423 424 426 427 429 431 432 436 438 439 442 445 447 448 449 450 452 453 455 456 458 459 460 462 465 466 467 472 473 474 475 479 480 481 483 486 488 489 490 492 493 494 500 501 502 505 506 507 509 511 512 513 514 516 518 520 521 522 523 525 526 528 529 532 534 536 537 538 542 543 544 545 546 547 548 549 550 551 556 557 558 559 561 562 564 565 567 568 570 572 574 576 577 579 581 582 584 585 589 593 594 595 596 597 600 601 602 604 605 606 607 608 610 612 613 614 615 618 619 622 623 626 627 629 632 634 635 636 637 638 639 640 641 642 645 647 648 653 654 655 656 658 660 665 666 669 670 671 672 673 674 676 681 682 683 684 687 689 690 693 694 696 697 698 701 702 703 705 708 709 710 713 715 716 717 718 723 724 725 727 728 729 730 731 732 733 734 735 737 739 741 744 747 750 751 753 754 756 757 759 761 763 764 766 767 768 770 771 773 774 775 776 777 778 779 780 781 785 786 787 788 789 790 791 792 793 796 797 798 800 801 802 806 808 810 811 812 814 816 818 823 824 825 828 829 830 833 837 839 841 842 845 846 847 849 851 852 854 856 857 858 860 861 862 864 865 869 871 876 879 880 885 886 889 890 891 892 897 898 900 901 906 907 908 913 914 915 916 918 922 924 926 927 929 931 932 933 935 936 938 939 940 943 945 947 948 950 951 952 953 954 956 958 959 960 964 965 966 967 968 969 972 973 977 978 980 981 984 985 991 992 994 996 998 1001 1002 1004 1007 1009 1010 1012 1013 1015 1016 1017 1019 1020 1021 1022 1023 1025 1026 1027 1028 1029 1030 1031 1034 1036 1038 1041 1043 1046 1048 1050 1051 1052 1053 1055 1056 1061 1062 1063 1064 1066 1067 1068 1069 1071 1073 1074 1075 1076 1077 1079 1080 1082 1083 1084 1085 1086 1087 1090 1092 1097 1098 1099 1100 1101 1104 1106 1107 1108 1110 1111 1112 1115 1118 1119 1120 1121 1124 1125 1126 1127 1128 1129 1131 1134 1135 1139 1140 1141 1143 1144 1145 1146 1147 1148 1149 1151 1153 1154 1156 1158 1160 1162 1163 1164 1165 1167 1168 1169 1170 1171 1172 1175 1176 1179 1180 1182 1188 1189 1190 1191 1194 1196 1197 1198 1199 1200 1202 1205 1206 1208 1209 1212 1214 1217 1218 1220 1221 1223 1224 1225 1226 1227 1228 1229 1236 1237 1238 1241 1242 1244 1245 1247 1249 1250 1251 1253 1254 1255 1256 1258 1259 1260 1261 1262 1263 1266 1268 1269 1270 1271 1272 1275 1276 1277 1279 1282 1283 1284 1285 1286 1288 1289 1291 1292 1293 1294 1296 1297 1298 1300 1301 1302 1305 1308 1309 1310 1311 1314 1315 1319 1320 1322 1323 1324 1326 1327 1330 1332 1333 1334 1335 1336 1337 1338 1339 1341 1342 1343 1344 1345 1346 1347 1348 1349 1350 1352 1353 1354 1358 1361 1362 1365 1366 1367 1368 1369 1370 1372 1373 1377 1379 1381 1383 1384 1386 1387 1388 1392 1393 1394 1395 1397 1400 1401 1402 1403 1405 1406 1407 1409 1410 1413 1415 1419 1421 1425 1427 1429 1430 1433 1435 1436 1438 1439 1444 1445 1446 1447 1448 1449 1451 1452 1453 1454 1455 1459 1460 1462 1465 1468 1469 1473 1474 1475 1476 1477 1478 1482 1483 1484 1486 1488 1490 
912: 4 5 9 11 12 14 15 16 18 19 21 27 28 29 30 31 32 34 35 36 37 40 41 44 45 46 47 48 49 51 53 56 57 58 59 60 62 63 64 65 66 67 69 70 71 73 75 76 77 78 80 81 83 85 87 88 89 90 93 96 97 99 101 102 103 104 106 107 108 110 112 113 116 117 120 121 122 123 124 126 127 128 130 132 134 135 137 139 141 142 143 144 148 149 150 153 155 158 161 162 163 168 169 173 175 176 178 181 182 183 184 185 186 188 189 190 191 194 199 200 201 205 206 207 208 209 210 214 215 216 218 224 225 226 227 229 230 232 234 236 240 241 243 244 248 249 251 253 254 255 256 257 261 263 264 265 266 267 268 273 274 275 278 280 281 282 285 286 287 288 289 290 296 297 301 303 305 306 307 309 310 311 312 313 314 316 317 318 321 323 325 327 328 330 332 334 338 341 342 343 346 348 351 356 359 360 362 363 364 365 369 370 371 373 374 375 376 377 379 380 382 383 385 386 387 389 390 391 392 393 394 396 397 400 402 404 405 406 407 410 412 415 416 417 418 419 420 425 426 427 429 430 431 432 433 434 435 436 437 438 439 444 446 447 448 449 450 452 453 456 458 460 461 462 465 466 467 470 472 477 478 479 482 483 484 486 487 489 492 494 495 498 499 501 502 503 504 505 507 508 510 512 513 514 515 516 517 519 520 521 522 523 524 525 527 528 530 531 532 533 534 535 536 537 539 540 541 542 545 549 551 554 555 558 559 560 561 563 564 567 569 570 575 578 580 582 585 587 588 590 592 593 597 598 599 600 602 603 604 606 607 609 610 611 612 615 619 620 621 622 623 626 628 629 633 634 635 636 637 638 639 640 642 644 645 648 649 652 653 656 658 660 661 662 663 664 665 668 671 672 674 675 677 680 681 682 684 685 686 689 691 692 696 697 699 700 701 703 706 707 708 709 710 713 714 715 718 719 720 721 725 726 728 729 730 731 733 734 735 736 737 738 742 743 750 751 752 753 756 760 761 762 763 764 765 767 769 771 772 775 778 780 781 782 784 787 789 792 793 796 797 798 799 800 802 803 804 805 807 808 809 811 813 815 816 817 818 820 822 823 825 826 828 830 831 832 834 835 837 838 839 840 842 845 847 849 851 852 854 855 857 858 859 860 861 862 863 864 865 866 867 868 869 870 872 873 877 878 880 881 883 884 885 886 887 888 889 893 894 895 898 899 900 902 903 905 907 909 910 911 912 915 916 917 918 920 922 923 924 925 926 927 928 930 932 934 935 936 937 938 942 944 945 946 947 952 955 957 958 960 964 965 966 967 968 969 970 972 973 975 977 978 979 980 982 984 988 989 990 991 992 994 995 996 998 999 1000 1002 1006 1007 1009 1011 1012 1013 1014 1015 1018 1019 1021 1022 1023 1024 1025 1027 1028 1029 1030 1032 1034 1038 1039 1042 1045 1046 1047 1049 1050 1053 1055 1056 1058 1059 1060 1061 1064 1065 1067 1068 1069 1070 1071 1073 1074 1075 1076 1077 1078 1079 1080 1081 1082 1084 1085 1087 1090 1092 1094 1096 1100 1102 1103 1104 1107 1108 1109 1117 1119 1121 1122 1124 1127 1128 1130 1132 1133 1134 1135 1136 1138 1139 1142 1143 1145 1146 1147 1149 1150 1151 1154 1155 1156 1161 1163 1164 1166 1170 1172 1173 1174 1175 1178 1179 1180 1184 1186 1188 1190 1191 1192 1193 1194 1197 1199 1202 1203 1206 1207 1208 1209 1211 1212 1213 1215 1217 1220 1222 1223 1225 1227 1228 1229 1231 1232 1233 1235 1236 1237 1241 1243 1245 1248 1251 1253 1254 1256 1259 1261 1262 1264 1265 1266 1267 1269 1270 1271 1272 1274 1277 1278 1279 1282 1284 1285 1286 1288 1289 1290 1291 1292 1293 1294 1295 1297 1298 1299 1300 1301 1302 1303 1305 1310 1312 1313 1316 1317 1318 1320 1322 1323 1324 1325 1326 1327 1328 1332 1333 1335 1336 1337 1338 1340 1341 1343 1344 1345 1347 1349 1350 1351 1353 1354 1355 1356 1357 1358 1359 1360 1362 1364 1365 1367 1370 1372 1376 1378 1379 1380 1381 1382 1383 1385 1388 1389 1391 1394 1395 1396 1397 1398 1400 1401 1402 1403 1405 1406 1407 1408 1409 1411 1412 1413 1415 1416 1417 1420 1421 1424 1425 1427 1429 1430 1431 1434 1435 1436 1438 1439 1440 1441 1442 1443 1446 1447 1448 1449 1450 1451 1452 1453 1454 1455 1456 1457 1458 1460 1464 1466 1467 1468 1471 1473 1474 1477 1478 1479 1480 1481 1482 1485 1486 1487 1490 
864: 0 3 4 5 9 11 12 13 14 16 19 22 25 26 27 28 29 31 32 34 36 37 41 47 48 49 50 51 52 55 56 58 60 65 66 67 69 70 72 73 74 75 76 80 82 83 84 85 86 87 88 89 90 91 92 95 98 99 102 103 104 107 108 109 110 111 113 115 116 117 119 121 122 124 126 131 132 133 135 137 138 139 140 142 143 144 146 147 149 152 153 154 156 157 159 160 162 164 166 168 169 170 172 173 174 175 176 177 178 179 180 181 183 187 190 191 192 195 196 197 198 201 202 203 205 206 207 211 212 213 214 217 219 220 221 222 223 224 225 227 229 230 231 232 236 238 239 241 243 246 248 250 253 254 258 259 260 262 263 264 265 266 267 268 269 270 272 273 275 276 277 278 279 280 281 283 287 289 290 291 292 294 296 297 299 300 301 302 303 304 306 307 311 312 316 317 318 319 322 323 328 329 330 333 336 338 340 343 345 349 350 351 355 356 357 358 359 360 361 362 363 364 366 367 368 369 370 371 372 374 375 376 377 378 379 380 381 382 384 385 386 387 388 393 394 395 396 397 398 399 400 401 403 405 406 410 416 419 420 424 425 426 428 429 430 431 432 433 437 441 443 444 445 449 450 451 452 453 454 457 458 460 461 466 467 468 471 472 473 477 479 481 483 484 485 487 489 490 491 493 494 498 499 500 501 503 507 509 510 513 514 515 518 519 520 524 526 527 528 529 530 532 534 537 539 542 544 551 552 554 555 558 559 560 561 563 564 566 567 569 570 571 572 574 575 577 581 586 587 588 589 590 591 592 593 594 595 596 598 600 602 603 604 605 606 609 612 614 617 621 623 624 627 629 632 635 637 638 640 641 642 643 644 645 647 648 651 652 655 656 657 658 663 664 665 667 668 669 670 677 678 679 680 681 684 685 688 689 691 692 695 696 697 700 702 703 704 705 706 707 708 709 710 714 715 718 720 726 727 728 729 733 735 736 738 740 741 746 747 752 755 757 759 760 761 762 763 767 769 771 774 775 776 777 779 781 783 784 786 788 789 790 792 794 796 797 798 801 802 806 810 811 813 814 815 819 820 822 823 825 826 829 830 831 833 834 837 838 839 840 841 845 847 848 850 852 854 855 858 860 862 864 866 871 873 875 876 878 879 880 882 884 887 889 890 891 892 893 895 896 897 899 900 904 906 907 912 913 915 916 918 921 922 924 925 926 930 931 932 933 934 935 937 939 943 944 947 948 951 953 955 957 958 959 960 961 962 964 966 967 972 973 974 976 977 978 979 981 982 983 986 989 990 991 992 993 995 996 998 1000 1003 1004 1005 1006 1008 1010 1011 1012 1014 1020 1022 1025 1026 1028 1029 1030 1031 1032 1035 1036 1038 1040 1041 1042 1045 1046 1047 1048 1049 1051 1053 1054 1055 1056 1057 1059 1061 1062 1063 1067 1069 1070 1071 1072 1073 1074 1075 1076 1077 1078 1080 1082 1083 1084 1085 1086 1088 1090 1091 1092 1094 1096 1098 1099 1100 1102 1105 1106 1107 1112 1113 1117 1118 1119 1123 1124 1125 1126 1127 1128 1129 1130 1131 1132 1134 1135 1136 1139 1140 1141 1143 1144 1147 1148 1152 1153 1155 1157 1162 1163 1166 1167 1168 1169 1172 1175 1176 1178 1182 1184 1187 1190 1191 1192 1195 1201 1203 1204 1206 1208 1209 1212 1213 1215 1218 1219 1220 1222 1223 1224 1225 1229 1231 1232 1234 1237 1238 1240 1241 1243 1244 1246 1248 1251 1252 1253 1254 1256 1257 1258 1261 1262 1269 1270 1275 1277 1279 1280 1281 1282 1285 1287 1288 1289 1290 1291 1294 1295 1296 1297 1299 1302 1304 1306 1307 1310 1312 1316 1318 1319 1320 1322 1323 1324 1326 1327 1328 1329 1332 1333 1336 1337 1338 1339 1340 1341 1342 1345 1347 1349 1350 1352 1353 1354 1356 1358 1362 1367 1368 1369 1371 1372 1375 1376 1377 1378 1379 1380 1383 1384 1385 1386 1388 1391 1392 1397 1398 1400 1402 1403 1404 1405 1407 1408 1409 1411 1412 1413 1414 1415 1416 1417 1421 1423 1424 1425 1427 1428 1429 1431 1432 1433 1434 1436 1439 1441 1442 1443 1444 1445 1447 1448 1451 1453 1454 1456 1458 1462 1464 1466 1467 1468 1469 1470 1471 1473 1474 1478 1480 1481 1486 1488 1489 1490 
884: 0 1 4 5 6 10 12 13 15 16 20 23 26 28 30 32 34 35 37 38 40 41 42 45 46 47 48 49 50 54 56 57 59 61 63 64 65 66 68 69 70 73 74 76 77 80 81 82 83 84 86 87 88 90 91 92 93 94 96 99 101 102 103 106 109 113 114 117 119 121 122 123 126 128 131 132 134 136 137 140 141 142 143 145 146 147 149 150 151 154 156 157 160 163 164 165 170 171 172 173 177 179 182 184 186 188 190 195 196 198 199 200 204 205 208 209 210 211 212 214 215 217 218 221 222 223 225 228 229 230 232 233 234 237 238 239 241 242 243 244 245 246 247 249 251 252 256 257 258 259 260 261 263 266 267 268 269 270 271 274 275 277 278 280 281 282 284 285 287 288 289 293 295 296 298 299 301 303 305 307 308 311 312 313 314 316 320 321 322 323 324 332 334 337 339 340 342 343 345 347 348 349 350 354 355 356 357 358 361 362 364 365 366 367 369 372 374 375 378 380 381 382 384 385 386 387 388 393 395 397 398 400 401 402 403 404 406 410 411 412 413 414 415 416 417 418 419 422 423 424 425 426 427 430 433 436 438 440 444 445 447 448 449 451 453 455 456 457 459 460 463 464 465 466 467 469 470 473 474 475 476 477 478 480 483 486 489 491 492 493 494 495 500 503 504 507 508 511 513 514 515 518 519 520 521 527 528 529 531 537 539 540 541 542 543 544 546 547 550 551 552 553 554 556 559 562 563 564 569 570 571 573 576 577 578 580 581 582 583 584 585 586 587 589 590 591 592 593 596 597 598 603 604 608 610 612 613 614 618 619 624 627 628 629 630 631 635 636 637 638 641 642 643 644 646 649 650 651 653 654 656 657 659 660 661 662 668 671 672 673 674 676 678 679 680 681 682 684 685 686 687 688 689 690 692 693 694 695 699 701 702 703 704 705 706 708 709 712 713 715 717 718 719 723 724 726 729 733 735 736 738 740 741 743 744 751 752 754 756 757 759 760 761 765 769 770 774 775 776 777 778 779 780 781 782 783 784 785 787 788 789 791 792 796 799 805 807 809 811 812 813 814 815 816 818 819 820 822 823 824 825 827 828 829 832 833 835 837 840 841 842 844 847 848 849 851 852 854 855 860 862 867 869 873 874 875 876 877 878 879 881 882 885 886 887 889 890 892 894 898 899 900 901 903 904 909 910 911 912 915 917 918 922 923 924 925 928 929 930 931 932 933 934 936 937 938 939 940 941 942 945 948 950 951 952 956 958 959 960 961 963 964 965 966 968 970 972 976 978 981 983 985 986 987 989 992 994 996 998 1000 1003 1004 1005 1010 1013 1015 1017 1018 1019 1024 1028 1029 1030 1031 1032 1033 1036 1038 1040 1041 1043 1045 1046 1048 1049 1050 1051 1052 1053 1054 1055 1056 1057 1058 1059 1060 1062 1063 1064 1065 1066 1067 1068 1069 1072 1074 1075 1081 1084 1085 1087 1088 1089 1090 1091 1093 1096 1098 1100 1102 1104 1106 1109 1110 1111 1112 1115 1117 1119 1120 1121 1122 1123 1124 1125 1127 1129 1131 1132 1133 1134 1139 1140 1141 1142 1145 1146 1150 1151 1153 1154 1155 1156 1162 1163 1166 1168 1170 1171 1173 1174 1175 1177 1179 1181 1182 1183 1185 1186 1187 1189 1190 1192 1193 1195 1196 1197 1198 1199 1200 1202 1203 1204 1205 1206 1208 1210 1213 1214 1215 1216 1217 1219 1220 1223 1225 1226 1229 1230 1232 1233 1235 1237 1241 1242 1243 1244 1246 1248 1249 1250 1251 1252 1256 1257 1258 1260 1264 1265 1267 1268 1270 1272 1274 1275 1277 1278 1279 1281 1283 1290 1293 1295 1298 1299 1301 1302 1303 1304 1306 1309 1310 1312 1314 1315 1316 1317 1318 1320 1321 1323 1325 1326 1327 1328 1332 1333 1336 1337 1338 1339 1340 1343 1344 1346 1347 1348 1350 1353 1354 1355 1356 1357 1358 1359 1360 1361 1362 1363 1364 1365 1366 1368 1369 1370 1371 1372 1373 1375 1377 1378 1380 1381 1382 1385 1388 1390 1391 1392 1394 1396 1398 1399 1400 1402 1403 1405 1409 1410 1411 1412 1413 1414 1416 1417 1419 1420 1421 1423 1424 1425 1426 1429 1431 1432 1435 1437 1439 1441 1442 1443 1444 1445 1446 1447 1449 1450 1451 1452 1453 1454 1457 1458 1459 1460 1461 1462 1469 1470 1471 1473 1474 1475 1476 1477 1478 1479 1480 1482 1484 1487 1488 1489 1490 
891: 1 3 4 5 6 8 9 10 12 14 19 20 21 22 24 25 26 27 28 29 31 32 33 34 35 36 37 40 41 42 43 44 45 47 48 49 50 51 52 53 55 56 58 59 60 63 64 65 66 67 70 71 72 73 74 75 78 80 83 88 91 92 93 95 96 97 98 100 106 108 109 111 112 114 115 119 121 122 123 124 125 127 128 131 133 135 136 137 139 140 141 142 143 149 150 151 155 156 157 159 160 161 163 164 166 167 168 169 171 174 177 182 184 185 188 191 192 193 194 195 196 197 199 200 201 202 203 204 205 208 209 212 215 218 219 220 221 227 228 234 235 236 237 238 241 245 246 247 248 250 254 256 257 259 260 262 263 265 268 269 270 272 273 274 277 279 280 282 283 284 287 288 289 290 291 292 293 294 296 297 300 301 304 306 307 308 312 313 315 319 320 321 325 327 329 331 333 334 337 338 339 340 341 346 347 350 351 352 356 360 361 362 364 366 367 370 371 372 373 376 379 381 382 384 385 386 387 389 392 394 395 396 399 400 402 404 405 406 407 409 410 411 412 413 414 418 419 420 421 423 425 426 428 430 432 434 435 439 442 443 446 448 449 451 452 454 458 461 462 463 464 465 467 469 470 471 472 473 477 480 481 482 484 485 489 490 491 492 493 496 498 501 503 505 506 507 508 509 510 513 516 517 518 520 521 523 525 527 528 529 534 536 537 539 540 543 544 547 549 550 553 554 555 556 559 560 561 562 566 567 568 569 570 572 574 575 577 579 580 581 585 586 588 589 593 594 597 598 599 602 604 609 611 613 614 616 617 618 620 621 622 624 625 626 629 630 631 632 634 635 638 640 645 649 650 651 652 653 655 657 659 660 661 663 664 665 666 669 672 674 675 679 681 682 683 688 689 691 692 694 695 696 699 700 701 702 703 705 706 707 708 709 712 713 714 715 716 717 718 720 721 722 725 728 729 730 731 733 735 738 740 741 742 743 744 745 746 748 751 752 753 754 755 756 757 759 760 761 765 766 768 769 773 774 776 777 779 780 781 782 784 785 786 787 789 790 793 795 796 797 799 800 804 805 807 809 810 811 813 814 815 817 819 820 821 822 826 828 829 830 831 832 833 834 836 837 840 844 847 848 851 853 855 856 857 858 860 861 863 865 866 867 868 869 870 872 873 874 877 878 879 881 883 884 889 893 894 895 899 900 901 903 905 906 907 909 910 912 914 916 917 919 921 922 923 924 925 926 927 929 930 931 933 934 936 937 939 941 942 944 945 949 950 954 955 957 958 960 961 962 963 966 968 969 970 971 972 973 974 975 976 978 979 984 986 988 990 991 992 993 1002 1003 1005 1007 1008 1009 1013 1015 1016 1019 1020 1024 1026 1027 1028 1029 1030 1032 1033 1034 1035 1036 1037 1041 1042 1043 1045 1046 1047 1048 1050 1051 1052 1053 1054 1055 1056 1057 1058 1060 1063 1065 1067 1068 1069 1070 1071 1074 1075 1076 1078 1079 1081 1082 1084 1085 1086 1087 1088 1089 1092 1093 1095 1096 1097 1098 1099 1100 1101 1103 1104 1105 1106 1108 1109 1111 1113 1115 1116 1117 1119 1120 1121 1124 1125 1126 1128 1129 1131 1132 1133 1134 1135 1136 1137 1139 1141 1142 1143 1145 1146 1149 1151 1153 1154 1157 1158 1159 1161 1164 1165 1166 1167 1170 1172 1175 1177 1180 1183 1184 1185 1186 1187 1188 1189 1190 1192 1194 1196 1201 1203 1204 1205 1207 1210 1211 1213 1217 1221 1224 1225 1226 1228 1229 1230 1234 1236 1237 1238 1239 1240 1241 1242 1243 1244 1245 1246 1248 1249 1255 1257 1258 1259 1260 1261 1262 1264 1265 1271 1274 1275 1278 1280 1282 1283 1284 1285 1288 1291 1292 1293 1294 1295 1300 1304 1305 1306 1308 1309 1310 1311 1312 1313 1314 1315 1316 1321 1322 1323 1326 1328 1330 1331 1332 1334 1336 1337 1340 1342 1343 1344 1346 1347 1349 1352 1353 1360 1361 1362 1363 1364 1365 1367 1370 1371 1372 1373 1374 1379 1380 1381 1385 1387 1390 1392 1393 1394 1395 1396 1398 1400 1401 1402 1403 1404 1405 1406 1408 1411 1412 1414 1416 1417 1418 1419 1420 1421 1422 1423 1424 1425 1429 1430 1431 1433 1434 1435 1436 1437 1438 1440 1441 1443 1445 1446 1448 1449 1450 1451 1452 1453 1455 1457 1459 1462 1464 1465 1467 1468 1469 1471 1472 1475 1477 1482 1483 1484 1485 1486 1487 1491 
905: 1 2 3 4 5 7 8 11 12 13 15 17 20 25 27 28 30 31 34 36 38 39 40 42 44 45 46 48 49 51 53 56 58 59 60 61 63 64 65 66 67 68 70 71 74 75 77 78 79 80 81 82 83 85 88 90 91 92 94 97 100 101 102 106 107 108 109 110 111 112 113 114 115 116 118 119 122 124 126 128 129 132 133 134 137 138 140 142 143 145 151 152 154 155 158 159 160 161 162 163 166 167 168 169 170 173 174 175 176 177 179 180 182 183 185 186 187 189 190 191 192 194 196 199 200 201 203 204 205 206 210 211 214 215 217 219 220 221 223 225 226 227 231 233 235 236 237 239 241 243 244 245 246 248 251 252 254 257 259 260 261 262 263 264 265 268 269 271 275 281 284 285 287 288 289 291 292 294 296 297 299 300 301 302 303 305 309 310 315 317 321 326 331 332 334 335 338 339 340 341 344 346 347 349 351 353 355 358 359 361 362 363 364 369 374 376 382 383 384 386 389 390 391 392 393 394 395 397 398 399 400 402 404 405 406 407 408 409 413 415 416 418 419 420 421 422 424 427 428 430 434 436 438 439 441 442 443 445 446 448 449 450 451 452 453 454 455 457 459 460 461 462 463 464 465 466 468 469 470 471 473 474 475 476 478 480 484 485 486 487 489 491 493 495 496 498 499 500 501 503 504 505 506 507 509 511 512 513 514 515 516 517 518 519 520 522 526 528 529 530 533 536 537 538 539 540 541 542 543 544 548 550 551 553 554 555 556 557 558 560 561 562 563 566 567 568 569 570 571 572 573 574 575 585 587 588 589 590 592 593 594 596 598 601 602 603 605 606 607 608 611 612 613 614 616 618 621 622 625 626 628 629 633 634 635 636 638 639 640 647 648 649 650 651 652 653 655 657 658 659 660 663 667 668 669 670 672 675 676 677 678 679 681 682 684 685 688 690 691 692 696 697 698 699 702 705 706 707 708 709 711 716 717 718 720 722 725 726 727 729 730 733 735 736 738 739 742 744 745 746 748 750 752 754 756 758 763 764 767 768 769 770 771 773 774 777 778 779 780 784 785 787 789 791 792 793 794 796 797 798 799 801 802 804 805 806 807 808 810 811 812 814 818 819 820 824 825 826 827 828 829 831 832 836 838 842 843 845 847 850 851 852 855 856 857 859 860 861 864 865 868 869 870 872 874 876 877 883 885 886 888 889 890 892 896 898 899 900 901 902 903 904 905 906 907 908 909 910 911 913 916 918 920 923 924 925 929 930 931 935 936 937 938 939 940 941 942 943 946 948 949 950 951 952 953 954 955 956 957 960 961 962 963 966 968 969 970 971 972 973 974 975 976 978 979 980 981 984 985 987 989 990 991 992 993 994 995 996 998 1001 1002 1003 1004 1007 1008 1011 1013 1014 1016 1017 1018 1019 1022 1024 1025 1026 1027 1028 1032 1035 1038 1041 1042 1044 1048 1051 1055 1056 1058 1062 1063 1064 1065 1067 1068 1072 1074 1076 1077 1078 1079 1080 1081 1082 1083 1085 1087 1088 1092 1093 1096 1097 1098 1099 1100 1101 1102 1104 1105 1107 1109 1110 1112 1113 1115 1118 1119 1126 1127 1128 1129 1130 1132 1133 1134 1135 1136 1138 1140 1141 1142 1143 1144 1145 1147 1150 1151 1152 1153 1154 1155 1158 1159 1160 1162 1164 1165 1167 1169 1173 1174 1175 1176 1178 1180 1183 1184 1185 1188 1192 1193 1194 1195 1196 1197 1199 1201 1202 1204 1206 1207 1208 1210 1211 1212 1213 1214 1215 1217 1219 1220 1222 1223 1227 1228 1231 1233 1234 1236 1237 1239 1240 1241 1242 1243 1244 1245 1247 1248 1250 1254 1256 1258 1259 1260 1261 1262 1263 1264 1265 1266 1268 1271 1273 1276 1279 1280 1281 1282 1283 1286 1287 1288 1289 1290 1292 1293 1294 1295 1298 1299 1302 1303 1307 1308 1309 1310 1312 1315 1318 1322 1324 1325 1326 1327 1329 1330 1331 1332 1333 1336 1337 1340 1347 1348 1349 1350 1351 1352 1353 1355 1358 1361 1362 1363 1364 1366 1369 1370 1371 1374 1375 1377 1378 1379 1384 1385 1386 1388 1390 1391 1392 1393 1394 1395 1396 1397 1399 1401 1402 1403 1404 1407 1408 1409 1411 1413 1415 1416 1420 1421 1426 1427 1428 1430 1431 1432 1434 1435 1436 1437 1438 1439 1440 1441 1442 1443 1444 1445 1447 1449 1451 1452 1453 1454 1455 1458 1460 1461 1462 1463 1464 1465 1469 1470 1471 1474 1475 1478 1479 1480 1485 1486 1487 1491 
888: 1 2 3 4 5 7 9 10 11 12 14 15 18 20 22 23 24 25 26 28 29 32 33 35 40 41 42 43 44 45 46 48 50 53 54 55 60 62 65 66 67 68 69 72 73 74 75 77 78 80 81 83 84 85 86 88 90 91 93 97 100 103 104 107 108 109 110 111 112 115 117 118 119 120 121 122 124 125 127 128 131 132 134 138 139 140 144 145 146 147 148 151 152 153 154 156 158 159 160 161 162 163 164 167 168 169 170 171 172 177 178 179 181 182 183 185 187 188 190 193 194 196 197 198 200 201 203 204 205 207 208 209 210 211 212 213 214 215 217 219 220 223 225 226 227 228 230 231 232 233 234 235 236 237 239 240 241 242 243 244 247 248 251 252 253 254 255 256 257 258 259 260 261 262 263 264 265 266 268 269 270 273 277 278 279 280 282 286 288 290 294 296 298 299 304 306 310 311 312 313 319 320 321 322 323 324 325 326 327 328 329 330 332 333 334 335 337 338 340 341 342 343 344 345 348 349 350 351 354 355 356 358 359 360 361 364 367 369 372 373 374 375 376 377 378 379 380 381 383 385 387 388 390 392 393 395 396 397 398 400 402 406 407 408 409 412 414 415 416 417 418 420 422 423 424 425 426 432 435 437 438 439 440 441 442 443 444 449 451 452 453 454 456 457 459 460 461 462 464 466 467 468 469 472 475 476 477 480 481 482 483 484 485 487 488 489 490 491 495 498 499 500 501 502 503 504 505 508 510 511 512 514 515 517 518 520 523 525 526 527 528 532 533 534 535 536 540 541 542 544 545 546 547 549 550 551 552 553 554 555 556 558 560 562 566 568 569 570 574 575 576 580 581 582 583 584 585 586 588 589 591 593 594 595 597 598 601 604 611 612 614 615 616 617 618 620 622 623 624 625 626 627 628 629 630 631 632 633 634 637 638 640 644 645 648 650 651 653 654 657 660 661 663 664 665 667 669 671 672 673 674 675 678 679 680 681 682 683 684 685 686 688 692 693 694 695 696 697 699 701 703 704 706 707 708 709 710 711 714 716 720 721 723 727 729 731 733 736 742 744 745 746 748 749 750 753 754 758 759 764 769 772 773 775 776 777 778 779 780 782 784 785 786 787 788 789 790 791 792 793 795 797 798 801 803 804 806 808 809 810 811 812 814 817 818 819 820 822 824 825 826 827 830 832 834 837 838 841 844 846 849 850 851 853 855 856 857 858 860 862 863 864 868 870 874 877 878 879 881 883 884 886 888 889 890 891 897 898 899 903 904 905 906 910 912 913 915 916 917 918 919 920 921 924 930 932 933 935 936 937 941 942 943 944 945 946 947 948 950 951 955 956 957 958 962 963 964 967 968 969 970 971 972 974 978 980 981 982 983 984 985 986 987 989 990 991 992 993 994 996 997 999 1000 1001 1002 1004 1005 1006 1007 1011 1012 1013 1014 1015 1016 1018 1019 1020 1022 1024 1025 1026 1027 1029 1030 1032 1033 1036 1037 1038 1039 1040 1042 1043 1045 1046 1048 1049 1050 1051 1054 1055 1057 1058 1060 1061 1063 1064 1065 1066 1067 1068 1069 1070 1071 1072 1075 1077 1083 1084 1085 1088 1089 1092 1093 1095 1096 1097 1099 1100 1102 1103 1106 1110 1111 1112 1114 1115 1118 1119 1120 1124 1126 1128 1129 1130 1132 1134 1135 1136 1138 1140 1141 1142 1144 1146 1149 1150 1151 1152 1153 1155 1156 1157 1159 1161 1162 1163 1167 1168 1170 1171 1172 1173 1174 1175 1176 1177 1179 1180 1181 1183 1184 1190 1192 1193 1195 1199 1200 1202 1203 1204 1205 1207 1208 1209 1212 1213 1219 1222 1223 1225 1227 1228 1229 1231 1232 1234 1235 1236 1238 1239 1240 1241 1246 1249 1251 1259 1260 1262 1264 1265 1266 1267 1270 1273 1274 1279 1281 1285 1290 1294 1295 1296 1298 1300 1302 1307 1310 1315 1316 1319 1320 1321 1327 1329 1330 1332 1333 1334 1335 1337 1340 1341 1342 1343 1344 1345 1346 1347 1350 1351 1352 1353 1356 1360 1361 1362 1364 1365 1367 1368 1369 1370 1380 1384 1385 1387 1389 1395 1396 1397 1402 1403 1408 1409 1410 1412 1414 1415 1417 1418 1423 1424 1426 1431 1432 1433 1434 1437 1438 1440 1441 1443 1444 1446 1449 1452 1457 1460 1461 1466 1468 1470 1471 1472 1473 1476 1481 1482 1483 1484 1486 1487 1488 1489 1490 1491 
898: 0 1 5 8 9 10 15 17 18 20 21 24 25 26 27 29 30 35 38 40 43 44 45 49 50 51 52 55 56 58 60 61 63 64 65 66 67 68 69 70 72 74 75 77 79 82 83 85 86 87 90 91 92 93 94 95 96 97 98 99 100 102 103 105 108 109 110 111 112 113 114 116 117 119 120 122 123 125 126 127 128 129 130 134 136 144 145 148 150 151 153 154 156 158 160 161 162 163 164 166 168 171 172 173 174 177 178 180 181 182 184 185 187 189 190 192 193 194 195 196 197 199 200 201 202 204 205 206 207 208 211 212 216 217 220 222 223 224 225 226 227 228 229 230 233 235 237 246 248 249 251 252 253 254 256 258 259 260 261 262 264 265 266 267 269 270 271 272 277 278 279 280 281 282 284 285 288 291 293 294 296 297 299 300 302 303 305 306 308 310 312 314 315 316 317 323 324 325 326 327 328 329 330 331 332 333 334 335 336 337 341 342 344 348 349 350 351 354 355 357 359 360 362 363 364 365 366 367 368 369 370 374 376 377 378 379 382 383 385 386 387 389 390 391 393 394 395 398 401 402 403 404 406 409 410 413 416 417 418 419 420 422 423 425 426 427 429 432 434 435 436 437 440 441 444 445 448 450 451 452 453 457 464 466 469 470 471 472 473 474 479 480 483 485 486 487 488 496 497 498 500 502 505 508 514 515 518 519 520 522 523 526 527 528 529 530 531 532 534 535 536 539 540 541 542 543 544 548 549 550 551 552 553 554 555 557 559 561 562 563 565 566 568 569 570 572 575 576 577 578 583 584 586 587 590 591 592 593 595 596 597 598 599 603 604 605 606 607 608 609 610 611 613 614 615 616 617 618 619 620 621 622 623 625 626 627 628 629 632 633 634 636 637 639 640 641 643 646 647 648 649 650 652 654 659 662 663 664 667 671 676 678 679 680 681 683 684 686 688 689 692 693 695 696 697 700 701 702 703 704 706 707 709 710 711 712 714 716 717 720 721 722 725 727 728 730 732 735 737 738 739 740 741 742 743 746 747 748 751 752 753 757 761 763 764 770 775 776 777 779 784 786 787 788 789 792 793 794 795 798 799 800 801 802 806 808 809 811 812 813 815 816 817 822 823 825 826 828 829 830 832 835 838 840 841 842 845 846 847 848 849 850 851 852 854 857 858 859 860 863 866 868 869 870 872 873 875 877 880 881 883 884 885 887 888 889 890 891 892 893 894 895 898 900 903 908 910 912 913 915 917 918 919 920 921 922 925 926 927 929 931 932 934 935 936 937 941 944 946 947 949 950 952 953 954 956 957 958 959 962 963 965 967 970 971 974 975 976 977 978 979 983 984 985 987 989 992 993 994 995 997 998 999 1000 1001 1002 1003 1005 1007 1008 1009 1011 1014 1016 1017 1018 1019 1020 1022 1024 1025 1026 1028 1030 1032 1033 1034 1035 1039 1041 1042 1043 1044 1048 1052 1054 1056 1057 1058 1059 1060 1061 1064 1066 1067 1070 1071 1072 1073 1074 1075 1076 1078 1079 1083 1087 1088 1091 1093 1095 1096 1097 1098 1099 1101 1103 1105 1106 1108 1109 1110 1112 1113 1114 1115 1116 1117 1118 1119 1124 1125 1126 1127 1128 1133 1134 1135 1136 1137 1140 1141 1143 1144 1147 1149 1152 1154 1155 1156 1157 1159 1161 1163 1165 1166 1167 1168 1169 1170 1172 1174 1177 1178 1179 1180 1181 1182 1183 1184 1186 1187 1188 1191 1192 1193 1194 1195 1196 1198 1200 1202 1203 1204 1206 1211 1213 1214 1215 1217 1218 1219 1224 1226 1227 1228 1229 1230 1232 1234 1235 1236 1237 1238 1240 1241 1243 1245 1246 1250 1253 1254 1257 1259 1260 1263 1266 1267 1268 1269 1270 1271 1272 1273 1275 1277 1278 1279 1280 1281 1282 1283 1284 1287 1288 1289 1290 1292 1296 1298 1301 1302 1303 1304 1305 1306 1307 1308 1310 1312 1313 1315 1319 1325 1326 1327 1329 1330 1331 1335 1336 1337 1338 1339 1340 1344 1345 1348 1351 1354 1355 1358 1359 1360 1361 1362 1363 1365 1366 1368 1369 1375 1376 1377 1378 1379 1380 1383 1384 1385 1386 1387 1388 1389 1390 1391 1397 1398 1400 1401 1402 1403 1405 1406 1409 1411 1416 1419 1420 1423 1424 1425 1427 1428 1430 1431 1436 1440 1441 1443 1444 1445 1448 1450 1451 1452 1453 1454 1455 1458 1461 1462 1463 1464 1466 1467 1468 1471 1472 1473 1474 1475 1476 1479 1480 1483 1484 1485 1487 
900: 1 2 4 7 8 9 10 12 14 16 18 19 22 24 25 27 28 30 31 32 33 36 38 39 40 44 46 47 49 51 54 56 57 59 60 62 63 64 65 66 67 69 70 72 73 77 78 79 80 83 85 86 87 88 92 93 95 96 101 102 104 105 106 107 109 110 111 114 115 117 118 119 120 122 124 125 128 129 131 132 133 135 136 138 141 143 144 145 148 150 151 152 154 158 161 162 163 164 166 169 170 171 174 175 177 178 179 185 186 187 191 193 197 198 199 205 206 207 208 210 211 212 213 215 216 217 218 219 220 223 224 227 228 230 231 232 234 236 237 239 240 241 242 243 244 245 246 247 248 250 252 253 254 255 256 257 258 262 263 264 267 268 270 271 272 274 278 280 282 283 284 286 287 288 289 290 291 292 294 295 297 298 299 300 301 303 306 309 311 312 313 317 318 319 320 321 325 326 327 328 329 330 331 333 335 339 343 344 346 347 349 350 351 355 356 358 359 360 361 362 363 364 367 369 371 372 374 375 376 377 380 381 383 384 386 387 389 390 391 392 393 394 395 397 398 403 404 405 409 410 412 413 415 417 419 420 421 422 425 427 430 431 433 435 436 437 438 439 440 442 443 448 449 452 455 457 459 462 463 464 465 466 467 469 470 471 476 477 478 479 480 482 483 485 486 487 488 489 490 494 495 497 498 499 500 501 502 503 504 505 506 509 510 511 512 513 514 516 517 518 521 523 524 526 528 529 530 533 535 536 537 539 542 544 545 546 549 550 551 552 556 557 558 561 562 563 564 565 567 573 577 579 582 583 587 589 590 591 592 595 596 597 599 600 603 604 605 606 608 609 610 611 613 615 616 617 618 619 620 621 623 628 630 632 633 635 636 639 640 641 642 643 645 646 647 649 650 651 652 655 657 660 661 662 663 666 669 670 672 675 677 678 679 682 683 684 685 688 689 691 692 694 695 696 697 698 701 702 704 705 706 713 714 715 716 717 718 720 723 724 725 726 727 728 729 730 731 732 734 735 736 738 740 742 743 745 746 748 753 754 755 756 758 760 761 763 770 771 772 775 776 777 778 779 781 782 783 784 786 788 790 791 792 793 794 796 797 798 799 802 803 805 806 807 809 810 812 813 819 822 823 827 830 832 833 835 836 837 838 839 843 846 847 849 850 851 852 855 860 861 862 864 865 866 867 868 871 873 875 876 877 878 879 880 881 882 883 884 885 887 888 889 890 891 893 894 896 898 899 900 904 906 907 908 910 911 917 918 919 921 923 925 927 928 929 934 938 940 942 943 944 945 950 952 953 954 955 956 958 959 962 964 965 966 967 968 969 972 973 974 975 976 978 979 981 982 983 986 987 988 990 992 994 996 1001 1003 1004 1005 1007 1010 1011 1012 1015 1016 1019 1020 1021 1022 1023 1025 1026 1027 1029 1030 1031 1032 1034 1036 1038 1039 1042 1045 1047 1048 1049 1050 1054 1057 1059 1060 1061 1063 1064 1065 1066 1068 1069 1070 1072 1073 1074 1080 1084 1085 1089 1090 1092 1093 1094 1095 1096 1097 1098 1099 1103 1104 1105 1109 1110 1111 1113 1114 1115 1119 1121 1122 1123 1124 1125 1126 1127 1128 1129 1130 1131 1132 1140 1141 1142 1148 1149 1154 1155 1160 1161 1162 1163 1164 1165 1168 1169 1170 1171 1172 1174 1175 1178 1179 1181 1182 1183 1185 1186 1187 1188 1191 1192 1193 1194 1197 1198 1199 1201 1202 1206 1207 1208 1209 1211 1213 1214 1216 1217 1218 1219 1222 1223 1224 1225 1226 1228 1229 1232 1234 1237 1238 1239 1240 1241 1242 1243 1244 1246 1247 1249 1250 1251 1252 1253 1255 1256 1257 1258 1259 1260 1263 1264 1266 1267 1268 1270 1272 1273 1274 1275 1276 1279 1280 1281 1282 1283 1284 1286 1287 1288 1289 1291 1292 1293 1294 1296 1297 1298 1302 1303 1304 1306 1309 1310 1312 1314 1315 1316 1317 1319 1320 1321 1324 1325 1326 1328 1332 1334 1336 1337 1340 1344 1345 1346 1348 1349 1352 1355 1359 1361 1362 1363 1364 1368 1372 1373 1374 1375 1377 1378 1379 1381 1382 1383 1386 1389 1391 1393 1394 1395 1397 1398 1399 1405 1406 1407 1410 1412 1416 1419 1421 1422 1423 1424 1425 1426 1427 1429 1430 1431 1433 1434 1435 1436 1437 1438 1439 1441 1442 1444 1445 1448 1451 1452 1454 1455 1458 1459 1464 1465 1466 1467 1468 1470 1475 1476 1477 1478 1479 1481 1483 1484 1487 1490 1491 
910: 1 2 3 4 5 7 9 11 12 13 15 21 22 23 25 26 28 29 30 31 32 33 35 36 37 38 40 42 44 45 46 47 50 51 53 55 56 57 58 59 60 61 62 64 65 68 72 73 75 78 79 80 81 82 83 84 85 90 91 94 95 98 100 102 107 108 109 110 111 112 114 116 119 122 125 127 128 129 131 132 133 134 135 137 138 139 141 144 146 149 150 153 154 156 157 159 161 162 163 165 166 168 170 173 177 178 181 182 187 188 189 191 193 194 195 196 198 200 203 204 205 206 207 209 210 213 214 216 221 223 224 225 226 227 229 231 232 233 234 235 236 237 239 241 243 244 247 248 249 252 253 255 258 259 262 263 266 267 268 269 271 272 273 274 276 277 278 280 284 285 287 291 292 294 295 296 297 299 301 303 304 305 306 307 310 311 312 315 318 320 321 323 324 326 327 330 331 333 334 335 336 338 339 341 343 345 349 351 353 354 355 356 358 359 360 363 364 365 366 367 369 370 371 372 373 375 376 378 379 380 384 385 386 387 388 389 391 392 393 394 395 397 400 401 402 403 405 406 407 409 412 414 415 417 420 421 422 423 425 426 429 430 431 432 436 437 438 441 443 445 446 448 449 450 452 454 455 456 459 460 463 464 465 466 469 470 472 473 474 475 477 478 483 484 485 487 488 489 491 493 494 496 497 498 499 500 501 502 503 504 507 509 512 513 514 515 518 519 520 524 529 530 531 532 536 537 538 539 540 541 543 544 545 547 548 549 551 553 554 555 556 557 558 560 561 563 564 565 567 568 573 576 578 580 581 586 588 590 594 597 598 600 601 602 603 607 609 610 611 612 616 619 620 621 622 623 624 626 627 628 629 630 632 634 635 636 638 639 640 641 643 644 649 651 655 656 657 658 661 663 665 668 670 671 672 673 674 675 676 677 678 680 681 682 683 684 685 688 689 690 692 699 701 702 704 706 710 711 712 713 714 717 718 721 723 725 726 727 729 730 733 736 738 739 741 742 744 745 746 747 748 752 753 754 755 756 758 763 764 765 769 771 773 774 775 777 781 783 784 787 788 794 796 798 801 804 805 808 809 810 812 813 814 815 816 817 818 819 821 823 824 825 828 830 833 835 839 840 842 844 845 847 848 849 850 852 854 855 858 860 861 862 863 864 865 866 867 868 869 870 871 873 874 875 876 879 880 881 882 885 886 887 888 891 892 894 895 896 898 899 900 901 902 903 905 907 908 909 910 911 912 913 914 915 916 918 921 923 924 925 926 927 928 929 930 934 935 938 939 940 942 943 947 949 950 951 953 954 955 956 958 959 962 963 964 966 970 971 972 973 976 977 980 982 983 984 986 988 989 990 993 996 997 999 1001 1003 1004 1005 1007 1009 1010 1012 1013 1014 1015 1017 1018 1021 1024 1025 1026 1027 1029 1031 1036 1037 1041 1042 1043 1044 1045 1048 1051 1054 1055 1057 1058 1059 1060 1061 1063 1064 1065 1067 1068 1069 1071 1081 1084 1085 1088 1089 1091 1092 1093 1095 1096 1097 1098 1100 1101 1103 1104 1105 1108 1110 1112 1114 1116 1119 1121 1123 1124 1125 1127 1128 1129 1131 1132 1133 1138 1139 1143 1144 1145 1146 1147 1149 1150 1152 1155 1156 1157 1158 1159 1161 1163 1165 1166 1168 1171 1172 1173 1174 1175 1178 1179 1181 1186 1187 1188 1189 1191 1192 1193 1194 1195 1197 1202 1203 1204 1205 1207 1209 1210 1211 1213 1214 1215 1216 1218 1220 1221 1224 1225 1226 1227 1228 1229 1230 1232 1233 1234 1235 1236 1237 1238 1240 1241 1244 1245 1246 1247 1250 1252 1253 1254 1256 1257 1258 1259 1261 1262 1263 1264 1265 1267 1268 1269 1270 1271 1272 1275 1278 1280 1281 1283 1284 1285 1286 1288 1289 1290 1291 1292 1293 1294 1295 1297 1299 1301 1302 1303 1305 1309 1310 1311 1313 1314 1316 1317 1319 1320 1321 1324 1325 1326 1332 1333 1334 1336 1340 1342 1344 1345 1346 1347 1349 1350 1351 1352 1356 1357 1358 1361 1363 1366 1367 1369 1370 1371 1373 1375 1376 1377 1378 1379 1380 1382 1383 1384 1386 1389 1390 1391 1392 1394 1395 1397 1401 1402 1404 1405 1406 1407 1408 1409 1410 1411 1412 1413 1414 1419 1420 1421 1423 1424 1425 1426 1428 1429 1430 1432 1433 1434 1436 1438 1440 1443 1444 1446 1448 1449 1450 1453 1455 1456 1457 1459 1460 1462 1464 1465 1467 1468 1469 1471 1474 1477 1478 1480 1481 1482 1483 1486 1487 1488 1489 1490 1491 
887: 0 1 3 4 5 6 7 9 10 11 13 14 15 16 17 19 20 21 22 23 24 25 26 27 28 31 32 34 37 38 41 42 43 44 47 49 53 54 55 56 57 61 62 65 66 68 69 70 71 72 73 77 80 82 83 84 85 86 88 89 90 91 92 93 95 96 100 101 102 105 106 108 109 111 113 115 116 117 118 119 121 122 124 125 132 133 134 136 137 138 141 142 147 148 149 150 151 152 155 156 157 158 160 161 162 163 168 169 170 171 172 174 175 179 181 182 183 184 185 186 188 191 192 194 195 199 200 201 202 203 204 206 207 208 209 210 212 215 216 222 227 229 230 231 233 234 235 238 240 241 244 246 247 250 251 253 255 258 259 262 263 264 265 266 267 268 269 270 271 272 274 276 277 280 281 283 285 286 290 291 293 294 295 296 297 298 299 301 302 306 308 309 310 311 313 317 318 319 320 321 322 324 325 326 328 329 331 335 337 338 339 340 342 343 345 346 347 349 353 354 355 356 357 358 359 361 363 364 365 366 367 369 370 372 373 376 378 379 386 388 389 392 394 395 396 397 399 401 402 404 405 406 407 408 409 411 413 416 418 419 420 421 424 425 426 427 428 429 430 433 435 436 437 441 443 446 447 448 449 450 451 452 453 454 457 459 461 463 464 467 469 470 472 473 476 479 480 481 483 484 485 486 488 490 491 495 496 497 499 500 501 503 504 508 511 512 513 515 516 519 520 521 523 525 526 527 531 532 533 534 537 538 539 540 541 544 546 547 550 552 553 554 556 557 558 561 562 565 570 571 573 575 577 578 579 581 582 583 584 587 588 589 591 592 593 594 597 602 606 607 608 609 611 612 613 614 615 616 618 619 620 622 623 625 629 630 632 633 634 635 636 637 638 639 640 644 646 647 648 652 653 657 658 659 663 666 667 669 671 672 674 678 679 681 682 683 684 686 688 689 694 695 698 700 707 709 710 711 712 717 718 719 723 726 727 731 732 733 734 735 736 738 739 740 742 743 746 748 750 751 752 755 757 758 763 764 765 766 768 769 770 771 774 776 777 781 782 783 784 789 794 796 798 805 807 808 809 813 816 817 818 819 822 823 825 827 828 829 831 832 833 835 837 838 839 840 841 842 844 845 847 850 851 852 854 855 856 857 860 861 862 864 865 866 867 868 869 870 871 872 874 875 878 881 883 884 886 887 888 889 891 892 894 896 900 901 902 903 905 906 907 908 910 912 913 914 915 916 917 918 919 921 922 923 924 926 927 928 929 932 934 937 939 940 942 943 945 948 950 951 954 955 956 957 960 964 965 966 967 971 972 974 975 976 978 981 982 984 985 986 992 993 996 997 1000 1001 1002 1004 1005 1006 1008 1010 1011 1013 1014 1016 1018 1019 1022 1023 1026 1029 1030 1031 1032 1033 1034 1035 1038 1039 1040 1044 1045 1046 1047 1049 1050 1053 1054 1055 1056 1057 1058 1059 1061 1063 1065 1071 1075 1076 1078 1081 1082 1083 1084 1085 1087 1089 1090 1092 1094 1095 1096 1097 1098 1099 1100 1102 1106 1108 1109 1111 1113 1114 1115 1116 1118 1119 1123 1125 1126 1127 1128 1130 1132 1134 1135 1136 1137 1138 1139 1140 1141 1145 1146 1148 1149 1152 1156 1157 1158 1159 1160 1162 1166 1168 1170 1171 1172 1173 1174 1175 1176 1180 1181 1182 1184 1185 1191 1192 1195 1196 1197 1198 1200 1201 1203 1209 1210 1212 1213 1214 1217 1218 1219 1220 1221 1222 1224 1225 1226 1227 1228 1231 1232 1233 1234 1236 1237 1239 1241 1242 1245 1247 1248 1249 1250 1251 1254 1257 1258 1259 1261 1262 1264 1266 1267 1268 1269 1270 1273 1279 1281 1283 1284 1285 1286 1287 1288 1289 1290 1291 1292 1295 1297 1301 1303 1304 1308 1310 1312 1314 1315 1317 1319 1320 1321 1322 1323 1324 1328 1329 1330 1332 1333 1335 1336 1337 1339 1340 1342 1343 1344 1345 1347 1348 1353 1354 1359 1361 1362 1363 1364 1365 1372 1373 1374 1375 1376 1378 1379 1380 1381 1382 1383 1386 1388 1389 1391 1393 1394 1396 1399 1400 1405 1406 1407 1408 1409 1411 1412 1414 1417 1418 1421 1423 1425 1426 1431 1435 1436 1437 1439 1441 1442 1444 1445 1446 1447 1448 1450 1452 1453 1455 1456 1457 1458 1459 1461 1462 1463 1464 1465 1466 1470 1472 1473 1476 1477 1478 1479 1480 1482 1483 1486 1489 1491 
909: 0 1 2 5 6 8 9 10 11 12 13 14 15 16 17 18 21 24 25 28 29 30 31 39 40 41 42 46 48 49 51 53 54 55 56 58 59 60 61 65 68 69 72 74 75 76 77 80 81 82 83 85 89 90 92 94 95 97 98 99 100 101 102 103 105 107 108 110 112 113 114 115 117 118 119 120 123 124 126 127 128 130 132 134 136 138 139 140 141 144 147 149 150 151 152 153 154 158 161 162 166 167 168 169 170 171 173 175 178 179 182 184 185 186 188 189 190 191 192 194 198 199 200 201 202 203 204 205 206 207 209 210 211 214 215 217 218 219 220 221 223 225 228 232 234 235 236 237 239 241 243 244 246 247 251 253 254 259 260 261 262 263 264 265 268 271 274 275 277 280 282 284 285 286 287 289 290 291 292 296 297 298 300 301 304 305 307 314 315 316 317 318 320 321 322 323 325 326 328 329 330 332 333 336 337 339 340 344 345 348 349 351 353 354 355 356 357 358 364 365 366 368 370 371 372 374 375 376 379 380 381 382 383 384 386 387 389 391 392 394 395 396 398 399 401 406 407 408 409 411 412 414 415 416 417 418 419 420 422 425 429 430 431 432 433 435 436 437 439 440 441 442 443 445 446 448 449 451 453 455 456 457 458 459 460 461 462 466 467 469 471 474 475 476 478 480 481 482 483 484 485 487 489 490 491 492 494 495 496 497 500 502 503 504 505 506 508 512 513 514 515 517 518 519 525 528 530 531 532 533 534 535 536 538 539 541 543 544 546 547 549 551 552 553 554 555 556 559 561 562 563 565 568 569 570 571 574 577 579 580 582 583 586 587 588 589 590 591 592 596 597 599 601 602 603 605 606 607 609 610 611 613 614 615 617 618 621 623 624 625 626 628 629 630 633 634 636 637 639 640 641 643 644 646 647 649 650 651 652 654 655 658 659 660 661 663 664 666 667 668 670 672 674 675 676 680 682 683 684 685 687 690 691 692 694 695 696 697 698 699 700 702 703 705 709 711 712 714 719 720 721 722 724 725 726 729 730 733 734 735 736 739 742 743 744 745 747 749 753 754 755 757 759 760 762 763 764 766 770 771 772 774 775 777 778 780 781 783 785 787 788 789 790 791 792 795 796 797 798 799 801 805 806 807 811 812 813 814 815 816 817 818 819 823 825 826 827 830 831 835 837 838 839 840 843 845 847 848 849 851 852 853 854 855 856 859 860 864 867 871 873 874 876 877 878 879 880 883 884 885 886 887 889 890 893 894 895 896 897 899 903 904 908 910 911 913 915 916 918 919 922 924 925 926 927 930 931 933 935 937 940 941 942 943 944 946 947 948 951 952 956 958 959 960 961 965 966 967 968 969 972 977 980 983 984 985 986 989 990 991 992 993 995 996 998 999 1000 1001 1002 1004 1006 1008 1009 1010 1012 1015 1019 1020 1023 1024 1026 1027 1030 1033 1037 1038 1039 1041 1042 1044 1049 1050 1051 1052 1053 1054 1055 1058 1059 1060 1061 1063 1064 1065 1070 1076 1080 1082 1087 1088 1089 1090 1093 1094 1096 1098 1099 1100 1101 1103 1104 1108 1109 1113 1115 1116 1119 1121 1123 1124 1126 1127 1130 1135 1137 1138 1139 1140 1142 1145 1146 1147 1148 1149 1150 1151 1153 1155 1156 1157 1158 1159 1164 1165 1167 1170 1175 1178 1179 1181 1182 1183 1185 1189 1190 1191 1192 1193 1194 1196 1197 1199 1200 1203 1205 1207 1208 1210 1211 1212 1214 1217 1218 1219 1220 1221 1223 1224 1225 1226 1227 1228 1230 1231 1232 1233 1236 1238 1240 1242 1243 1244 1245 1246 1248 1249 1250 1251 1252 1253 1255 1257 1259 1260 1261 1262 1264 1266 1268 1269 1271 1272 1276 1278 1279 1281 1282 1283 1284 1285 1287 1289 1290 1293 1294 1295 1296 1300 1301 1302 1303 1305 1309 1311 1313 1314 1315 1316 1318 1323 1325 1327 1328 1329 1332 1333 1335 1336 1338 1339 1340 1342 1344 1345 1346 1347 1348 1350 1352 1353 1354 1356 1357 1358 1359 1360 1363 1364 1366 1368 1369 1372 1373 1374 1375 1377 1378 1379 1380 1381 1382 1383 1384 1385 1387 1388 1389 1390 1391 1393 1394 1396 1397 1398 1399 1402 1403 1407 1408 1409 1410 1412 1413 1416 1419 1421 1422 1424 1425 1426 1430 1432 1433 1435 1436 1437 1438 1439 1440 1441 1442 1443 1444 1445 1446 1447 1449 1450 1452 1453 1460 1462 1464 1465 1466 1468 1469 1470 1472 1473 1474 1478 1479 1480 1482 1483 1486 1487 1489 
885: 0 1 2 5 6 7 10 11 14 15 17 22 24 26 28 30 31 32 33 35 37 38 39 40 41 42 43 45 46 47 49 50 51 52 54 56 57 59 60 63 65 66 71 73 74 76 77 78 82 83 85 86 88 89 90 91 92 96 101 102 103 104 107 109 110 112 115 117 124 126 129 130 133 134 135 139 141 142 143 144 147 148 149 151 152 154 155 156 157 159 160 162 163 164 166 168 171 172 173 177 178 180 182 184 185 190 192 194 195 196 197 199 200 206 210 211 212 215 216 218 220 222 223 224 225 226 228 231 232 233 235 238 239 240 241 244 245 246 248 250 251 252 253 254 255 256 258 259 260 263 264 265 266 267 268 269 271 272 274 275 277 279 280 281 284 286 287 288 289 290 291 292 293 294 296 297 299 300 301 304 305 306 312 314 315 318 319 320 321 324 325 326 328 329 330 333 335 336 337 339 342 345 346 347 351 352 355 357 359 363 364 365 366 368 371 375 379 380 381 383 388 389 390 391 392 394 396 397 398 399 403 404 405 406 407 408 410 411 412 413 415 417 418 421 424 425 426 427 428 429 433 434 437 438 440 441 443 444 445 446 447 448 449 450 452 453 457 458 459 462 463 464 467 469 473 474 476 477 478 480 481 482 483 486 488 489 490 492 493 496 497 498 499 500 501 502 505 506 507 508 509 510 511 512 513 514 515 516 517 519 520 521 522 523 526 529 532 533 535 536 539 544 545 546 548 550 551 552 554 555 556 557 558 560 562 563 564 567 568 570 572 574 577 578 580 582 585 586 588 589 590 592 595 597 599 604 606 608 609 610 611 612 614 616 617 618 619 621 622 626 627 628 629 633 634 635 636 637 638 639 640 642 643 644 645 647 649 656 657 659 660 661 662 664 666 667 670 671 673 674 675 676 678 679 681 683 685 686 687 688 689 692 693 694 698 700 701 702 703 704 705 708 709 711 712 713 714 715 716 717 720 721 722 724 726 727 728 729 730 731 732 737 738 739 740 741 744 746 747 750 756 758 759 762 763 764 765 766 767 769 770 771 772 773 774 775 777 778 781 783 784 788 789 791 797 798 799 800 802 803 806 808 809 810 811 812 814 815 817 819 820 821 825 826 830 831 832 833 834 835 836 837 839 841 842 843 844 845 847 850 852 853 854 856 858 859 860 861 862 863 865 869 870 871 872 874 877 878 880 883 885 887 888 889 890 891 892 895 896 897 898 899 900 901 908 911 914 916 918 919 920 921 925 926 927 928 929 931 932 934 937 940 943 945 946 947 948 949 950 951 953 954 958 959 960 961 962 963 966 967 968 970 971 972 973 976 977 979 980 982 984 985 990 991 992 993 995 997 998 1002 1005 1009 1010 1011 1012 1013 1014 1015 1017 1018 1020 1023 1024 1027 1029 1032 1033 1034 1035 1037 1038 1042 1044 1046 1050 1053 1054 1055 1057 1059 1061 1062 1063 1068 1072 1078 1079 1083 1084 1085 1086 1087 1088 1091 1092 1093 1096 1098 1099 1101 1102 1103 1104 1106 1107 1109 1110 1111 1112 1116 1118 1120 1122 1124 1125 1128 1129 1130 1132 1133 1135 1136 1137 1140 1146 1149 1151 1152 1153 1154 1155 1158 1159 1160 1162 1163 1164 1167 1169 1170 1172 1174 1175 1176 1177 1178 1179 1180 1181 1184 1185 1187 1188 1192 1193 1194 1195 1196 1197 1198 1199 1200 1203 1204 1206 1209 1211 1213 1215 1216 1218 1220 1223 1224 1226 1227 1228 1229 1230 1232 1233 1234 1238 1239 1240 1241 1242 1243 1244 1247 1248 1250 1251 1253 1254 1255 1258 1259 1261 1262 1263 1264 1265 1267 1269 1272 1273 1274 1275 1276 1279 1280 1281 1282 1283 1284 1288 1289 1291 1293 1298 1300 1301 1302 1305 1307 1310 1312 1314 1315 1317 1319 1320 1321 1322 1323 1324 1327 1328 1331 1332 1335 1336 1338 1339 1342 1345 1346 1347 1349 1351 1353 1354 1355 1356 1357 1358 1364 1366 1367 1369 1371 1372 1373 1374 1377 1378 1379 1383 1384 1387 1390 1392 1396 1397 1398 1400 1402 1404 1408 1409 1410 1411 1412 1414 1416 1417 1418 1419 1420 1421 1422 1423 1424 1425 1426 1427 1428 1429 1430 1434 1436 1438 1439 1440 1443 1444 1445 1448 1449 1450 1453 1454 1455 1456 1457 1461 1462 1463 1464 1466 1467 1468 1471 1473 1474 1477 1478 1479 1480 1482 1483 1486 1490 1491 
879: 0 1 2 4 5 6 7 8 11 14 23 24 25 26 27 30 32 33 34 35 36 37 39 40 42 44 45 46 49 50 51 54 55 57 60 61 62 64 65 71 73 74 75 76 77 80 81 82 84 85 86 89 91 92 97 99 100 101 102 106 107 108 109 110 113 115 118 121 122 123 124 126 129 130 131 132 135 136 139 141 142 143 144 145 146 147 148 149 150 153 154 157 158 159 161 162 163 165 166 167 170 171 172 173 174 177 178 179 180 183 184 185 186 187 188 189 190 192 195 196 197 201 202 203 204 205 206 208 209 210 211 212 213 214 216 219 220 221 222 224 226 227 228 229 230 236 237 238 240 244 245 248 250 252 254 255 258 259 260 265 266 267 269 271 272 273 274 275 276 278 282 285 286 287 288 291 295 297 300 301 303 305 306 308 312 313 314 315 318 319 320 321 322 323 324 325 328 330 335 336 338 339 342 343 344 345 346 347 349 351 357 358 360 361 363 364 367 368 369 370 371 373 377 378 381 382 383 384 385 387 388 389 392 393 397 398 399 400 401 403 404 405 406 407 408 409 410 411 412 415 416 418 422 423 426 429 431 432 433 434 436 437 438 441 442 443 444 447 448 449 450 452 454 455 456 457 459 460 461 462 463 464 465 468 469 470 475 478 480 482 483 484 485 486 487 488 489 490 491 492 493 495 496 498 499 500 502 505 507 508 510 511 512 514 515 517 521 522 523 526 527 528 529 532 533 534 536 537 541 542 543 544 547 548 549 550 555 556 557 558 562 565 567 568 570 571 575 577 581 582 585 587 590 593 596 598 599 600 601 602 603 604 606 608 611 612 615 617 619 620 622 623 624 625 626 629 630 631 632 635 637 641 642 644 645 647 653 656 662 664 668 669 671 672 673 674 675 676 677 679 681 683 684 685 686 688 689 690 691 692 695 696 697 698 702 704 705 706 708 710 711 713 715 716 717 718 719 720 721 722 723 724 725 726 727 728 730 731 735 737 738 739 740 741 742 744 745 748 749 750 752 753 754 756 759 760 761 765 766 769 772 773 775 776 777 779 780 781 785 786 787 790 793 794 795 796 797 799 800 801 803 805 806 809 810 813 816 817 822 825 830 832 834 838 840 841 843 846 847 851 852 853 854 855 856 857 859 861 862 864 867 868 870 871 874 876 877 878 880 881 882 884 885 887 888 889 893 894 895 896 898 900 902 904 905 907 909 910 911 913 915 916 917 918 919 921 923 924 926 930 931 933 934 935 936 937 938 939 940 941 942 945 946 947 948 949 951 953 954 956 957 958 960 962 963 964 966 967 969 973 976 977 978 979 980 982 983 985 986 987 989 990 993 996 999 1001 1003 1008 1009 1010 1012 1013 1016 1018 1019 1020 1021 1022 1023 1026 1028 1031 1032 1033 1034 1035 1039 1040 1041 1042 1043 1044 1051 1052 1053 1054 1055 1056 1057 1058 1063 1064 1065 1066 1067 1068 1069 1070 1071 1072 1073 1075 1077 1080 1082 1083 1086 1088 1091 1093 1096 1097 1102 1103 1104 1106 1107 1108 1109 1111 1115 1116 1117 1120 1121 1122 1124 1128 1129 1130 1131 1134 1136 1137 1138 1141 1142 1144 1147 1148 1150 1151 1153 1154 1155 1161 1164 1168 1169 1170 1171 1175 1178 1180 1182 1183 1185 1186 1189 1190 1193 1194 1195 1197 1200 1201 1203 1204 1206 1207 1209 1210 1212 1213 1214 1216 1217 1219 1221 1222 1223 1225 1229 1231 1232 1233 1234 1237 1238 1239 1240 1243 1244 1245 1246 1247 1248 1250 1255 1258 1262 1263 1264 1267 1268 1270 1273 1275 1277 1280 1281 1283 1284 1288 1290 1291 1292 1293 1294 1295 1296 1297 1298 1300 1302 1304 1305 1306 1311 1315 1318 1319 1321 1323 1326 1327 1329 1330 1332 1333 1334 1335 1336 1337 1338 1340 1341 1342 1343 1344 1346 1347 1350 1352 1353 1354 1355 1356 1357 1359 1360 1361 1362 1363 1364 1365 1366 1368 1370 1371 1372 1373 1374 1375 1378 1379 1381 1382 1383 1385 1386 1387 1388 1391 1392 1393 1395 1396 1398 1400 1403 1404 1410 1411 1413 1416 1417 1418 1420 1421 1423 1425 1426 1429 1430 1433 1434 1435 1436 1437 1438 1439 1440 1443 1444 1446 1450 1452 1453 1455 1457 1458 1460 1461 1463 1465 1469 1470 1474 1475 1477 1478 1480 1482 1484 1486 1488 1489 1490 
909: 0 1 2 3 4 5 6 7 9 13 15 16 17 21 22 23 28 29 33 36 37 40 41 44 45 46 47 48 49 52 53 55 56 58 59 60 62 63 66 67 71 72 73 74 75 76 77 78 80 81 83 84 87 90 92 93 94 95 96 97 98 100 101 103 104 107 108 109 112 114 115 116 118 119 120 122 123 124 125 126 127 128 129 130 131 132 136 139 141 142 144 145 146 147 149 150 152 153 154 155 156 159 160 161 162 163 164 166 168 170 171 173 174 175 178 179 180 181 182 184 185 187 188 191 194 195 196 197 199 200 201 204 205 206 208 210 214 215 216 217 218 219 221 226 227 228 229 230 231 233 234 235 237 238 239 240 244 246 248 250 252 253 254 255 257 258 259 261 263 264 266 267 270 271 272 273 275 276 277 278 279 281 282 284 287 288 289 291 293 295 296 298 299 300 302 303 304 305 306 307 310 311 312 314 315 316 317 319 321 322 323 327 328 331 332 333 335 336 337 340 341 342 343 344 345 348 349 351 352 353 354 355 356 359 360 361 362 363 364 365 367 368 370 371 372 373 374 376 377 380 382 383 388 390 391 392 393 394 396 397 398 403 405 406 407 410 412 413 414 415 416 417 418 419 421 422 423 424 425 427 428 430 432 434 435 436 437 438 439 441 445 446 450 451 452 453 454 455 456 458 459 462 463 466 467 468 473 475 479 480 482 483 484 487 488 489 490 491 493 494 496 497 499 500 501 503 505 506 509 511 512 513 515 516 517 519 520 521 522 524 526 528 529 530 531 533 534 536 537 540 541 542 544 546 547 548 549 550 551 552 553 554 556 557 559 565 567 570 571 572 573 574 575 576 577 579 581 582 584 586 587 588 589 590 591 594 595 596 597 598 599 600 601 604 608 609 610 611 612 614 616 617 619 620 621 624 625 626 627 628 629 630 631 633 635 637 638 641 643 646 647 651 652 653 655 657 658 659 661 662 663 664 665 666 667 668 669 670 671 672 673 675 679 680 683 685 686 688 689 690 691 693 695 697 699 701 702 703 705 706 707 708 710 713 714 715 716 717 718 719 721 722 724 725 726 727 728 730 731 734 735 736 737 738 740 741 743 744 747 748 749 755 756 757 758 759 763 765 767 769 770 776 777 778 781 783 784 785 786 788 789 790 792 793 794 795 796 798 803 804 805 809 810 812 814 816 817 818 823 826 828 829 830 831 832 834 836 837 839 842 844 845 846 847 848 849 850 852 853 854 855 856 864 865 866 867 868 870 871 872 873 876 878 879 880 881 884 885 886 887 888 890 892 896 897 899 901 903 906 910 911 912 914 915 917 918 921 923 925 926 928 929 931 933 934 935 936 938 939 940 941 943 944 946 947 948 952 953 954 956 958 959 960 961 962 963 965 967 971 972 973 974 978 980 981 988 989 992 995 996 997 998 999 1005 1006 1009 1010 1011 1013 1014 1015 1016 1017 1020 1022 1024 1025 1026 1027 1028 1035 1036 1037 1040 1043 1044 1046 1047 1050 1053 1054 1055 1056 1057 1059 1063 1064 1065 1066 1068 1069 1070 1071 1073 1074 1076 1079 1080 1081 1082 1084 1086 1087 1088 1090 1091 1095 1096 1098 1101 1102 1103 1104 1107 1109 1110 1112 1114 1118 1119 1122 1123 1126 1129 1132 1134 1136 1137 1140 1142 1144 1145 1146 1148 1149 1150 1151 1152 1155 1157 1159 1162 1167 1168 1169 1170 1171 1172 1173 1175 1176 1177 1178 1180 1181 1183 1184 1185 1186 1187 1188 1189 1190 1191 1192 1193 1194 1198 1199 1201 1202 1205 1207 1208 1211 1212 1213 1218 1220 1221 1222 1223 1224 1225 1234 1235 1236 1237 1238 1241 1246 1247 1248 1249 1250 1254 1257 1258 1260 1261 1264 1265 1267 1270 1272 1273 1274 1277 1278 1279 1280 1283 1284 1287 1288 1289 1290 1293 1294 1295 1296 1301 1302 1303 1304 1305 1308 1309 1312 1313 1315 1316 1317 1318 1319 1320 1322 1324 1325 1326 1328 1329 1330 1332 1334 1335 1336 1338 1339 1342 1343 1345 1346 1349 1351 1352 1353 1354 1356 1359 1361 1362 1363 1366 1372 1377 1379 1381 1383 1384 1385 1386 1388 1389 1391 1392 1394 1395 1396 1397 1399 1402 1403 1408 1411 1416 1417 1418 1419 1421 1423 1424 1427 1429 1432 1434 1435 1436 1437 1440 1442 1443 1444 1445 1446 1448 1449 1450 1453 1455 1459 1460 1464 1468 1469 1470 1471 1472 1474 1475 1476 1479 1480 1483 1486 1488 1489 1490 1491 
889: 0 1 2 3 5 6 7 8 12 13 14 15 16 17 18 19 20 23 24 25 26 27 28 29 30 35 36 39 41 42 46 47 49 50 53 55 56 57 59 60 62 65 66 67 69 70 71 73 74 75 77 80 81 83 86 87 89 91 92 94 95 96 97 99 101 104 106 107 108 109 110 111 114 116 120 122 124 125 127 128 130 131 132 133 134 135 137 140 143 144 147 151 152 153 154 156 157 158 161 162 163 164 165 166 168 169 171 172 173 174 175 176 177 178 179 183 184 188 189 190 192 196 197 200 201 203 204 206 207 209 210 212 213 215 217 218 220 222 224 225 226 227 229 231 233 234 236 237 238 239 241 242 243 246 247 249 250 251 252 255 256 258 261 262 264 265 267 268 269 270 271 272 273 274 278 279 280 281 282 283 284 286 287 288 292 293 294 295 300 301 303 305 306 307 308 309 311 313 314 316 321 322 323 327 329 332 333 335 336 338 340 341 344 345 346 349 350 352 353 357 358 359 360 361 363 364 367 375 377 380 381 382 384 386 387 390 391 392 394 396 400 401 403 404 405 408 411 412 414 420 421 423 425 427 431 432 434 435 436 437 438 441 442 443 444 445 446 448 449 452 453 454 455 459 460 461 463 465 468 469 470 474 476 478 480 482 483 484 485 486 489 490 491 493 494 496 498 503 504 505 506 511 512 515 516 519 520 523 524 530 532 534 535 537 539 540 542 545 548 549 553 554 556 558 560 561 563 564 565 567 568 569 571 572 574 575 578 579 582 584 585 586 587 589 590 591 592 593 594 601 602 604 605 608 609 610 612 613 614 615 616 617 618 621 622 623 624 626 629 631 632 633 634 636 637 638 641 642 645 646 648 650 654 656 658 660 661 662 663 664 665 667 668 670 671 673 675 678 681 682 684 685 688 689 690 692 694 695 696 697 698 699 700 701 703 704 705 708 709 711 712 713 715 717 719 722 727 728 729 730 732 735 737 738 739 740 742 745 747 748 749 751 753 754 755 756 758 759 760 763 768 769 771 772 773 775 776 777 779 780 781 782 783 787 788 789 791 792 793 794 796 798 799 800 801 802 803 805 806 807 810 814 815 816 820 821 825 826 827 830 831 832 837 838 839 841 843 845 846 847 849 850 852 853 854 856 857 860 862 863 864 867 868 870 872 874 876 877 878 879 881 883 885 886 889 890 891 892 893 896 898 900 901 905 907 908 913 916 918 921 924 929 930 931 932 933 934 935 937 938 940 941 942 944 946 947 949 950 952 954 955 956 957 958 959 960 963 964 967 968 969 971 974 979 980 981 984 985 987 988 989 990 992 993 994 996 998 1000 1001 1002 1004 1005 1007 1008 1010 1011 1014 1018 1019 1020 1026 1027 1030 1031 1034 1035 1036 1037 1039 1040 1041 1043 1044 1045 1047 1050 1051 1052 1053 1054 1058 1060 1063 1064 1065 1067 1068 1069 1071 1074 1075 1077 1078 1079 1082 1083 1084 1087 1088 1089 1090 1091 1092 1093 1094 1095 1096 1098 1100 1101 1102 1104 1107 1110 1113 1114 1117 1118 1120 1121 1122 1124 1125 1126 1127 1128 1130 1131 1132 1133 1134 1136 1137 1138 1139 1143 1145 1146 1147 1149 1150 1152 1153 1155 1156 1157 1159 1161 1162 1163 1165 1167 1168 1170 1171 1172 1173 1178 1179 1181 1182 1183 1184 1185 1188 1189 1190 1191 1192 1193 1194 1196 1197 1198 1199 1200 1201 1202 1204 1205 1206 1207 1209 1210 1213 1215 1216 1217 1219 1220 1221 1222 1223 1224 1225 1226 1227 1228 1229 1230 1234 1236 1237 1238 1239 1242 1243 1244 1247 1250 1251 1252 1253 1254 1257 1259 1260 1261 1265 1266 1267 1270 1273 1275 1276 1277 1278 1283 1285 1286 1287 1288 1291 1292 1293 1295 1297 1298 1303 1304 1307 1309 1311 1313 1315 1316 1318 1320 1321 1323 1326 1330 1331 1333 1334 1335 1336 1338 1339 1341 1342 1345 1347 1349 1352 1354 1355 1359 1360 1362 1365 1366 1368 1369 1370 1372 1373 1375 1376 1378 1381 1382 1385 1386 1387 1388 1390 1391 1394 1396 1397 1398 1399 1402 1403 1404 1406 1407 1408 1409 1410 1414 1415 1416 1417 1418 1420 1424 1426 1427 1430 1431 1433 1434 1435 1436 1437 1439 1440 1441 1443 1444 1446 1447 1448 1450 1451 1453 1455 1457 1458 1460 1462 1463 1468 1469 1470 1472 1473 1474 1475 1476 1477 1478 1481 1482 1487 1489 1491 
902: 0 1 2 3 4 5 6 7 12 17 20 22 23 25 27 29 30 33 34 36 37 39 40 42 43 44 46 47 49 50 51 53 54 56 57 58 62 63 65 69 70 71 72 76 77 79 81 83 85 89 90 91 93 94 96 99 101 104 106 108 109 110 112 115 117 118 119 120 121 125 127 129 130 131 132 135 136 140 141 142 144 145 147 148 151 153 154 159 161 166 167 168 169 170 171 173 177 179 180 181 182 183 185 187 188 190 194 195 201 202 203 208 211 214 215 216 219 220 222 223 225 226 229 231 233 234 236 237 238 239 240 241 242 244 246 251 252 254 255 257 258 259 262 263 266 267 268 270 271 272 273 275 277 278 279 280 281 282 284 289 291 292 293 294 295 296 297 301 302 304 306 307 308 309 312 313 314 315 316 318 319 320 321 322 323 325 326 327 329 330 331 332 333 334 335 336 337 339 340 341 343 344 345 346 349 350 352 353 355 356 357 358 360 363 365 366 367 368 369 371 372 374 375 377 378 379 380 381 382 383 386 388 389 390 391 393 394 395 396 399 401 403 404 406 407 409 410 413 414 415 416 417 418 419 421 424 425 426 429 430 433 434 437 438 440 444 445 447 448 452 453 454 457 458 460 461 462 463 464 465 467 468 470 472 475 476 479 480 481 484 485 486 488 489 490 491 495 496 497 498 499 501 503 504 505 511 512 513 514 516 518 524 526 527 528 530 533 538 540 543 544 545 546 548 550 553 554 555 556 557 558 559 560 561 562 563 566 567 568 570 572 574 576 577 579 580 582 584 585 587 588 590 591 592 593 594 595 596 598 600 601 602 604 605 606 611 613 615 616 617 618 620 621 622 623 625 627 628 630 631 632 636 639 640 641 642 643 644 646 647 648 649 650 651 654 657 659 660 661 662 664 666 667 672 673 679 680 682 684 685 686 687 688 689 691 693 694 695 698 699 702 703 704 705 706 709 710 711 712 714 718 720 721 722 724 725 727 729 731 732 734 736 738 739 740 743 744 745 746 747 749 750 753 754 755 757 758 759 760 761 762 764 765 766 768 769 770 771 772 773 775 776 777 780 782 785 787 790 792 793 794 795 799 802 803 807 811 812 813 814 815 816 817 818 819 821 822 823 824 828 832 833 834 836 837 838 839 840 841 842 846 847 849 850 851 852 854 855 856 857 858 860 861 862 863 864 867 869 870 871 873 874 875 876 877 879 880 884 889 891 892 893 894 895 897 898 899 900 904 907 908 909 910 912 915 919 921 922 923 924 926 927 928 929 930 935 936 937 940 941 942 943 944 945 946 948 951 952 953 954 955 956 958 963 966 967 968 972 974 975 978 982 983 984 986 987 988 991 993 995 996 997 998 999 1000 1002 1003 1006 1008 1009 1010 1011 1013 1017 1018 1019 1021 1022 1023 1024 1026 1027 1030 1031 1032 1033 1035 1036 1038 1039 1043 1044 1045 1046 1047 1048 1049 1053 1054 1057 1058 1063 1064 1066 1068 1071 1072 1074 1077 1079 1080 1081 1082 1086 1087 1090 1091 1092 1093 1094 1097 1098 1099 1101 1103 1104 1106 1107 1108 1109 1110 1111 1112 1113 1114 1117 1118 1120 1121 1122 1123 1124 1127 1128 1129 1130 1131 1132 1134 1135 1140 1141 1142 1143 1146 1147 1148 1149 1151 1152 1157 1158 1159 1161 1163 1164 1166 1168 1169 1170 1173 1175 1176 1177 1178 1180 1181 1184 1185 1188 1191 1194 1195 1198 1200 1201 1204 1205 1206 1208 1210 1211 1213 1215 1216 1220 1221 1222 1224 1225 1226 1227 1230 1231 1232 1233 1238 1240 1243 1244 1247 1248 1249 1250 1251 1252 1253 1254 1255 1256 1257 1258 1259 1260 1261 1262 1263 1265 1269 1270 1273 1276 1277 1278 1280 1281 1283 1284 1285 1287 1288 1289 1290 1292 1293 1295 1297 1300 1303 1304 1307 1310 1311 1312 1314 1315 1316 1318 1320 1322 1324 1329 1330 1332 1333 1334 1335 1336 1339 1340 1343 1344 1346 1347 1348 1350 1351 1352 1353 1354 1357 1360 1361 1362 1364 1365 1366 1368 1370 1371 1372 1373 1375 1377 1378 1380 1382 1383 1385 1387 1388 1392 1394 1395 1396 1400 1401 1402 1405 1406 1407 1408 1409 1412 1413 1414 1415 1416 1420 1421 1422 1424 1426 1427 1428 1429 1431 1432 1435 1436 1437 1438 1439 1440 1442 1444 1445 1449 1450 1451 1453 1454 1455 1457 1459 1461 1462 1463 1464 1465 1470 1471 1472 1473 1475 1476 1480 1481 1485 1486 1487 1489 
Days = 28
Shift constraints
8 24
8 20
4 24
0 28
4 24
4 5
true
true
Forbidden sequences = 2
3 1 
2 3 

