# Randomly generated data for the integrated task scheduling and personnel rostering problem, skilling=0,600 and tightness=0,600 seed=120960
Tasks = 1433
831 913 15
837 880 19
842 982 1
562 634 22
472 549 1
470 607 5
830 924 22
826 917 23
630 728 9
841 914 10
828 900 26
922 996 24
826 961 19
915 993 26
841 907 19
465 573 14
637 750 5
654 735 17
466 549 16
631 722 25
1000 1054 19
630 720 9
871 929 18
638 696 23
853 938 24
644 747 7
469 516 8
635 713 2
867 939 18
640 701 22
643 696 15
495 554 9
708 843 9
831 904 22
631 694 25
875 917 27
828 953 16
1035 1139 13
632 716 13
630 690 7
632 705 25
725 817 13
753 843 5
472 578 5
486 547 13
632 688 15
640 719 6
828 864 19
747 825 22
630 682 1
467 585 4
826 932 0
631 745 10
579 666 17
470 530 7
476 545 6
752 816 10
828 899 3
857 981 10
1042 1099 25
566 617 12
685 767 18
485 560 11
847 901 26
748 835 0
486 564 23
465 559 0
559 682 1
690 774 3
630 701 8
569 645 3
839 965 10
1060 1148 26
489 535 2
625 721 19
830 886 23
655 720 4
637 762 23
665 707 21
697 775 11
465 511 7
630 740 0
825 895 3
642 702 24
826 926 23
785 834 3
637 705 23
634 684 1
898 957 22
827 912 17
936 1033 0
491 578 21
883 994 0
638 698 9
512 594 7
616 747 2
635 763 7
669 761 11
649 717 27
477 568 18
843 960 20
547 637 13
850 890 9
848 968 1
465 523 24
705 781 9
631 730 4
489 598 4
466 608 24
826 935 8
630 698 18
480 519 27
825 897 17
653 757 16
692 815 21
879 946 4
693 777 20
946 1031 23
634 732 6
646 710 5
722 809 6
717 792 13
1065 1140 0
908 967 1
842 905 1
813 915 13
700 780 25
974 1049 19
632 697 12
833 882 8
634 731 16
867 973 16
636 754 26
692 790 24
938 1004 9
826 930 13
889 997 24
952 1029 22
1198 1266 0
702 804 18
931 1009 13
465 511 20
827 906 18
823 916 20
844 946 5
592 708 23
630 706 6
809 906 4
755 842 7
776 880 9
632 697 20
1130 1208 13
635 740 0
837 930 27
977 1056 20
946 1033 5
772 868 2
975 1057 16
631 693 27
753 810 23
810 855 19
825 905 20
637 697 5
600 691 22
1067 1132 13
825 953 13
633 722 5
528 620 8
465 574 20
825 859 9
701 755 8
702 801 20
622 713 24
826 934 22
630 674 6
877 969 21
837 901 26
877 987 12
906 957 6
828 908 23
910 979 18
494 608 17
842 943 21
872 982 8
973 1062 19
905 983 20
890 982 19
501 559 17
900 981 17
663 758 13
839 891 12
589 667 0
936 1042 22
816 951 10
554 622 16
763 820 8
687 767 1
650 714 17
931 1074 4
504 608 4
711 773 6
835 880 27
841 913 2
832 887 14
921 1000 23
739 824 6
983 1083 20
1033 1137 5
631 681 3
878 945 2
764 822 13
559 595 0
838 916 7
610 705 4
1010 1082 9
578 668 20
494 617 7
469 572 18
954 1047 13
829 902 25
471 550 25
589 688 4
1048 1128 13
917 983 5
469 540 22
790 894 6
535 676 27
910 1013 22
470 598 11
719 752 10
578 661 18
467 551 0
832 906 8
645 767 10
672 701 20
825 932 20
1022 1062 8
709 818 12
905 991 10
632 731 22
465 603 2
505 605 15
892 978 19
480 533 12
485 555 17
523 572 24
1011 1080 13
905 987 16
1080 1184 1
918 1033 19
753 832 6
1002 1131 1
759 839 26
518 593 5
963 1034 20
893 983 14
653 700 24
631 752 16
465 567 13
1004 1093 24
947 1030 21
469 542 14
923 1052 7
1083 1136 20
869 969 24
466 528 20
623 761 8
842 927 27
716 746 25
517 548 4
769 877 11
757 817 27
676 767 15
790 848 23
911 985 25
899 955 12
878 958 8
811 885 23
1050 1143 20
637 712 16
825 898 7
840 931 9
502 563 22
692 737 1
657 792 5
491 566 24
542 648 26
533 655 7
954 1052 15
841 884 0
837 964 6
640 747 19
648 735 9
594 669 24
1010 1081 19
882 991 16
828 890 1
1135 1259 3
662 733 8
769 832 1
754 830 16
467 570 22
938 1032 19
839 926 13
806 887 20
514 598 20
743 778 9
941 1028 9
757 834 16
886 989 0
610 669 5
491 607 4
634 729 7
772 864 10
981 1054 26
535 622 18
709 782 20
638 707 25
1080 1139 4
831 882 16
808 940 18
840 907 10
813 872 6
554 614 25
708 773 25
480 563 15
571 641 18
836 895 5
850 927 11
581 663 11
466 539 12
468 539 4
506 615 6
631 684 18
650 745 18
570 631 22
879 1004 3
637 773 1
785 865 25
774 816 25
1035 1127 23
830 900 14
867 915 21
657 701 11
484 594 1
757 835 8
922 1021 10
780 893 1
682 800 1
1034 1159 0
671 720 22
641 714 23
606 701 15
748 860 18
539 624 12
604 649 11
839 916 21
820 899 25
623 743 25
921 1033 22
900 979 25
489 553 13
661 741 6
925 998 17
541 606 4
1000 1093 23
525 657 26
748 824 5
530 578 20
878 983 6
682 786 23
736 797 4
545 669 22
512 571 17
693 734 17
648 746 2
692 761 18
594 670 7
869 945 18
957 1065 10
827 924 16
491 628 11
988 1116 25
933 1038 5
1005 1066 24
877 990 11
648 733 26
638 699 10
478 554 2
827 913 26
505 569 11
894 984 23
793 845 18
837 924 17
815 883 3
933 1013 9
866 966 25
698 837 9
903 1038 26
955 991 16
828 919 14
764 874 7
1154 1274 23
644 786 27
1150 1271 1
884 967 14
827 901 16
1194 1267 13
637 704 23
624 690 12
950 1061 21
634 714 14
724 791 27
622 712 13
581 652 20
869 935 2
982 1047 10
490 538 26
1107 1168 18
654 782 20
735 823 15
838 963 14
840 902 16
475 539 4
671 717 11
954 1034 16
695 761 15
595 693 0
501 589 2
929 1029 27
845 913 4
562 637 6
760 828 19
502 611 8
765 851 12
893 946 8
1058 1124 20
1029 1133 23
1015 1103 12
826 919 19
549 631 7
739 786 9
803 900 17
980 1111 16
888 957 9
919 1054 19
658 737 13
712 792 25
987 1119 18
867 940 9
850 955 15
689 812 12
956 1077 15
661 738 27
467 550 3
799 878 10
563 612 26
937 982 27
827 892 27
873 980 5
1008 1100 5
1032 1144 21
758 851 15
763 829 22
896 1030 3
697 738 5
583 672 17
922 996 24
781 831 9
496 573 20
913 985 1
561 616 14
865 923 14
851 944 6
647 766 26
840 971 20
1019 1107 22
864 935 20
941 1036 18
828 908 6
830 916 10
764 874 4
849 966 6
964 1086 23
1124 1155 22
938 1000 8
968 1086 26
622 755 17
1043 1093 26
1021 1068 13
793 902 20
715 797 24
653 689 14
855 963 23
835 901 8
662 736 19
1103 1147 10
541 617 4
1032 1152 9
1080 1173 13
539 575 4
830 931 11
897 958 27
592 674 16
975 1091 23
635 706 24
677 726 26
900 1012 3
1052 1115 19
785 895 17
912 986 17
789 875 9
962 1033 27
568 706 9
763 866 11
762 810 8
980 1034 25
1000 1077 7
636 690 21
675 753 14
602 672 6
632 711 16
681 778 5
749 819 22
632 764 25
1166 1238 0
826 927 8
896 974 1
842 967 19
630 733 20
814 860 9
738 836 5
842 980 6
540 579 7
1040 1173 19
807 917 5
879 945 9
562 636 11
1044 1174 22
901 975 14
902 992 5
782 836 20
761 851 6
999 1089 11
855 932 7
903 971 14
1048 1134 22
833 899 21
642 687 26
988 1061 1
748 819 10
968 1063 27
646 724 13
825 908 19
862 960 9
835 918 11
465 547 11
737 810 26
978 1056 19
711 834 23
1147 1212 5
922 1005 21
918 1036 11
598 642 20
683 756 7
942 1046 7
1075 1175 13
1110 1155 9
1032 1122 0
902 947 20
636 693 4
822 909 27
1118 1176 25
728 816 14
517 612 8
670 775 22
575 675 11
697 763 27
933 1031 17
898 986 7
734 798 20
1173 1274 13
640 727 11
966 1026 9
807 879 20
845 975 26
1064 1180 19
1045 1130 17
721 799 9
844 951 23
1135 1253 23
746 853 2
1101 1218 15
633 724 26
639 713 6
1135 1226 24
1041 1131 25
714 774 13
747 826 17
568 686 12
825 946 17
776 856 17
837 874 22
1027 1106 9
902 966 11
650 739 11
1096 1205 0
637 706 2
933 1066 2
555 650 26
732 834 21
825 915 17
700 763 12
885 996 6
633 753 22
882 986 16
574 641 14
971 1038 1
951 1021 18
943 989 16
1102 1177 14
777 899 7
831 908 8
987 1017 7
650 706 12
1073 1132 19
889 945 6
793 849 16
931 1013 11
690 775 12
696 816 18
903 1026 8
755 808 19
469 536 3
693 812 0
1158 1262 22
852 894 23
484 570 0
1090 1169 18
1003 1108 2
844 901 19
883 996 7
832 907 22
986 1069 6
1047 1153 5
869 924 9
662 717 4
930 1018 26
1095 1150 23
525 639 0
1116 1228 10
1012 1044 3
1000 1051 6
674 774 6
610 737 2
1074 1167 7
825 965 17
1067 1142 27
548 661 11
644 781 7
671 755 7
617 734 1
775 858 12
1081 1162 8
616 682 4
631 697 15
1043 1141 14
669 726 14
1144 1196 20
772 868 26
817 922 25
1061 1127 7
963 1040 9
698 805 0
1039 1120 12
799 843 14
573 670 22
1084 1193 24
668 787 26
893 1037 23
772 837 22
827 896 17
777 880 6
967 1077 17
650 711 8
841 952 20
726 773 25
550 624 3
860 928 18
933 1016 5
504 642 24
1178 1234 25
658 724 26
1097 1203 26
1148 1252 21
703 799 11
784 914 10
465 507 21
486 574 23
847 949 16
797 911 12
929 1012 21
707 814 27
979 1046 26
881 938 10
810 916 25
969 1050 6
598 694 8
658 775 27
525 620 21
748 835 2
956 1003 8
1053 1132 26
1090 1126 26
723 779 5
906 940 6
903 1011 16
743 817 11
960 988 16
867 931 27
880 948 6
904 983 26
926 1044 16
1108 1139 19
889 987 20
798 892 24
575 669 24
984 1063 14
619 689 2
842 942 2
746 801 4
793 865 15
672 771 18
1069 1139 16
743 829 4
1078 1179 16
1062 1128 18
1134 1271 13
602 670 2
740 868 11
662 763 11
497 547 21
1131 1206 18
705 749 20
889 984 8
1183 1266 14
848 953 22
900 981 17
831 948 2
644 697 0
1171 1257 5
949 1054 6
649 716 27
789 826 5
1071 1140 15
1235 1272 25
904 1023 14
856 949 17
707 775 2
1085 1222 17
1088 1168 16
784 818 25
829 869 10
1156 1229 22
1054 1139 6
1023 1068 9
656 766 13
1017 1056 14
731 836 7
1012 1130 26
956 1022 9
1050 1132 26
987 1084 17
763 816 27
1128 1176 19
964 1028 10
833 951 15
918 1009 10
563 602 5
1084 1168 16
1200 1249 16
818 887 18
1031 1089 8
734 777 26
869 936 26
860 914 2
927 971 8
1212 1271 18
933 1015 18
814 909 16
699 819 15
492 611 8
1199 1264 17
642 687 20
883 979 14
539 642 13
971 1030 2
596 719 7
1022 1142 3
1002 1125 8
620 709 21
629 715 4
849 978 13
817 874 7
800 945 1
704 835 2
805 935 25
713 846 16
831 921 21
702 821 11
1031 1122 3
1002 1059 7
1070 1183 9
925 1009 2
761 813 4
756 819 14
844 892 11
916 979 17
824 924 14
1053 1117 10
1074 1158 9
846 946 16
1017 1060 7
753 808 22
580 664 13
1129 1216 8
689 729 4
573 630 21
988 1109 23
1048 1143 2
886 941 4
1116 1227 2
888 994 18
546 658 1
715 802 24
845 879 26
817 947 9
948 1045 21
835 962 1
1235 1272 22
683 749 1
837 932 0
979 1080 17
1198 1262 7
710 829 3
566 662 3
774 848 19
758 855 1
1071 1135 10
664 720 1
651 760 21
944 1011 6
1148 1264 2
891 953 15
691 753 10
1032 1143 16
1071 1135 6
599 701 24
805 865 24
811 875 22
1049 1098 26
719 799 11
774 879 18
753 801 2
1054 1096 21
810 843 7
1050 1117 6
827 943 10
862 976 5
767 814 24
893 986 25
651 690 8
720 817 2
858 922 4
1092 1164 19
1014 1070 12
521 595 12
684 770 4
895 981 24
743 787 12
565 647 15
1108 1178 9
827 929 2
754 811 15
841 935 15
1154 1269 16
875 920 1
1226 1259 0
900 945 7
1203 1257 20
940 1043 22
945 1008 1
692 768 24
807 887 22
1136 1249 20
672 719 13
1174 1240 19
823 952 21
1249 1275 20
641 746 15
778 897 2
897 993 2
1033 1089 10
930 1019 16
717 848 0
978 1042 14
658 745 15
751 798 25
894 956 0
479 598 3
470 571 22
745 857 4
867 952 24
1061 1119 5
764 832 25
1008 1083 1
1024 1086 14
757 840 7
955 1037 4
1027 1138 8
878 945 10
1002 1083 8
616 726 14
986 1074 24
625 714 7
1180 1252 9
554 645 4
643 743 14
692 736 2
1117 1248 12
850 911 2
757 843 12
824 869 26
970 1041 19
960 1070 10
1054 1138 6
1145 1272 3
1044 1142 27
823 899 13
834 935 25
997 1119 25
1080 1150 17
721 795 1
902 1016 24
994 1051 16
643 713 3
1187 1266 16
953 981 11
714 841 6
1032 1111 11
1061 1138 24
831 875 10
674 798 4
816 911 6
1055 1183 19
664 776 13
913 971 19
1109 1208 20
1172 1207 18
632 700 16
924 970 14
811 926 18
885 980 20
821 921 11
758 871 7
763 891 11
771 848 26
994 1101 24
1157 1261 22
819 945 15
1060 1119 7
1090 1137 10
854 899 15
810 864 25
925 975 19
845 990 1
871 947 13
926 1034 10
548 617 3
704 815 3
1019 1090 6
982 1063 17
916 954 8
469 573 1
1116 1195 11
696 791 4
749 825 15
812 898 0
1075 1138 24
1098 1162 8
1019 1138 2
807 889 27
1072 1127 17
487 551 21
751 791 1
852 934 14
937 997 2
1115 1196 23
1003 1071 21
670 764 24
831 926 4
1067 1132 16
1114 1166 16
721 804 16
1214 1269 27
977 1037 14
1011 1110 20
972 1095 14
1065 1136 10
815 871 17
983 1083 20
1052 1138 12
1167 1208 8
1179 1259 26
955 1049 15
1125 1199 26
974 1033 8
627 769 17
1085 1187 22
932 995 9
996 1034 20
535 607 20
860 932 22
835 948 13
545 626 26
1064 1196 15
613 722 5
785 855 13
820 880 11
962 1026 1
833 923 25
875 953 22
1039 1134 27
700 792 3
1202 1272 23
798 923 4
936 1008 25
844 954 12
983 1060 8
1027 1091 24
1036 1136 16
872 948 11
809 847 13
991 1083 23
796 866 15
1143 1211 27
1134 1274 26
771 854 4
1123 1166 3
970 1048 4
733 831 11
666 734 21
648 779 19
738 836 21
1210 1262 18
837 926 7
1026 1136 11
720 843 23
1176 1258 9
896 988 9
1049 1134 1
831 948 15
937 1045 20
975 1093 6
1033 1168 8
1065 1139 1
960 1069 0
947 1011 6
506 608 17
873 914 7
895 955 16
881 948 18
1118 1221 23
973 1067 25
1115 1210 21
1028 1113 2
833 967 3
641 735 26
1187 1258 9
1049 1100 20
900 973 13
1086 1211 17
999 1094 16
589 653 22
778 893 8
740 867 4
860 957 21
1097 1181 14
1000 1130 18
581 670 8
745 855 14
577 614 27
1196 1270 14
960 1067 9
1059 1143 6
1126 1199 8
971 1042 10
660 717 21
905 1001 19
988 1108 19
847 981 27
1072 1124 14
974 1051 4
972 1066 17
865 963 23
717 828 21
873 966 15
829 954 3
1041 1138 10
1131 1202 21
1012 1134 25
884 954 4
991 1104 16
639 719 20
1067 1136 25
1074 1168 2
858 954 14
962 1028 2
974 1011 3
741 800 12
1178 1273 22
685 724 5
828 951 27
1138 1263 16
1170 1263 16
725 817 14
926 972 27
885 971 10
1030 1094 27
1141 1271 1
690 750 20
835 880 26
821 927 6
1004 1130 9
780 903 8
1016 1137 5
869 938 21
1059 1109 15
521 584 17
1038 1136 20
745 865 8
1168 1274 8
787 850 20
909 1022 10
602 684 17
727 818 11
1102 1180 26
1173 1266 19
858 954 12
1193 1244 0
1070 1209 16
1167 1273 3
1097 1150 6
1082 1180 17
989 1046 15
747 867 21
651 762 3
1151 1274 17
945 1051 15
1011 1088 13
956 1060 6
890 962 20
787 904 27
782 811 5
1100 1170 20
938 1060 22
1051 1137 4
1060 1137 22
751 852 20
760 873 0
1130 1205 17
1146 1218 13
1065 1130 6
1239 1272 0
892 954 11
900 973 3
1006 1084 22
942 987 14
1186 1274 19
858 968 15
706 788 24
549 615 3
1023 1094 1
986 1079 10
512 584 6
1091 1235 10
787 845 23
1211 1261 8
843 950 16
1129 1194 12
778 871 20
832 898 8
1216 1273 8
1139 1225 14
1074 1117 3
775 888 27
978 1084 19
1170 1272 2
764 831 24
977 1090 9
846 920 26
987 1064 11
919 983 23
1013 1131 2
870 933 0
1013 1054 15
1083 1140 1
975 1061 15
1199 1258 8
887 962 23
853 903 20
898 954 0
1093 1151 11
857 952 1
996 1097 27
1218 1267 15
1215 1274 20
1088 1139 20
770 859 17
980 1078 5
938 1005 15
932 998 26
1070 1164 14
785 873 27
945 1057 12
866 954 13
838 949 2
631 700 17
814 906 1
739 823 2
719 841 13
1044 1094 10
836 925 17
839 929 5
906 1028 27
1092 1143 19
857 951 5
1079 1130 9
1144 1268 10
934 1070 5
963 1029 21
902 969 26
783 873 4
1187 1228 9
857 933 9
1209 1255 13
966 1037 4
955 1032 25
963 1037 17
898 958 12
919 1027 27
867 943 25
762 860 13
1035 1137 27
988 1096 7
905 953 21
1072 1129 5
1068 1126 15
1044 1113 19
839 931 2
1182 1270 17
1168 1272 6
777 843 8
1000 1052 24
1193 1258 19
505 567 15
969 1055 23
764 804 5
1090 1153 11
756 855 16
1218 1274 17
897 929 21
1062 1132 14
1119 1178 7
1144 1220 27
928 1021 7
1134 1167 12
1138 1216 9
1012 1133 5
1007 1093 2
1014 1092 15
1204 1272 26
1152 1274 23
1183 1229 14
985 1048 0
602 640 6
773 859 17
999 1072 13
999 1093 11
861 942 4
589 695 15
1171 1258 21
767 866 3
637 700 0
831 929 6
1011 1067 3
754 863 21
1029 1111 27
812 908 15
969 1044 13
620 741 23
1038 1094 10
849 887 26
1199 1256 18
896 979 12
1108 1147 3
1069 1130 3
1045 1102 21
1197 1268 23
954 1018 25
1042 1121 23
773 850 15
1014 1132 11
678 732 22
1233 1267 24
1027 1116 5
1158 1244 1
870 952 3
850 954 7
1023 1094 10
948 1031 8
1030 1142 10
1051 1139 15
1019 1102 18
1188 1264 26
975 1080 21
999 1072 19
1067 1139 9
996 1080 3
728 804 17
1154 1254 24
1069 1136 26
637 692 5
965 1071 23
879 935 7
1057 1132 0
689 804 4
787 860 22
1221 1273 27
879 948 22
1129 1256 17
892 945 16
1099 1162 14
1082 1147 10
1000 1083 27
1146 1253 11
822 887 3
1211 1274 17
845 951 21
853 934 1
1170 1274 14
906 953 20
1028 1136 1
805 861 7
881 950 11
1214 1260 6
1167 1267 6
1031 1137 7
1043 1124 25
832 954 24
709 770 17
1122 1169 5
933 1018 15
844 909 13
1098 1138 2
1161 1233 10
848 928 5
842 894 11
840 939 11
862 918 4
977 1051 25
835 935 12
854 953 17
1000 1084 8
985 1038 27
1067 1128 19
819 916 14
1059 1138 7
849 943 24
854 921 26
992 1075 11
1039 1139 26
769 855 1
1124 1247 24
870 952 21
1040 1110 10
793 909 27
1047 1144 27
1056 1136 27
1148 1211 10
1129 1231 20
1022 1139 16
972 1052 13
1045 1148 21
962 1060 11
975 1076 20
883 952 26
1178 1274 7
1120 1253 10
913 943 13
1083 1134 10
706 849 5
742 869 4
1185 1265 19
1158 1223 24
758 806 3
1096 1180 6
713 839 0
1179 1266 23
973 1084 1
1013 1080 9
914 953 7
1045 1142 2
838 944 5
1217 1269 21
1174 1244 12
1008 1096 14
845 932 20
1111 1138 16
1063 1117 12
1030 1098 15
908 939 11
1170 1274 20
1090 1124 11
1058 1139 23
1057 1131 21
1040 1088 25
1181 1267 6
1050 1125 26
850 948 0
1217 1273 15
1092 1136 1
865 942 15
Shifts = 4
0 0 0 0 0 0
465 0 0 490 0 0
630 0 0 510 0 0
825 0 0 450 0 0
Employees = 20
863: 0 1 2 5 8 9 11 13 14 16 17 18 22 23 24 27 29 30 34 35 39 40 42 43 44 46 47 48 49 50 52 53 54 55 57 58 61 62 63 66 67 68 69 70 71 72 73 74 79 81 84 85 86 88 92 95 96 97 101 102 103 105 106 108 109 110 111 112 113 114 115 117 118 120 121 122 125 126 128 129 131 132 133 134 135 138 140 142 143 144 145 146 148 152 155 157 158 159 161 162 163 164 165 169 170 171 174 175 179 180 181 185 188 190 192 193 195 197 198 199 200 201 202 203 205 206 207 208 210 211 212 213 214 215 219 222 224 226 227 229 230 232 234 240 241 243 245 247 248 249 250 251 253 255 256 257 260 261 262 263 264 265 266 267 272 275 276 277 278 279 281 282 284 285 288 289 290 292 293 294 295 296 297 303 304 305 306 307 312 314 315 317 318 319 325 326 327 330 332 333 334 335 336 337 341 344 346 347 351 353 355 356 357 359 360 361 362 364 369 370 371 372 374 375 376 378 379 381 382 384 387 389 392 393 395 396 399 400 402 403 405 406 407 408 410 412 415 421 427 428 429 430 431 434 435 436 437 438 439 441 442 443 445 447 448 449 450 451 454 456 457 458 459 460 462 463 464 466 467 468 470 474 475 478 479 480 482 483 484 485 487 488 489 493 494 495 496 498 499 500 501 503 504 505 506 507 510 513 515 520 521 522 523 525 526 527 528 530 531 532 537 538 542 543 544 545 548 549 550 553 554 555 556 558 560 561 564 565 566 570 571 572 576 578 579 580 581 582 583 585 586 588 592 594 596 598 601 603 604 605 606 607 610 611 614 618 620 622 623 626 628 630 631 632 633 634 637 638 639 640 641 642 645 647 648 653 654 656 659 660 661 662 665 666 667 668 669 670 671 673 674 675 676 677 678 680 681 684 685 686 687 688 689 691 694 696 697 698 699 701 702 703 704 705 706 707 708 709 712 713 715 716 717 719 721 722 724 729 731 732 733 742 743 744 745 746 747 748 751 754 755 756 757 759 760 764 765 768 770 771 772 773 774 777 781 784 785 786 787 788 790 791 792 793 794 795 796 797 798 799 800 804 806 808 809 810 811 813 814 815 818 821 822 823 825 826 827 828 829 833 838 839 842 845 849 850 851 852 855 856 860 861 863 864 865 866 867 869 870 871 872 873 874 875 876 878 879 880 881 882 883 885 886 887 888 890 891 894 895 896 897 902 904 905 907 909 911 913 914 916 917 918 922 924 925 928 929 932 937 938 941 942 943 944 945 947 948 949 950 951 952 954 956 957 958 959 960 963 964 965 966 967 968 969 970 972 973 975 976 977 978 979 981 982 986 987 990 991 992 993 995 996 997 998 1000 1001 1002 1003 1004 1005 1011 1013 1014 1015 1016 1017 1018 1019 1021 1022 1023 1029 1030 1031 1033 1034 1035 1036 1037 1038 1039 1043 1044 1045 1047 1048 1049 1054 1055 1056 1058 1062 1063 1064 1066 1069 1070 1074 1075 1077 1078 1080 1082 1083 1084 1085 1088 1090 1091 1093 1094 1095 1104 1106 1107 1110 1111 1112 1113 1116 1117 1118 1119 1120 1121 1122 1124 1125 1126 1127 1129 1130 1133 1134 1136 1142 1144 1145 1146 1148 1150 1151 1155 1156 1157 1158 1159 1161 1162 1164 1165 1167 1171 1172 1173 1175 1179 1181 1182 1183 1184 1185 1187 1191 1192 1193 1194 1197 1198 1199 1200 1202 1203 1205 1208 1209 1210 1211 1212 1214 1215 1216 1217 1219 1220 1222 1224 1225 1226 1227 1230 1232 1233 1234 1236 1237 1240 1241 1242 1244 1248 1250 1251 1255 1256 1257 1260 1263 1264 1266 1267 1269 1271 1272 1274 1275 1276 1277 1278 1279 1283 1284 1285 1286 1287 1288 1289 1290 1291 1294 1299 1301 1303 1304 1305 1307 1308 1309 1310 1312 1313 1320 1321 1323 1325 1326 1328 1331 1332 1333 1334 1336 1339 1340 1341 1342 1343 1344 1345 1349 1350 1354 1356 1357 1358 1359 1360 1362 1366 1367 1368 1369 1371 1372 1373 1374 1375 1376 1378 1379 1380 1381 1382 1383 1384 1385 1386 1387 1391 1392 1394 1397 1401 1402 1403 1404 1405 1407 1409 1411 1412 1413 1415 1416 1417 1418 1419 1420 1421 1422 1427 1428 1430 
859: 0 3 6 7 8 13 14 16 17 18 19 20 23 24 25 26 27 29 31 32 35 40 41 42 43 45 48 49 50 51 52 53 54 55 56 57 60 62 63 70 71 72 74 76 77 79 80 82 83 86 87 89 90 95 96 98 99 100 102 103 105 106 107 108 110 111 115 116 118 119 122 123 124 126 127 128 129 130 131 132 134 137 141 142 143 144 147 148 150 151 153 157 158 159 160 162 163 168 169 170 171 172 173 174 177 180 181 182 184 185 186 187 188 190 196 197 198 202 203 206 209 210 212 213 214 215 216 220 221 222 224 225 226 229 230 231 233 234 235 237 238 239 242 243 244 247 248 251 253 256 257 260 261 262 263 264 265 266 267 268 269 272 274 276 277 278 285 287 288 290 291 292 293 295 296 298 300 301 305 308 310 311 312 314 315 318 319 320 322 323 325 326 329 330 331 332 334 335 336 337 338 341 342 343 344 345 347 348 349 350 353 354 356 358 359 360 361 363 366 369 370 372 373 374 375 376 378 381 382 383 384 387 388 390 391 393 395 396 397 399 401 403 404 406 407 409 411 413 414 415 416 418 419 420 421 423 424 425 426 428 429 431 437 439 443 445 447 451 453 455 457 458 459 460 461 462 463 464 465 466 469 470 473 476 478 479 481 483 484 486 487 488 489 491 492 493 494 495 497 500 501 504 505 506 507 508 509 511 512 513 516 517 518 519 520 525 526 527 529 530 533 534 535 536 537 539 540 542 543 544 545 547 549 551 552 553 554 555 556 559 562 565 566 568 569 571 573 575 577 578 580 581 583 584 585 586 588 592 593 594 596 598 600 601 602 604 608 609 611 612 613 614 616 617 618 619 621 623 625 626 628 629 630 631 632 633 634 635 636 638 639 640 643 647 648 651 653 654 655 657 658 662 663 664 665 666 667 669 670 671 673 675 676 677 678 680 681 683 684 686 687 689 691 693 694 696 697 698 699 701 703 704 705 708 709 712 713 714 715 716 717 718 719 721 722 723 725 726 728 729 730 731 732 733 734 735 737 738 739 740 741 745 746 747 750 751 753 754 755 756 757 758 759 763 764 767 770 771 774 777 779 782 786 787 788 790 791 797 798 799 800 801 802 803 804 806 807 808 809 812 813 816 817 818 820 823 824 825 827 830 832 834 835 836 839 847 848 852 854 856 857 858 859 861 862 863 864 866 867 871 872 873 874 875 876 878 879 880 881 884 887 888 889 892 893 894 895 896 897 901 904 907 908 910 913 914 916 918 919 921 923 924 926 927 929 930 931 933 936 938 941 942 943 947 948 950 951 952 954 956 957 958 959 961 962 963 965 966 969 970 971 972 973 977 978 979 981 982 984 985 987 988 990 991 992 995 998 999 1000 1002 1003 1004 1005 1006 1009 1010 1013 1014 1017 1019 1021 1022 1023 1024 1026 1027 1028 1029 1030 1031 1032 1033 1034 1036 1038 1039 1040 1044 1046 1047 1048 1049 1054 1055 1056 1057 1058 1059 1061 1064 1066 1067 1068 1069 1070 1071 1072 1074 1075 1077 1080 1081 1082 1084 1085 1088 1091 1092 1095 1096 1100 1102 1106 1107 1108 1109 1112 1113 1114 1116 1117 1118 1120 1122 1123 1125 1127 1129 1131 1133 1135 1136 1137 1145 1146 1148 1149 1150 1151 1152 1154 1156 1160 1161 1163 1164 1166 1167 1168 1169 1172 1173 1176 1177 1178 1179 1180 1181 1182 1183 1184 1185 1186 1189 1192 1193 1197 1198 1199 1201 1203 1205 1206 1209 1212 1213 1214 1217 1218 1220 1221 1222 1224 1228 1229 1230 1231 1233 1235 1236 1237 1238 1239 1244 1246 1251 1252 1254 1256 1257 1258 1261 1264 1265 1267 1269 1270 1271 1272 1273 1274 1275 1276 1279 1280 1281 1282 1283 1290 1291 1292 1294 1297 1301 1304 1305 1306 1308 1310 1311 1315 1322 1326 1329 1331 1332 1333 1334 1336 1337 1338 1340 1341 1342 1343 1345 1346 1347 1348 1349 1351 1353 1357 1359 1363 1366 1370 1371 1372 1374 1376 1378 1380 1382 1383 1384 1385 1386 1387 1388 1390 1391 1394 1396 1397 1398 1399 1401 1402 1403 1406 1407 1408 1409 1411 1412 1415 1418 1419 1420 1421 1422 1423 1426 1427 1428 1429 1431 1432 
832: 0 2 3 4 6 9 10 12 13 14 16 17 21 23 24 25 27 28 29 30 31 33 35 38 39 40 41 43 44 45 46 48 53 54 56 58 60 61 65 68 69 70 71 73 74 76 77 79 80 81 82 83 84 85 86 88 91 92 93 94 95 97 98 101 103 105 107 108 109 110 112 113 114 115 116 117 118 120 121 122 125 126 128 129 130 131 132 135 136 138 139 142 143 144 146 147 148 149 150 154 158 161 162 163 165 168 171 172 174 175 179 180 181 182 183 185 187 189 192 193 194 195 196 200 201 203 204 205 206 208 211 212 214 215 216 217 218 220 221 222 223 224 225 228 231 232 233 235 236 239 240 241 242 243 245 248 250 252 253 259 260 262 267 268 269 271 273 274 275 276 282 285 286 288 289 290 293 295 296 298 299 300 306 308 310 311 313 314 316 318 319 323 324 325 327 328 329 330 332 333 335 336 337 338 339 340 341 342 345 346 347 348 350 353 358 359 361 362 366 368 369 370 373 374 376 377 378 379 380 382 383 385 387 388 390 393 395 396 398 399 403 404 405 406 408 409 410 413 418 420 424 427 429 430 431 433 438 442 444 445 447 448 451 452 453 455 457 459 460 465 466 467 468 471 472 475 476 480 482 483 485 486 487 489 491 492 493 496 497 498 500 501 502 503 504 505 507 508 511 513 521 522 525 528 529 530 533 534 535 536 538 539 540 544 545 546 548 549 550 551 553 554 555 556 557 559 561 562 563 565 566 567 569 571 573 576 577 578 579 580 581 584 585 586 587 592 594 595 596 597 598 599 600 603 605 606 607 610 615 616 618 620 622 624 625 626 627 628 630 632 633 635 636 638 639 641 643 645 647 648 649 651 652 654 655 660 661 663 665 666 667 668 669 671 672 675 676 677 678 680 681 682 684 685 686 689 691 692 693 700 701 702 703 708 710 712 713 714 716 719 724 725 726 728 729 731 732 733 734 735 736 737 738 739 740 741 742 744 747 748 750 751 752 754 755 758 759 762 765 766 767 768 770 771 772 774 775 779 780 783 787 788 789 790 791 792 793 794 796 799 800 801 804 806 807 808 813 815 817 818 819 820 822 824 825 826 828 829 830 831 838 839 840 843 845 850 851 853 854 855 856 857 859 860 861 864 865 866 867 869 870 871 872 873 874 875 876 878 879 882 883 884 885 886 887 889 891 896 898 899 901 902 904 906 907 908 909 911 912 913 915 916 919 920 923 924 927 928 929 930 932 933 934 935 936 937 938 940 942 943 944 945 948 949 951 953 954 955 956 957 959 962 963 964 965 966 968 969 970 971 972 973 974 976 977 980 981 982 993 994 997 998 1001 1003 1004 1006 1009 1010 1011 1012 1013 1014 1015 1016 1018 1019 1020 1021 1022 1023 1025 1027 1029 1030 1033 1034 1036 1039 1043 1044 1045 1046 1047 1049 1051 1052 1053 1054 1056 1058 1061 1062 1063 1064 1066 1068 1078 1080 1082 1086 1087 1089 1090 1091 1094 1096 1097 1098 1101 1102 1103 1104 1110 1113 1114 1116 1117 1118 1119 1120 1123 1125 1128 1129 1131 1133 1134 1135 1136 1139 1141 1143 1144 1146 1147 1148 1150 1151 1152 1154 1156 1157 1158 1159 1161 1162 1164 1166 1167 1168 1170 1175 1177 1179 1182 1184 1186 1187 1194 1197 1198 1199 1201 1206 1208 1209 1210 1211 1213 1216 1218 1219 1220 1221 1223 1224 1225 1228 1229 1234 1235 1237 1239 1243 1244 1245 1246 1247 1251 1254 1255 1258 1259 1261 1263 1265 1269 1271 1274 1275 1277 1279 1280 1283 1285 1287 1288 1289 1290 1294 1295 1297 1298 1302 1303 1304 1306 1307 1308 1310 1311 1312 1313 1314 1315 1317 1318 1319 1320 1322 1323 1325 1326 1330 1331 1332 1334 1336 1337 1338 1339 1340 1345 1346 1347 1351 1352 1354 1355 1356 1357 1358 1359 1361 1371 1372 1375 1376 1377 1378 1379 1381 1383 1385 1390 1392 1393 1394 1395 1396 1397 1398 1399 1400 1401 1402 1403 1406 1409 1415 1416 1417 1419 1423 1424 1425 1426 1427 1428 1429 1430 1431 
863: 1 2 4 5 6 7 8 11 16 18 23 24 25 26 27 28 31 32 33 34 35 36 38 39 42 43 44 46 47 49 50 55 56 58 61 62 63 64 66 67 71 74 75 76 79 80 81 85 88 89 91 95 100 101 104 105 106 108 109 110 112 115 116 117 119 120 122 124 125 126 127 128 129 133 135 137 138 139 140 141 142 145 147 148 149 152 155 156 159 160 161 162 166 167 168 169 171 174 175 176 177 178 182 184 185 188 189 190 191 192 193 194 199 201 203 204 205 206 207 210 214 217 218 219 220 221 222 223 226 229 230 232 234 235 236 239 241 242 245 246 247 250 252 255 256 258 259 260 261 262 263 264 265 266 267 268 271 272 274 275 276 280 282 283 284 285 286 287 291 292 293 294 295 296 297 298 299 300 302 305 306 307 308 309 310 312 313 315 316 323 324 326 328 330 331 334 335 338 339 341 344 345 346 347 350 353 354 355 356 357 358 359 360 361 362 363 364 366 367 368 370 371 372 373 375 379 380 384 385 386 388 389 390 391 392 393 394 395 398 399 402 403 404 405 406 407 408 412 414 415 416 417 420 422 425 429 432 433 434 436 438 439 441 442 447 448 450 451 452 454 458 459 465 467 468 469 470 472 474 475 476 479 481 482 483 484 486 487 488 490 492 493 494 495 496 497 498 499 500 501 503 505 507 508 510 511 512 513 517 518 519 520 522 523 524 525 526 528 529 530 532 533 535 536 537 538 539 540 542 543 549 550 551 553 554 555 556 557 558 561 562 563 566 567 570 572 573 574 577 578 580 581 583 584 585 589 590 592 593 595 596 597 600 601 603 604 605 606 609 610 612 613 614 616 618 619 620 623 625 627 630 632 633 634 636 637 638 639 640 643 644 646 647 649 651 653 654 655 657 663 664 665 666 667 668 669 670 671 672 673 674 675 677 681 682 683 684 685 686 687 688 690 692 693 694 696 699 700 701 703 704 706 710 714 715 716 717 718 719 720 721 722 723 724 725 726 730 731 732 733 734 735 736 737 739 743 744 745 746 747 748 750 751 752 753 754 755 760 761 763 764 770 773 774 776 780 783 784 785 787 789 790 794 795 796 799 801 803 804 805 810 813 814 815 816 817 818 826 828 832 834 836 837 838 840 843 844 845 846 850 852 854 855 856 857 859 860 861 862 864 865 867 868 869 871 873 876 877 880 881 883 885 892 894 897 898 901 902 906 907 908 911 913 916 920 921 922 927 930 933 935 937 938 939 940 941 942 944 945 946 948 951 952 953 955 956 957 958 959 960 962 963 967 969 971 973 975 976 977 979 983 984 985 988 989 991 992 994 995 997 999 1004 1005 1007 1008 1010 1011 1013 1014 1015 1017 1018 1020 1022 1024 1026 1027 1029 1031 1033 1034 1035 1036 1037 1038 1039 1041 1042 1043 1045 1046 1047 1048 1049 1051 1054 1055 1056 1057 1058 1059 1061 1063 1065 1070 1071 1073 1074 1075 1076 1081 1083 1084 1085 1092 1095 1097 1098 1102 1104 1105 1106 1107 1108 1109 1111 1113 1114 1115 1116 1118 1120 1121 1122 1125 1126 1128 1129 1130 1131 1132 1134 1137 1138 1140 1143 1144 1145 1146 1148 1150 1152 1153 1155 1157 1161 1162 1163 1164 1165 1167 1168 1171 1172 1173 1174 1175 1176 1177 1179 1181 1182 1183 1185 1186 1187 1189 1190 1192 1195 1196 1197 1200 1201 1202 1203 1204 1205 1206 1207 1209 1210 1211 1212 1214 1216 1217 1219 1221 1222 1223 1224 1228 1232 1233 1234 1240 1241 1242 1243 1244 1245 1247 1248 1249 1253 1255 1258 1261 1266 1267 1268 1269 1270 1271 1272 1273 1274 1277 1278 1279 1280 1281 1282 1284 1285 1286 1289 1290 1292 1294 1295 1296 1297 1298 1299 1300 1302 1304 1306 1307 1308 1309 1310 1311 1312 1313 1314 1315 1316 1317 1318 1319 1320 1321 1322 1323 1324 1326 1328 1329 1330 1331 1332 1338 1340 1342 1343 1348 1349 1350 1351 1352 1355 1356 1358 1359 1360 1364 1365 1367 1368 1370 1373 1374 1375 1377 1378 1379 1380 1381 1383 1384 1385 1386 1387 1388 1389 1390 1391 1394 1400 1403 1407 1409 1410 1411 1413 1414 1415 1416 1417 1418 1420 1421 1422 1423 1424 1425 1426 1427 1430 1432 
861: 1 3 5 6 7 8 11 12 14 17 18 22 24 25 26 29 31 32 33 34 35 36 38 39 42 44 46 47 48 49 50 51 52 53 57 58 59 60 63 64 65 66 67 68 69 70 71 73 75 77 82 83 86 87 89 90 91 92 93 94 96 100 101 102 106 107 109 111 112 118 119 122 123 124 126 127 128 131 134 135 140 142 144 145 146 147 149 150 152 153 154 157 159 161 163 165 166 167 168 169 171 174 175 176 177 178 179 181 182 184 185 188 189 190 192 195 198 199 201 203 204 205 206 207 208 209 210 211 215 216 217 219 220 221 222 223 224 225 226 227 230 232 235 237 238 240 241 242 243 245 246 247 248 249 251 252 253 254 255 256 257 259 260 261 262 263 264 265 266 268 269 270 273 275 279 280 281 282 284 285 286 287 289 291 294 295 297 298 299 300 301 302 303 304 305 306 308 309 311 312 313 315 318 320 321 323 324 325 327 328 329 330 331 332 333 334 337 340 347 348 349 350 351 352 353 354 355 356 357 361 362 365 366 367 368 369 371 373 375 376 379 381 385 386 387 390 394 395 398 399 400 401 402 403 406 407 409 411 413 414 415 417 418 419 421 422 423 425 427 428 431 432 433 434 437 440 442 443 444 445 446 447 448 449 451 452 455 456 457 458 462 463 464 467 468 469 471 473 476 477 478 482 484 486 488 489 490 492 493 494 496 497 499 500 503 504 505 506 507 508 509 510 511 512 513 515 520 521 523 524 528 529 532 536 537 538 540 541 546 550 551 552 553 555 556 557 559 560 562 564 566 569 570 571 573 575 576 577 578 579 580 582 583 584 589 590 591 593 594 595 597 598 600 601 603 604 605 606 607 608 610 611 612 616 617 618 619 620 623 624 625 626 628 629 630 632 635 636 637 641 642 645 647 648 649 652 653 655 656 657 661 662 663 664 666 668 669 671 672 673 674 675 676 677 678 679 681 685 689 696 700 701 702 703 707 708 709 712 714 715 716 717 718 719 720 721 724 725 728 729 733 734 735 738 743 749 751 753 754 755 757 759 761 762 765 770 772 775 777 779 780 782 783 785 787 790 791 793 794 797 798 799 800 801 802 804 809 810 811 812 813 816 817 818 819 820 822 823 825 826 827 828 829 831 832 836 839 840 842 843 847 848 849 850 852 853 855 858 859 860 861 863 866 867 870 871 874 876 877 879 881 883 884 885 888 890 891 893 894 896 897 898 899 900 901 902 903 904 905 906 908 910 911 912 915 916 917 918 919 920 921 924 925 926 928 931 932 933 934 936 937 939 940 941 942 943 945 946 950 951 952 953 955 957 959 960 961 962 964 966 967 971 973 974 975 976 980 981 982 983 984 985 986 987 990 991 994 995 996 998 999 1003 1004 1006 1010 1011 1013 1014 1018 1019 1020 1021 1023 1024 1026 1027 1028 1029 1033 1034 1035 1036 1037 1039 1040 1042 1045 1048 1049 1050 1061 1064 1066 1068 1069 1071 1072 1073 1074 1076 1078 1080 1081 1082 1085 1089 1092 1093 1094 1095 1096 1099 1101 1103 1104 1106 1108 1110 1111 1112 1114 1116 1118 1119 1120 1121 1122 1123 1126 1127 1128 1129 1132 1133 1134 1135 1138 1143 1144 1147 1148 1149 1150 1151 1152 1155 1156 1157 1158 1159 1160 1162 1164 1165 1166 1167 1170 1171 1173 1175 1179 1180 1181 1182 1184 1186 1189 1190 1193 1197 1199 1201 1202 1204 1206 1208 1211 1212 1213 1217 1218 1219 1220 1224 1225 1228 1229 1230 1232 1233 1234 1235 1236 1238 1239 1242 1243 1244 1245 1247 1248 1249 1250 1252 1255 1256 1259 1262 1265 1266 1269 1270 1271 1273 1274 1275 1276 1277 1279 1280 1281 1282 1283 1284 1285 1286 1288 1289 1290 1291 1292 1293 1294 1295 1297 1298 1299 1300 1301 1302 1305 1307 1308 1310 1311 1313 1318 1320 1322 1323 1325 1327 1330 1331 1333 1334 1335 1336 1337 1338 1341 1342 1343 1344 1346 1347 1349 1350 1352 1355 1356 1364 1365 1367 1368 1369 1370 1373 1377 1378 1379 1381 1382 1383 1384 1387 1391 1392 1394 1397 1398 1400 1401 1402 1404 1405 1406 1408 1409 1411 1412 1413 1414 1417 1419 1422 1423 1425 1428 1430 1431 
836: 4 6 7 9 11 12 13 19 20 21 22 23 24 25 26 27 28 31 37 38 39 42 43 44 45 47 48 51 53 54 55 56 58 59 60 61 65 66 67 68 71 72 73 74 77 81 82 83 84 90 91 92 93 94 95 96 98 100 101 102 104 108 112 113 115 116 117 120 121 122 124 125 128 130 131 132 134 136 137 138 139 140 141 142 143 146 149 150 152 153 154 156 157 160 161 162 163 164 165 166 167 168 169 172 173 175 176 177 178 179 180 181 182 183 184 185 186 187 188 189 193 195 196 197 199 200 202 203 204 206 208 211 212 214 215 216 217 218 221 222 223 224 225 232 233 234 235 238 240 243 244 245 246 247 251 252 254 255 257 259 261 263 264 267 270 271 272 273 275 276 277 279 281 285 286 287 289 290 291 292 293 294 296 299 301 302 303 304 305 307 310 313 315 316 318 319 324 327 328 329 330 334 335 336 338 339 341 342 346 347 348 349 350 351 352 354 355 356 357 359 360 362 363 365 367 368 369 370 371 374 375 376 377 378 381 382 391 392 393 398 399 403 405 406 408 409 415 416 419 420 422 424 426 427 428 430 432 433 436 440 441 443 445 448 450 452 453 455 456 459 461 462 463 464 466 467 468 469 470 471 472 474 477 479 480 484 487 490 491 493 494 495 497 498 499 500 502 503 504 505 508 509 511 512 515 517 519 520 523 524 527 529 530 532 533 534 537 538 540 541 544 545 546 549 550 551 552 560 561 562 563 566 567 568 569 571 573 575 577 578 582 584 585 586 587 588 591 592 594 597 599 603 607 608 609 610 611 612 613 614 615 616 618 619 620 623 624 626 627 631 633 634 635 638 640 642 643 644 646 647 649 650 651 654 655 656 657 661 662 663 664 666 667 668 669 670 671 674 675 677 680 682 686 689 691 693 695 696 700 702 703 704 707 708 711 714 717 718 719 720 722 728 729 730 731 732 735 737 738 739 740 741 743 744 746 748 749 751 752 756 759 761 762 763 766 768 769 771 772 773 774 775 777 778 779 782 783 784 785 786 790 793 794 795 796 798 800 801 803 804 806 807 808 809 812 815 818 819 820 821 822 823 824 825 826 827 828 830 831 833 837 839 841 843 845 847 848 849 854 855 856 861 862 863 864 866 867 868 870 872 873 877 879 880 884 885 889 890 891 892 893 894 897 899 900 901 902 903 904 905 906 907 909 915 916 917 919 923 930 933 937 940 941 942 943 944 945 948 950 951 952 953 954 955 958 959 960 962 963 964 965 966 968 969 970 971 972 973 974 975 976 984 987 991 993 995 996 997 999 1002 1003 1004 1006 1007 1009 1012 1013 1014 1018 1019 1020 1021 1023 1024 1025 1026 1028 1029 1030 1031 1033 1035 1037 1039 1043 1044 1045 1050 1051 1052 1053 1054 1056 1057 1058 1059 1061 1064 1065 1068 1070 1071 1073 1074 1076 1080 1081 1083 1084 1085 1086 1087 1090 1092 1093 1095 1098 1099 1100 1102 1103 1107 1110 1111 1112 1113 1115 1117 1118 1119 1122 1123 1124 1126 1128 1129 1130 1133 1134 1135 1137 1141 1145 1146 1148 1150 1151 1155 1157 1159 1162 1163 1164 1166 1168 1171 1172 1175 1177 1179 1182 1186 1187 1188 1189 1192 1193 1195 1199 1200 1202 1203 1206 1207 1208 1209 1210 1211 1214 1215 1220 1221 1223 1224 1225 1226 1231 1232 1234 1235 1236 1237 1238 1240 1242 1243 1244 1245 1247 1248 1250 1253 1254 1255 1257 1261 1262 1263 1264 1266 1267 1268 1269 1270 1271 1276 1278 1282 1284 1287 1288 1289 1291 1292 1293 1294 1295 1297 1298 1300 1303 1305 1308 1309 1311 1312 1313 1314 1315 1319 1320 1321 1324 1325 1326 1327 1328 1333 1335 1336 1337 1339 1344 1345 1346 1347 1348 1351 1352 1354 1355 1356 1357 1358 1361 1362 1363 1365 1367 1368 1369 1370 1372 1373 1375 1378 1379 1380 1381 1382 1384 1385 1386 1387 1388 1390 1391 1394 1395 1397 1399 1400 1401 1402 1403 1404 1405 1407 1408 1410 1411 1415 1416 1417 1419 1420 1421 1422 1423 1424 1425 1426 1427 1429 1430 1432 
857: 0 1 4 5 7 11 12 14 15 19 22 24 25 26 28 31 33 36 37 41 43 44 47 48 50 52 53 56 57 58 59 60 65 66 67 68 73 74 78 79 82 83 84 87 88 90 91 93 94 96 97 98 99 100 101 102 103 105 106 108 109 110 113 114 115 117 118 119 120 123 124 126 130 132 134 135 137 138 139 140 142 143 145 146 147 148 149 151 153 156 160 162 164 168 170 171 173 174 175 176 177 179 180 181 182 183 185 186 187 188 189 190 191 192 193 195 196 197 198 199 200 202 205 208 209 210 211 212 213 214 215 218 219 221 222 224 225 226 227 228 229 230 233 235 236 239 240 244 245 248 249 250 251 253 254 255 257 258 259 260 262 264 265 266 267 268 269 270 271 274 276 277 278 280 283 284 286 287 288 289 290 292 293 297 298 299 301 302 307 309 310 312 313 315 316 318 320 323 325 326 327 328 329 330 331 332 333 334 335 336 337 338 339 340 342 343 344 347 350 351 352 353 354 355 356 357 358 359 360 361 365 366 367 368 370 373 375 376 377 378 379 380 382 383 384 385 386 388 389 390 391 392 393 395 396 397 399 401 402 403 404 406 407 411 413 414 416 418 420 422 423 425 426 428 429 432 433 436 437 438 439 440 442 443 445 447 448 449 450 451 452 454 456 463 466 467 468 469 470 472 473 474 475 476 478 482 485 486 488 490 491 492 495 498 499 501 503 504 506 508 510 511 512 514 515 517 522 523 524 525 526 527 528 529 531 534 535 536 537 539 542 543 547 548 549 554 556 557 559 560 561 563 566 567 568 570 571 573 574 575 576 577 578 580 581 583 584 586 588 589 590 591 593 595 597 598 600 601 602 604 605 606 607 608 609 610 611 614 616 617 619 620 621 623 625 626 627 631 642 644 645 647 649 650 655 658 659 662 665 666 667 669 670 671 672 674 676 677 678 682 686 690 692 693 694 695 697 698 701 703 705 706 707 709 710 714 715 716 718 720 721 722 723 725 728 729 730 731 734 737 738 739 740 741 742 743 744 747 748 749 750 753 754 755 756 757 758 759 760 761 762 764 765 766 767 769 771 772 773 776 777 778 779 780 782 783 784 786 787 791 792 793 796 799 800 802 803 804 805 808 809 810 811 812 813 816 818 819 820 821 822 823 824 826 827 828 829 831 833 835 836 837 838 840 841 843 844 845 847 848 849 850 858 859 862 863 866 867 869 870 872 874 875 876 877 879 880 881 882 884 885 887 891 893 894 895 897 898 903 904 905 906 907 909 911 912 913 914 915 916 917 919 922 923 924 925 928 929 934 935 936 937 938 939 944 946 947 948 950 951 953 954 956 958 960 961 964 965 968 969 972 976 977 978 979 980 982 985 987 988 989 991 992 993 994 995 998 1001 1003 1004 1005 1006 1008 1014 1015 1016 1017 1019 1023 1025 1028 1030 1033 1034 1038 1039 1041 1043 1045 1046 1051 1054 1060 1061 1062 1063 1064 1067 1068 1069 1070 1072 1073 1075 1076 1077 1078 1079 1080 1081 1083 1084 1085 1086 1088 1090 1091 1092 1093 1094 1095 1097 1098 1099 1100 1101 1103 1105 1106 1107 1108 1112 1114 1115 1116 1117 1118 1119 1122 1124 1126 1127 1129 1132 1134 1135 1136 1137 1140 1142 1143 1147 1148 1149 1150 1151 1153 1154 1156 1157 1158 1159 1167 1169 1170 1171 1172 1173 1174 1175 1176 1177 1178 1180 1181 1186 1187 1189 1190 1191 1192 1193 1196 1197 1199 1200 1201 1202 1206 1208 1209 1212 1213 1217 1218 1221 1222 1226 1227 1229 1230 1231 1232 1233 1236 1239 1241 1244 1245 1247 1250 1251 1252 1253 1254 1255 1258 1260 1264 1265 1268 1272 1273 1276 1281 1283 1284 1286 1288 1290 1291 1293 1295 1296 1297 1299 1300 1309 1311 1312 1313 1315 1318 1319 1320 1321 1322 1323 1325 1328 1332 1334 1335 1336 1340 1342 1343 1344 1345 1347 1348 1351 1352 1353 1355 1356 1357 1358 1359 1360 1361 1362 1364 1365 1367 1369 1374 1376 1377 1380 1382 1383 1384 1385 1386 1387 1388 1389 1390 1391 1396 1397 1399 1402 1404 1405 1406 1409 1410 1412 1414 1419 1420 1428 1429 1430 1431 
849: 1 2 3 7 8 11 13 15 16 17 19 20 21 22 23 24 25 26 29 31 33 34 36 40 41 42 43 45 46 47 48 49 50 51 52 54 58 59 60 61 62 63 65 67 68 71 72 73 75 77 78 80 81 82 84 87 88 89 90 91 94 96 97 98 99 100 101 103 104 106 107 108 109 110 112 113 114 116 121 123 124 127 128 130 131 134 137 138 139 142 145 147 149 150 151 152 154 156 157 161 162 163 165 166 167 168 170 175 176 177 178 183 184 186 189 190 191 193 194 195 199 201 202 204 207 208 209 210 211 213 214 215 216 217 218 219 220 221 223 224 226 228 229 230 231 233 235 236 237 238 239 242 243 244 246 247 248 249 250 251 253 254 257 258 259 260 261 263 264 266 269 270 271 272 273 275 276 277 278 282 284 285 286 287 288 289 290 292 293 294 295 297 299 300 302 305 307 308 309 311 313 314 316 317 318 321 323 325 328 329 331 332 335 339 340 344 346 347 348 350 352 357 358 359 360 362 364 365 366 367 368 369 370 371 372 373 374 375 376 377 378 379 380 384 387 389 391 394 395 397 400 402 403 404 406 409 410 411 413 414 416 417 418 419 420 422 424 425 426 427 433 439 440 441 442 443 445 447 448 449 450 453 456 457 460 461 463 464 465 466 467 473 474 479 480 481 482 483 484 485 486 487 489 491 492 493 494 497 498 500 502 503 504 506 509 514 515 516 518 519 520 521 523 525 528 531 532 534 535 537 539 541 544 547 548 550 553 554 556 557 558 560 563 564 565 567 570 571 572 574 577 578 579 582 586 588 589 590 591 593 597 599 601 602 604 605 606 608 611 612 613 614 618 619 620 622 623 625 626 627 628 630 631 633 634 635 636 639 640 642 643 645 648 649 651 653 654 656 657 658 660 661 663 665 667 668 669 670 671 674 675 676 677 678 679 680 681 682 683 684 685 689 690 691 692 695 696 697 698 699 700 705 706 707 708 709 710 711 712 713 723 724 725 727 728 730 731 733 735 737 738 740 744 745 746 748 750 754 755 757 760 762 765 768 769 770 772 773 775 776 779 781 783 787 790 792 793 795 796 798 800 801 802 806 807 811 812 813 815 824 826 829 831 835 839 840 841 843 844 847 848 850 851 852 853 854 855 856 861 865 868 870 871 872 873 874 875 878 879 880 881 882 883 885 886 887 888 891 893 895 896 898 899 901 902 903 905 906 908 909 910 911 912 917 919 920 921 922 923 926 927 930 933 934 936 937 938 939 940 942 943 945 947 948 949 950 951 953 954 955 957 958 960 964 966 967 968 969 971 972 973 974 976 977 979 980 982 983 984 986 987 989 993 994 995 997 998 1002 1004 1005 1008 1010 1011 1012 1013 1014 1015 1016 1017 1018 1019 1020 1021 1022 1026 1028 1029 1030 1031 1032 1033 1035 1038 1042 1043 1047 1048 1050 1051 1052 1053 1054 1056 1060 1061 1063 1064 1065 1066 1067 1069 1070 1072 1073 1074 1075 1076 1079 1080 1082 1084 1085 1086 1088 1089 1092 1093 1094 1097 1098 1099 1100 1102 1103 1111 1114 1115 1116 1118 1120 1121 1123 1124 1125 1126 1130 1134 1141 1142 1143 1144 1145 1147 1148 1149 1153 1159 1161 1165 1167 1168 1170 1171 1173 1174 1176 1183 1185 1186 1187 1188 1192 1194 1200 1202 1204 1205 1206 1207 1208 1209 1210 1212 1213 1215 1217 1218 1220 1221 1222 1223 1224 1230 1231 1233 1234 1235 1238 1239 1240 1241 1242 1243 1244 1246 1248 1249 1250 1254 1256 1257 1259 1262 1265 1266 1267 1269 1271 1274 1276 1277 1280 1281 1285 1287 1288 1289 1290 1291 1292 1293 1295 1296 1298 1300 1302 1303 1305 1306 1310 1311 1313 1315 1316 1317 1318 1320 1323 1326 1327 1333 1334 1336 1338 1339 1342 1343 1345 1347 1348 1349 1350 1351 1354 1356 1357 1358 1360 1361 1362 1363 1365 1366 1367 1368 1370 1372 1374 1375 1376 1377 1378 1379 1380 1381 1383 1385 1386 1387 1388 1389 1390 1392 1393 1395 1396 1398 1399 1401 1404 1406 1408 1410 1411 1413 1415 1416 1417 1418 1421 1422 1424 1425 1427 1428 1429 1430 1431 1432 
855: 0 1 2 5 7 8 9 12 13 15 16 17 18 19 21 22 23 24 25 27 28 29 30 31 33 36 37 38 39 40 42 43 44 45 47 48 49 50 51 52 54 60 61 63 66 69 70 71 73 74 78 79 80 81 82 84 85 87 89 91 94 96 99 101 102 104 105 107 108 109 110 114 115 116 118 120 121 123 124 126 127 128 130 131 132 133 134 136 138 139 143 145 148 149 151 154 157 158 159 160 161 162 163 164 165 167 168 171 172 173 175 176 177 178 180 182 183 184 186 187 188 189 190 191 193 194 200 204 205 206 207 208 209 210 212 213 214 215 217 219 220 222 223 224 226 228 233 234 236 237 238 240 242 243 246 249 250 251 253 254 255 256 257 259 260 264 265 266 267 268 269 270 272 273 274 277 278 279 280 281 284 285 287 288 289 291 296 297 298 300 301 302 303 308 309 310 312 313 316 317 320 321 325 329 330 331 332 333 334 336 337 338 339 340 343 345 347 349 350 352 354 356 358 359 362 363 368 371 372 374 376 377 379 383 384 387 389 390 392 393 394 397 398 399 401 405 406 407 410 413 415 416 422 423 425 426 427 429 430 431 432 433 434 438 441 442 443 444 445 446 447 449 450 451 452 453 454 455 457 458 460 461 465 466 468 469 470 474 475 477 478 479 482 484 485 487 489 492 493 495 496 498 502 504 505 506 507 508 509 510 511 512 513 514 515 517 519 520 521 523 527 528 529 530 534 535 537 542 544 545 547 551 552 553 556 557 558 560 565 566 567 568 570 571 573 574 575 576 577 578 580 582 584 585 586 587 588 590 591 592 594 595 598 601 604 605 606 607 610 614 615 617 619 620 621 622 623 625 626 627 628 629 630 631 633 634 639 640 643 645 646 647 648 649 650 651 652 654 657 658 662 664 665 666 668 669 670 671 672 673 674 675 678 679 680 682 686 687 688 691 696 697 700 701 703 704 705 710 711 713 717 719 721 722 723 725 726 729 731 733 734 738 740 741 744 747 748 749 751 752 754 755 756 757 758 760 762 763 764 766 767 768 769 772 773 774 776 778 779 781 782 783 785 786 790 792 793 795 796 797 798 799 801 803 806 807 808 809 810 811 813 814 815 817 820 821 825 826 827 829 830 831 832 833 835 836 837 838 840 842 843 844 846 847 848 849 850 851 852 856 857 859 863 864 865 867 868 869 870 871 872 873 874 875 876 877 880 881 882 884 885 886 887 890 891 892 893 894 895 896 897 898 900 901 902 903 904 905 906 909 910 914 915 916 917 918 919 920 921 922 924 928 929 930 933 934 935 936 937 938 942 944 945 946 949 950 951 952 953 956 960 963 965 966 967 968 970 971 977 979 980 981 982 984 985 986 988 989 990 991 997 999 1000 1004 1005 1011 1012 1015 1016 1017 1018 1019 1022 1025 1026 1028 1032 1033 1034 1035 1036 1038 1040 1042 1046 1047 1048 1052 1053 1055 1056 1057 1058 1064 1066 1067 1068 1070 1071 1072 1074 1076 1078 1079 1080 1084 1086 1088 1090 1092 1094 1096 1099 1100 1101 1104 1106 1107 1112 1115 1118 1119 1120 1122 1123 1124 1125 1127 1128 1129 1130 1131 1132 1133 1135 1136 1137 1141 1142 1143 1144 1146 1148 1149 1150 1151 1152 1153 1154 1155 1156 1158 1159 1160 1162 1163 1165 1166 1168 1169 1174 1177 1178 1180 1181 1182 1183 1184 1186 1187 1188 1189 1190 1191 1192 1197 1198 1199 1200 1201 1205 1206 1207 1208 1209 1212 1215 1216 1221 1225 1226 1228 1229 1230 1232 1235 1236 1238 1239 1241 1244 1246 1249 1250 1251 1252 1254 1256 1257 1258 1259 1260 1261 1262 1263 1265 1267 1269 1271 1272 1274 1275 1276 1277 1281 1284 1287 1289 1291 1293 1295 1296 1298 1300 1301 1302 1304 1305 1309 1310 1311 1312 1314 1319 1321 1322 1323 1325 1326 1328 1329 1331 1333 1334 1335 1336 1337 1338 1340 1342 1343 1345 1349 1350 1352 1356 1359 1360 1361 1362 1363 1364 1367 1370 1373 1377 1380 1382 1383 1384 1387 1392 1394 1395 1398 1399 1400 1403 1407 1408 1409 1411 1412 1413 1414 1415 1419 1420 1421 1422 1424 1426 1427 1428 1432 
866: 3 4 5 8 9 10 11 12 14 16 17 18 19 21 22 24 25 26 29 30 31 34 36 37 39 40 41 44 47 48 52 53 54 55 57 59 60 61 62 64 65 66 67 69 70 72 73 74 77 79 81 82 84 86 87 89 91 93 95 96 97 98 99 101 104 106 107 108 109 110 113 114 117 119 120 124 126 127 128 129 130 132 133 136 137 138 141 142 144 145 146 147 149 151 152 153 155 156 158 163 164 165 166 167 168 169 170 172 173 174 175 177 178 180 181 182 184 186 188 189 190 191 193 197 198 200 201 202 203 205 207 208 209 210 211 212 213 215 217 218 220 222 223 225 226 227 230 232 233 234 235 239 241 242 244 246 247 248 252 254 256 257 258 259 260 261 262 263 264 265 266 267 268 270 271 272 273 274 275 276 277 278 279 280 281 282 285 287 289 290 292 293 294 295 296 297 299 301 302 303 304 306 308 310 311 314 316 318 319 320 321 324 329 330 331 332 333 335 336 337 340 342 343 344 348 350 351 353 354 355 356 357 359 363 364 365 369 370 371 372 373 376 378 379 381 382 384 385 386 389 394 396 397 398 399 401 402 403 405 407 408 409 410 411 412 413 416 417 419 422 423 426 429 430 431 433 434 435 437 438 439 442 443 448 451 454 457 458 459 460 461 463 465 466 467 468 469 470 471 472 475 476 477 480 481 482 483 484 485 487 490 492 493 495 496 498 499 502 503 505 506 507 509 511 512 516 518 519 520 522 528 529 530 531 534 536 539 540 541 542 543 544 545 547 550 551 552 553 554 558 560 562 563 564 565 567 568 569 570 571 573 575 576 577 587 589 591 592 593 594 596 598 601 603 604 605 606 607 608 609 611 612 613 614 615 616 617 618 620 621 622 623 625 627 631 633 634 636 638 639 640 642 645 646 647 648 650 651 652 655 657 658 659 660 663 664 667 668 669 672 673 674 676 677 678 679 680 681 682 683 684 685 686 687 690 691 692 694 697 698 700 701 705 706 707 711 713 714 715 717 720 721 722 723 724 725 726 729 732 734 735 736 738 740 741 742 743 745 746 747 750 752 754 755 756 758 759 761 762 765 767 768 769 770 774 777 779 782 785 786 791 792 794 795 797 799 801 802 803 804 805 806 808 809 810 811 812 813 815 816 817 819 820 822 823 824 825 826 827 829 830 831 832 833 834 835 836 838 840 842 843 844 845 847 848 849 850 851 852 853 856 857 859 862 863 864 868 869 870 871 872 873 874 875 876 877 878 881 883 886 887 888 889 891 892 894 895 896 897 898 899 900 902 903 906 907 910 916 919 921 922 933 935 938 939 940 941 944 946 953 958 960 963 964 966 969 972 973 976 977 978 980 983 984 985 986 987 988 990 991 992 995 996 997 1001 1003 1004 1005 1007 1008 1012 1014 1016 1017 1018 1020 1022 1023 1024 1026 1028 1029 1031 1032 1033 1035 1040 1041 1043 1044 1045 1047 1048 1049 1050 1052 1053 1054 1056 1057 1060 1061 1063 1064 1065 1068 1069 1072 1073 1074 1075 1076 1078 1079 1081 1083 1084 1086 1088 1089 1090 1092 1094 1099 1101 1105 1106 1108 1110 1111 1112 1116 1117 1118 1119 1121 1122 1123 1124 1127 1129 1131 1132 1136 1137 1138 1141 1146 1147 1150 1151 1152 1154 1155 1156 1162 1163 1164 1166 1168 1169 1174 1175 1181 1185 1186 1188 1189 1190 1192 1194 1195 1199 1203 1205 1209 1210 1212 1213 1214 1215 1218 1220 1221 1223 1224 1226 1229 1230 1232 1235 1236 1237 1238 1240 1241 1248 1258 1260 1261 1262 1264 1266 1268 1269 1271 1272 1273 1274 1275 1276 1277 1278 1279 1280 1282 1283 1284 1285 1286 1287 1288 1289 1290 1293 1294 1299 1303 1305 1307 1312 1313 1314 1316 1318 1319 1320 1322 1324 1325 1326 1329 1330 1331 1332 1333 1334 1335 1336 1338 1339 1340 1341 1344 1346 1347 1348 1349 1351 1352 1353 1356 1357 1358 1359 1360 1362 1364 1366 1367 1368 1369 1370 1372 1373 1374 1375 1377 1378 1381 1382 1383 1384 1386 1387 1389 1390 1392 1393 1394 1396 1398 1400 1401 1403 1404 1407 1408 1409 1410 1411 1412 1413 1414 1415 1417 1418 1420 1421 1423 1424 1427 1428 1430 1431 1432 
858: 0 1 3 4 5 6 7 8 10 12 13 15 17 20 21 23 24 25 26 28 30 32 33 34 36 38 40 41 43 45 46 48 50 51 52 53 54 55 56 58 59 62 63 64 68 70 71 72 76 78 80 81 82 89 90 91 92 94 95 98 99 100 102 104 105 106 107 108 109 110 114 115 116 118 119 121 122 123 126 127 128 129 130 131 132 133 135 136 138 139 140 147 148 149 150 151 152 154 155 157 158 160 161 162 165 166 169 170 181 182 183 186 193 197 198 199 200 203 204 206 207 208 209 210 211 213 215 216 218 219 220 222 224 226 227 229 231 239 242 244 245 246 251 254 256 257 259 261 262 263 267 268 270 272 274 276 278 280 282 287 288 289 290 294 295 299 300 303 304 306 307 311 313 315 316 318 319 320 321 324 325 326 327 328 329 330 331 332 333 334 335 340 341 343 347 349 350 352 353 354 356 357 359 362 364 365 366 368 369 370 371 372 374 375 376 378 379 380 381 384 386 387 388 391 394 395 396 397 398 399 402 403 404 405 408 409 410 411 413 415 417 419 420 421 422 423 426 427 428 430 431 433 434 435 437 438 440 447 450 451 453 455 456 457 460 461 462 463 464 466 468 470 471 473 474 475 476 479 485 486 488 489 490 492 494 495 498 499 500 505 506 507 508 509 510 516 517 518 519 521 522 525 527 528 529 533 535 537 538 539 542 545 547 548 549 551 552 553 555 557 558 559 561 563 566 571 573 574 575 576 578 579 580 581 583 584 586 587 588 589 590 591 592 594 596 598 599 600 601 602 603 606 607 609 610 611 612 613 614 615 617 618 619 622 625 626 627 629 630 631 632 633 634 637 639 640 645 647 648 649 650 651 654 655 656 659 660 662 663 664 667 669 670 671 673 674 675 677 683 688 690 691 699 700 701 703 704 706 707 708 709 711 712 713 714 715 718 719 721 723 724 726 727 728 729 731 732 733 734 735 736 738 739 740 741 744 746 747 749 751 752 753 755 758 759 761 762 763 764 765 766 768 769 770 774 775 778 779 781 782 783 784 785 788 789 790 792 793 794 795 796 798 799 800 801 802 804 805 806 809 812 815 816 817 818 823 824 825 826 828 829 830 831 833 834 835 837 838 840 842 844 845 846 847 848 849 851 853 854 855 856 857 858 860 863 864 865 868 870 871 872 873 876 877 879 880 881 882 883 884 886 887 889 891 893 895 896 897 899 900 901 902 906 908 909 910 912 915 916 918 922 924 925 926 928 929 930 932 933 934 935 936 939 941 942 945 946 947 948 949 950 951 952 954 955 956 958 959 960 962 966 968 970 973 976 977 978 979 980 981 982 984 985 987 990 991 992 993 994 995 996 997 998 1001 1002 1003 1004 1005 1006 1008 1009 1010 1011 1014 1015 1017 1018 1019 1020 1023 1024 1026 1027 1028 1029 1030 1033 1034 1035 1036 1038 1041 1044 1045 1046 1047 1048 1049 1055 1060 1063 1064 1065 1068 1069 1070 1071 1073 1074 1075 1076 1077 1079 1080 1081 1082 1083 1084 1085 1086 1087 1088 1089 1091 1092 1094 1096 1097 1099 1100 1105 1106 1107 1111 1114 1117 1118 1120 1121 1122 1124 1130 1131 1132 1134 1135 1136 1138 1139 1144 1145 1147 1149 1151 1153 1154 1155 1157 1158 1159 1160 1162 1163 1164 1168 1172 1173 1175 1176 1177 1178 1181 1182 1183 1184 1185 1186 1187 1188 1189 1191 1195 1196 1197 1199 1203 1204 1206 1209 1210 1211 1213 1215 1217 1218 1220 1224 1225 1227 1228 1230 1232 1234 1236 1238 1241 1243 1244 1247 1250 1251 1253 1254 1255 1256 1258 1261 1262 1263 1266 1267 1269 1270 1272 1273 1281 1285 1286 1287 1288 1289 1291 1293 1294 1298 1299 1300 1305 1307 1309 1311 1314 1315 1316 1317 1318 1319 1320 1321 1322 1323 1324 1326 1327 1329 1330 1331 1335 1336 1337 1338 1339 1340 1343 1345 1347 1348 1352 1354 1358 1359 1360 1362 1365 1367 1368 1369 1370 1373 1376 1378 1379 1381 1382 1383 1385 1386 1387 1388 1390 1391 1393 1394 1395 1398 1399 1400 1401 1402 1404 1406 1407 1408 1409 1411 1412 1413 1414 1415 1416 1418 1420 1421 1424 1425 1426 1429 1432 
843: 0 1 2 3 4 6 7 8 9 10 14 15 16 17 19 20 22 24 25 27 28 29 30 31 33 34 36 38 41 42 43 44 48 51 52 53 54 55 58 60 61 62 66 68 70 72 77 79 80 81 84 86 88 89 95 96 98 100 102 104 105 106 108 113 114 115 116 117 121 122 123 124 125 126 127 128 130 131 132 133 134 135 137 138 139 142 143 144 146 149 150 151 153 154 155 157 158 164 166 167 168 169 170 171 173 174 175 178 180 181 182 184 185 186 187 192 193 196 199 200 201 202 205 207 208 212 213 215 216 219 221 222 223 224 227 228 229 231 233 234 235 236 237 238 240 241 242 243 246 247 249 250 251 255 256 258 261 262 265 266 268 270 271 273 276 278 280 282 284 286 287 288 289 290 291 292 294 296 298 300 301 302 304 305 306 310 311 312 314 316 321 323 324 325 327 329 330 331 333 334 335 337 338 340 341 342 344 346 349 350 351 353 357 359 360 362 363 365 366 370 371 373 374 375 376 377 378 379 382 383 389 392 393 396 398 401 402 404 405 406 407 408 409 410 412 413 414 416 418 419 420 422 424 425 426 429 430 434 436 439 441 442 443 444 446 447 449 454 458 459 465 468 469 470 471 472 473 474 475 476 477 478 479 480 481 483 484 485 486 487 488 489 490 491 492 493 496 498 499 501 502 504 506 507 508 510 512 514 516 522 523 524 525 528 529 530 531 532 533 534 535 537 538 541 542 543 545 546 548 549 551 553 554 556 558 562 564 565 568 570 571 572 573 574 576 578 581 582 587 588 589 590 591 592 593 594 595 596 597 599 601 602 603 605 606 607 608 609 610 611 613 614 615 616 617 619 620 621 622 623 624 625 626 627 630 632 634 635 638 641 642 644 645 650 652 653 657 658 659 660 663 668 669 671 672 673 675 676 677 679 683 684 685 686 687 690 691 693 694 695 696 697 698 700 701 702 705 707 710 716 718 723 724 726 727 729 730 731 732 735 736 738 739 743 744 745 746 751 753 754 758 760 764 765 766 768 769 770 773 775 777 780 781 783 788 791 794 795 796 797 800 801 804 806 808 809 811 814 815 818 820 823 824 825 827 828 829 834 835 838 840 841 843 845 848 850 852 855 856 858 859 860 861 862 863 864 865 867 870 871 872 873 874 875 877 883 888 889 890 892 893 894 900 901 903 904 905 906 911 912 913 914 917 918 921 924 926 927 930 931 933 934 935 936 937 938 941 946 947 951 952 955 957 961 962 963 964 967 968 969 971 974 975 976 978 979 981 982 983 984 985 989 990 991 992 994 995 996 997 999 1000 1001 1002 1004 1008 1010 1011 1013 1017 1018 1020 1023 1026 1028 1031 1032 1033 1034 1036 1037 1040 1046 1047 1048 1049 1053 1054 1060 1061 1062 1065 1069 1070 1072 1073 1074 1076 1079 1081 1082 1083 1086 1090 1091 1092 1096 1098 1100 1101 1102 1103 1105 1106 1107 1108 1114 1115 1116 1119 1120 1121 1122 1123 1126 1127 1128 1129 1130 1131 1132 1133 1134 1135 1137 1138 1139 1140 1141 1143 1144 1145 1146 1147 1148 1149 1150 1151 1152 1153 1154 1155 1156 1157 1160 1161 1162 1163 1164 1165 1167 1168 1169 1170 1171 1172 1175 1176 1177 1178 1180 1181 1182 1183 1184 1185 1186 1187 1189 1190 1191 1192 1193 1194 1195 1197 1200 1201 1204 1205 1208 1209 1210 1212 1214 1217 1219 1221 1222 1226 1228 1229 1230 1231 1233 1234 1235 1236 1238 1239 1241 1242 1243 1245 1247 1249 1250 1258 1260 1261 1262 1263 1264 1265 1267 1268 1269 1270 1271 1272 1273 1277 1278 1279 1281 1282 1283 1285 1286 1287 1288 1291 1292 1293 1294 1296 1297 1298 1299 1300 1301 1303 1306 1307 1310 1313 1315 1316 1317 1318 1322 1323 1324 1326 1327 1332 1333 1335 1336 1339 1340 1341 1343 1347 1348 1349 1351 1354 1358 1359 1360 1361 1362 1364 1365 1366 1367 1368 1369 1370 1371 1372 1373 1374 1377 1379 1380 1381 1382 1387 1388 1389 1390 1391 1392 1393 1396 1397 1398 1404 1405 1408 1409 1413 1415 1416 1421 1422 1423 1425 1426 1427 1429 1432 
869: 0 2 3 4 5 6 7 9 10 13 15 16 17 26 27 28 30 31 32 35 38 40 41 42 46 47 49 50 51 53 56 58 59 60 61 64 66 67 68 69 71 72 73 74 75 76 77 79 80 81 82 84 85 89 90 92 93 95 98 100 101 102 103 105 107 108 109 111 112 113 114 116 118 119 120 121 123 125 126 127 129 131 133 134 135 138 139 140 142 143 144 145 146 147 148 149 150 151 152 154 160 161 163 164 165 167 168 170 171 173 176 178 179 180 184 188 190 194 195 197 200 201 202 203 204 206 207 208 212 213 215 216 218 220 222 223 224 225 228 230 231 232 233 235 236 237 239 240 241 242 243 244 246 247 248 249 250 251 253 254 255 256 257 258 259 262 264 265 266 267 269 271 275 276 283 284 287 288 289 291 293 294 295 297 298 301 302 304 305 306 307 308 309 313 314 315 316 318 319 320 321 322 324 325 329 330 331 332 333 334 335 336 337 338 340 342 344 345 346 347 348 350 352 353 354 355 357 358 361 365 367 368 369 374 381 383 384 385 388 390 392 393 394 396 397 398 400 401 405 406 408 409 413 414 415 418 419 426 427 428 429 430 432 434 435 437 438 439 441 442 443 446 448 450 455 456 458 464 467 469 471 473 474 475 477 480 482 483 485 486 489 491 492 493 494 496 497 498 499 500 502 503 504 506 507 508 510 511 514 516 517 520 523 525 527 528 532 534 535 538 539 540 541 542 543 544 545 547 549 550 551 552 554 555 556 559 561 563 565 566 567 570 572 575 576 578 581 582 583 584 585 587 588 589 590 591 592 598 599 600 605 607 608 611 614 616 617 619 620 621 625 626 627 629 631 632 633 634 639 640 641 642 643 644 645 646 647 648 651 652 654 657 659 661 662 664 665 667 669 670 673 674 677 680 681 683 684 685 688 689 690 691 692 693 695 698 699 701 702 704 705 706 707 709 711 712 715 717 718 719 721 722 723 727 728 729 731 732 734 738 739 740 741 742 743 745 746 747 749 751 756 757 758 759 760 762 763 764 767 770 773 774 775 776 778 780 781 783 785 786 787 788 789 791 796 797 799 800 801 802 803 805 807 810 811 812 813 814 815 816 819 820 821 825 827 828 831 832 833 834 836 837 838 839 840 841 845 846 847 849 850 851 852 853 854 855 856 860 861 863 865 866 868 872 874 876 877 878 879 881 885 886 888 891 892 893 894 898 899 902 903 904 906 907 909 910 911 912 914 916 919 922 924 925 928 930 931 933 937 938 942 943 944 945 949 951 952 953 958 959 960 961 963 964 966 971 973 974 977 978 980 982 983 984 987 988 989 990 992 994 995 996 1000 1002 1003 1004 1007 1009 1011 1012 1014 1015 1016 1020 1021 1022 1023 1024 1025 1026 1027 1028 1029 1032 1033 1035 1037 1040 1041 1042 1043 1045 1046 1050 1051 1052 1053 1054 1058 1060 1061 1062 1064 1065 1066 1069 1074 1075 1076 1078 1079 1080 1081 1083 1085 1086 1089 1090 1091 1092 1093 1094 1095 1096 1097 1098 1101 1103 1104 1105 1108 1110 1111 1112 1113 1115 1116 1117 1119 1120 1121 1122 1124 1125 1128 1130 1131 1132 1133 1134 1136 1137 1140 1142 1146 1147 1148 1149 1153 1154 1156 1157 1160 1161 1164 1165 1166 1167 1168 1169 1170 1172 1174 1176 1177 1179 1180 1181 1183 1184 1185 1186 1187 1188 1189 1194 1195 1197 1198 1199 1202 1204 1205 1210 1211 1215 1216 1217 1220 1221 1222 1223 1224 1226 1228 1229 1232 1233 1234 1235 1237 1238 1240 1241 1242 1243 1244 1245 1247 1248 1249 1250 1253 1255 1258 1260 1262 1263 1264 1267 1268 1269 1272 1273 1274 1275 1276 1279 1280 1282 1283 1284 1286 1287 1288 1289 1290 1291 1295 1297 1302 1303 1304 1305 1306 1307 1308 1309 1312 1313 1314 1317 1318 1320 1322 1323 1324 1328 1329 1331 1333 1334 1335 1336 1337 1338 1339 1340 1341 1342 1343 1344 1348 1349 1352 1353 1354 1356 1357 1358 1359 1360 1361 1362 1364 1365 1368 1369 1372 1373 1374 1375 1376 1381 1382 1384 1386 1387 1389 1390 1391 1392 1393 1394 1395 1397 1398 1399 1400 1401 1405 1408 1410 1414 1415 1416 1417 1419 1420 1421 1423 1424 1425 1426 1428 1429 1430 1431 1432 
890: 1 3 4 5 7 9 10 11 12 13 15 16 17 18 19 20 25 26 28 29 33 34 35 36 37 38 39 41 43 44 45 48 49 50 51 55 57 58 59 61 63 64 65 66 70 71 76 77 79 80 81 82 83 84 86 87 88 89 90 91 93 94 96 97 98 99 100 101 102 103 105 111 113 116 118 119 120 122 123 124 125 127 130 131 132 133 135 138 139 140 141 143 144 147 148 150 154 155 156 157 158 159 160 163 165 166 170 171 172 174 175 176 177 178 179 180 181 182 183 184 186 187 188 189 191 192 193 195 196 197 198 201 204 206 207 208 210 211 212 218 219 220 222 223 224 226 227 229 230 232 236 238 247 248 249 252 253 254 255 256 258 259 260 261 262 266 268 269 270 271 272 273 274 275 280 284 285 286 287 290 291 294 296 299 300 301 302 303 306 307 308 309 311 313 314 317 318 319 323 324 326 327 331 334 336 339 340 341 342 343 347 349 351 353 357 358 359 361 362 363 365 366 367 368 369 370 372 374 376 377 378 382 386 390 391 393 394 395 396 397 404 405 406 408 409 410 411 412 414 415 418 419 421 422 423 425 426 428 433 434 435 438 439 440 442 444 447 448 449 450 451 452 453 454 455 456 459 460 462 464 466 468 469 471 472 475 476 480 483 484 489 494 495 496 497 498 499 501 503 504 507 508 509 510 512 513 514 516 517 519 522 526 528 530 532 535 536 537 538 539 540 542 545 547 548 551 552 554 555 557 558 560 561 562 563 565 566 567 569 570 571 572 573 575 576 577 578 579 580 581 582 583 585 586 587 588 589 590 591 592 594 595 599 600 604 605 606 607 611 612 613 617 618 619 620 621 622 623 624 625 627 628 629 630 631 632 633 634 640 641 642 646 648 649 650 651 654 655 656 657 658 661 662 664 665 666 667 668 669 672 674 677 679 680 682 684 685 687 688 689 690 691 692 693 694 695 696 697 702 703 704 705 708 709 711 712 713 715 717 720 721 722 723 724 725 726 727 728 729 730 732 735 738 740 742 743 744 745 746 747 748 749 750 751 753 754 755 757 759 760 762 763 764 767 768 769 771 772 773 774 775 776 777 778 784 786 787 788 789 792 794 796 798 801 802 803 805 807 808 810 812 814 815 816 817 820 822 824 825 828 829 830 832 833 836 837 838 839 840 843 846 847 848 849 850 851 852 853 854 857 858 859 860 862 864 865 866 867 868 869 870 871 873 874 879 880 882 884 887 888 889 890 893 894 895 898 900 901 903 904 906 907 908 909 910 914 915 916 918 919 920 922 923 924 926 927 928 929 930 932 933 934 935 936 937 938 940 941 943 944 946 947 948 949 951 952 953 955 956 957 958 961 963 964 965 967 969 970 971 972 973 976 979 980 982 983 984 987 988 990 991 992 993 996 997 998 999 1001 1003 1004 1005 1006 1007 1009 1010 1011 1013 1014 1015 1016 1017 1018 1019 1023 1026 1027 1029 1030 1031 1032 1033 1034 1035 1036 1037 1040 1043 1045 1047 1050 1051 1056 1058 1059 1060 1061 1062 1064 1065 1066 1067 1068 1070 1071 1072 1073 1074 1075 1077 1078 1084 1085 1091 1092 1094 1095 1096 1098 1101 1105 1106 1107 1111 1113 1114 1116 1117 1118 1119 1120 1121 1122 1123 1124 1125 1128 1129 1130 1131 1133 1135 1136 1137 1140 1141 1142 1143 1145 1146 1147 1148 1149 1152 1154 1155 1156 1157 1158 1159 1160 1165 1167 1169 1170 1172 1174 1175 1176 1178 1182 1183 1184 1186 1188 1189 1190 1193 1194 1195 1196 1197 1199 1200 1203 1204 1206 1208 1210 1211 1213 1214 1215 1216 1217 1218 1219 1220 1222 1223 1224 1225 1226 1228 1230 1231 1233 1234 1237 1238 1239 1245 1246 1247 1248 1252 1253 1254 1255 1256 1257 1258 1261 1263 1264 1265 1266 1267 1270 1271 1272 1273 1275 1278 1279 1282 1287 1288 1289 1290 1291 1292 1293 1295 1296 1297 1298 1299 1300 1305 1307 1311 1312 1313 1314 1317 1318 1319 1320 1324 1327 1328 1331 1332 1333 1335 1336 1339 1340 1342 1345 1346 1349 1350 1352 1353 1356 1357 1358 1363 1364 1365 1367 1368 1370 1371 1374 1376 1379 1382 1384 1385 1387 1388 1389 1390 1391 1392 1393 1394 1395 1397 1400 1401 1402 1405 1406 1407 1408 1409 1411 1412 1413 1418 1420 1422 1424 1426 1428 1431 1432 
861: 0 3 5 6 7 8 9 10 11 12 15 16 17 20 22 24 25 26 27 28 30 32 39 40 41 42 43 44 45 46 48 50 52 55 57 58 60 62 64 65 68 69 70 71 75 77 79 80 83 84 85 87 90 91 94 98 102 105 107 108 109 110 111 114 116 117 119 125 129 130 131 133 134 136 140 141 142 144 145 148 149 151 153 155 156 157 158 160 161 163 164 167 168 171 172 174 175 178 180 181 184 185 186 187 188 190 191 193 194 197 198 199 200 201 202 206 212 214 215 216 218 219 221 222 223 225 227 228 230 233 234 235 236 237 238 239 240 241 243 244 247 248 249 252 253 254 256 257 262 263 264 265 268 269 271 273 274 275 276 277 279 281 282 283 284 285 286 288 291 295 297 298 300 301 302 303 306 309 310 312 315 316 317 318 319 321 322 323 324 325 326 330 331 333 334 338 339 343 345 346 347 348 349 350 351 352 355 357 359 360 362 364 365 366 367 368 370 371 372 377 378 380 382 383 384 390 391 393 396 399 400 401 404 408 410 412 413 417 420 421 422 424 427 429 431 432 433 434 435 436 437 438 440 441 442 443 445 446 447 448 449 451 452 453 454 455 456 457 460 462 463 465 466 468 470 472 473 475 477 479 480 481 483 484 485 486 487 488 489 490 492 493 494 496 497 498 499 501 502 503 505 506 507 511 514 516 517 518 520 522 524 525 526 529 530 531 532 533 534 535 536 538 539 540 542 543 544 545 546 547 549 550 552 553 556 557 559 560 561 564 566 567 568 569 572 576 577 578 580 582 583 584 586 588 591 592 593 594 596 598 599 600 601 603 604 606 609 610 611 615 616 617 618 619 620 621 624 625 626 627 628 629 631 633 634 635 640 641 642 646 647 651 652 653 654 655 656 657 659 660 661 664 669 670 671 672 676 677 679 681 684 685 687 690 691 692 693 695 697 698 699 700 701 705 706 709 711 712 713 714 715 719 720 722 723 724 725 726 727 730 731 734 735 737 738 742 743 744 745 746 747 748 749 750 751 752 753 756 757 758 760 762 766 767 768 770 773 774 775 776 777 778 780 782 784 787 791 793 795 796 797 799 800 801 803 804 808 809 811 812 813 814 818 819 820 821 824 828 832 833 834 836 837 838 839 840 843 844 845 846 849 850 851 852 853 854 856 857 859 861 862 863 864 865 869 870 871 872 873 875 877 880 881 883 885 886 888 889 890 891 892 893 894 896 897 898 900 904 906 909 910 911 913 918 920 923 924 926 927 928 929 930 931 934 936 937 938 939 941 943 944 945 946 947 948 950 951 952 953 954 955 957 961 962 964 967 968 969 971 973 974 975 977 980 981 983 984 985 986 987 989 990 992 993 994 995 996 997 1000 1001 1005 1006 1011 1012 1014 1019 1020 1021 1022 1023 1024 1025 1026 1028 1029 1034 1035 1036 1037 1038 1039 1041 1042 1044 1046 1049 1052 1053 1054 1055 1056 1058 1059 1060 1062 1063 1064 1067 1068 1069 1070 1071 1073 1076 1077 1078 1079 1082 1084 1086 1089 1094 1095 1096 1097 1100 1101 1103 1105 1108 1112 1114 1115 1116 1118 1119 1120 1121 1125 1127 1129 1131 1134 1135 1136 1137 1138 1143 1144 1146 1150 1152 1153 1154 1155 1157 1158 1159 1161 1165 1166 1167 1171 1172 1174 1175 1177 1178 1179 1185 1186 1187 1188 1189 1190 1191 1192 1193 1194 1195 1197 1198 1201 1202 1203 1204 1205 1207 1208 1211 1212 1216 1217 1218 1219 1222 1225 1226 1228 1231 1232 1235 1236 1237 1238 1241 1242 1244 1246 1248 1249 1250 1251 1252 1254 1255 1256 1258 1259 1261 1262 1263 1265 1266 1267 1271 1272 1276 1278 1279 1280 1281 1282 1283 1285 1286 1288 1289 1290 1292 1293 1295 1298 1300 1301 1302 1306 1308 1309 1311 1312 1313 1314 1319 1320 1321 1330 1332 1333 1334 1335 1337 1339 1340 1341 1342 1348 1351 1352 1353 1354 1355 1356 1358 1360 1361 1363 1364 1366 1368 1369 1370 1371 1372 1373 1375 1377 1378 1382 1384 1385 1391 1392 1393 1394 1395 1396 1397 1398 1399 1401 1402 1403 1404 1405 1406 1407 1409 1410 1411 1413 1418 1419 1420 1423 1425 1426 1427 1428 1429 1430 
877: 0 1 3 4 7 8 11 13 14 15 16 18 21 23 24 25 26 28 30 31 32 36 38 39 40 41 42 43 44 45 46 47 50 52 53 54 55 56 60 61 63 64 65 66 67 68 69 71 72 74 75 78 79 82 83 84 85 86 89 90 91 94 96 97 100 102 106 107 111 112 113 114 116 117 118 121 122 123 124 126 127 128 130 133 135 136 137 138 141 143 145 146 147 148 149 151 152 153 154 156 158 159 160 162 163 164 166 169 170 172 173 174 176 177 181 184 185 187 188 191 192 194 195 196 197 198 200 201 202 203 204 205 206 207 209 210 212 213 214 215 217 218 220 221 222 223 224 225 226 230 232 233 234 237 238 240 241 243 244 245 246 247 250 252 253 254 257 259 260 262 263 266 267 269 270 272 274 275 277 278 280 281 284 286 288 290 292 295 296 297 304 305 308 313 317 320 322 324 325 326 327 328 330 332 335 339 340 342 343 346 347 348 351 352 353 355 358 359 360 363 369 370 372 374 376 380 381 383 385 386 389 391 393 394 395 397 399 400 401 402 403 404 405 406 407 409 410 411 413 414 415 416 417 418 420 421 422 423 425 426 428 429 430 432 435 436 437 438 439 440 442 443 444 445 446 448 450 452 453 455 458 460 464 465 466 468 470 471 472 475 476 477 479 480 481 482 483 484 485 486 488 492 493 495 496 497 498 499 500 501 502 503 504 505 507 508 510 514 515 517 521 522 523 525 527 528 529 530 531 532 533 534 536 537 539 540 542 543 544 548 549 551 552 554 555 557 558 559 561 567 568 571 574 575 577 578 579 582 583 586 587 588 589 590 592 593 594 595 596 598 599 603 605 606 607 609 611 612 614 618 619 620 621 622 624 625 626 627 628 629 630 631 632 633 634 636 640 641 643 644 645 648 649 650 652 653 655 656 657 659 661 662 663 665 668 670 671 672 673 676 677 678 679 680 681 683 684 685 686 689 691 692 694 695 696 697 698 700 702 704 705 706 707 709 711 714 718 720 722 723 724 727 728 729 731 735 736 737 739 741 743 744 745 748 750 751 752 753 755 756 759 760 762 763 764 765 767 771 772 774 776 777 778 781 782 787 789 792 794 797 798 799 800 801 802 803 804 809 810 811 812 813 814 815 816 817 818 821 822 823 825 826 827 833 835 836 837 840 842 845 846 847 848 849 850 851 852 853 855 856 857 858 860 861 862 864 865 866 870 871 875 877 879 880 881 883 884 885 886 887 888 889 890 891 894 896 897 898 901 902 903 905 907 908 909 910 911 912 913 914 917 920 921 923 927 929 931 932 934 935 937 939 941 942 943 944 947 949 950 951 953 954 955 957 960 961 962 963 965 966 967 968 969 972 973 976 978 979 983 984 985 986 987 988 989 993 996 998 999 1000 1001 1002 1003 1006 1008 1009 1011 1014 1017 1019 1028 1029 1031 1032 1033 1034 1035 1036 1037 1038 1040 1042 1043 1045 1049 1050 1052 1053 1054 1055 1058 1061 1063 1064 1065 1066 1067 1068 1070 1071 1072 1073 1075 1076 1077 1078 1080 1082 1083 1085 1087 1089 1091 1097 1098 1100 1102 1103 1104 1106 1108 1110 1111 1112 1113 1114 1117 1118 1120 1123 1124 1126 1127 1128 1129 1130 1134 1135 1137 1139 1141 1142 1143 1144 1146 1148 1155 1156 1157 1158 1159 1160 1161 1163 1164 1166 1167 1171 1172 1173 1174 1175 1177 1178 1180 1181 1184 1188 1189 1190 1191 1193 1194 1197 1198 1201 1203 1205 1208 1209 1210 1211 1213 1215 1217 1219 1220 1221 1222 1226 1227 1230 1234 1235 1236 1237 1240 1242 1243 1244 1245 1246 1247 1248 1250 1251 1252 1254 1255 1256 1258 1260 1262 1263 1265 1267 1268 1269 1270 1271 1273 1275 1276 1277 1278 1281 1284 1285 1289 1291 1292 1293 1294 1297 1298 1302 1303 1304 1305 1309 1310 1311 1312 1313 1314 1316 1318 1320 1323 1324 1325 1326 1328 1329 1330 1331 1333 1334 1335 1336 1338 1340 1341 1342 1343 1344 1346 1347 1348 1349 1351 1352 1353 1354 1355 1356 1358 1361 1362 1364 1365 1366 1367 1369 1370 1373 1374 1375 1377 1378 1383 1384 1390 1392 1393 1396 1397 1402 1403 1404 1406 1407 1408 1410 1411 1414 1415 1416 1417 1418 1420 1421 1422 1423 1425 1429 1431 
855: 1 4 5 6 7 10 12 15 16 18 21 22 24 25 26 27 29 31 32 36 37 38 39 40 41 42 44 46 48 51 53 57 58 62 63 64 66 67 69 70 71 72 73 74 75 76 79 81 83 84 85 89 90 93 97 100 101 102 103 104 105 107 108 109 112 113 115 117 119 120 121 122 124 125 126 127 128 130 132 133 134 135 136 137 138 140 141 143 146 148 149 150 151 152 153 158 159 160 162 164 165 166 167 168 170 171 172 174 175 176 177 180 181 185 187 190 193 194 195 197 198 200 201 202 204 208 210 213 214 216 218 219 221 222 223 224 226 227 228 229 230 231 232 233 234 235 236 237 238 239 240 241 244 246 247 250 251 254 255 257 260 263 264 266 267 269 270 271 272 273 274 275 276 277 279 281 282 284 285 286 287 291 292 295 297 302 303 304 305 306 307 308 309 310 311 313 314 316 317 318 319 320 322 325 327 328 330 331 332 335 336 337 339 340 341 342 344 346 348 349 351 353 354 355 356 358 359 360 363 364 365 367 369 370 371 372 374 375 376 378 381 382 384 385 387 388 389 394 395 397 398 399 400 401 403 404 405 406 407 409 410 411 412 414 415 418 419 420 422 424 432 433 440 441 442 443 446 448 449 451 452 453 454 458 459 460 463 465 467 468 469 470 471 473 476 477 479 483 484 487 489 492 498 502 507 509 510 511 512 515 516 517 519 520 521 522 523 527 530 531 532 534 535 536 537 538 539 542 543 544 546 548 549 550 551 552 553 554 559 560 561 562 564 565 566 568 570 572 573 578 579 581 582 585 587 588 590 591 595 596 598 599 601 603 604 605 606 608 609 611 614 615 617 618 619 622 628 631 632 633 634 635 636 637 638 639 641 643 644 645 646 647 648 649 651 652 653 654 657 660 661 662 664 667 670 671 673 674 675 676 678 679 680 681 682 683 684 686 687 688 689 691 692 694 696 697 700 704 706 707 708 709 710 711 712 715 717 721 722 723 724 729 730 731 732 735 737 738 739 740 742 745 746 747 750 751 752 754 755 756 757 758 761 762 763 765 766 767 769 770 771 774 775 777 778 779 781 783 785 787 788 790 791 792 793 795 796 797 798 801 802 804 805 806 807 809 811 813 815 817 819 820 821 823 824 826 827 828 832 833 834 835 837 838 839 840 841 842 843 844 845 846 847 850 851 853 855 856 858 860 865 866 867 868 869 873 874 876 885 887 889 892 894 896 899 900 901 902 904 905 909 910 912 913 916 919 922 923 925 926 927 929 930 932 933 934 935 936 938 939 940 942 943 944 946 947 949 950 951 952 953 955 956 957 958 959 960 963 964 965 968 969 970 971 972 974 976 977 979 980 981 982 984 985 986 989 991 992 993 994 995 996 998 1000 1004 1005 1006 1009 1011 1012 1013 1014 1015 1017 1019 1020 1021 1022 1023 1024 1025 1028 1029 1030 1031 1033 1035 1036 1037 1039 1041 1042 1043 1044 1046 1047 1050 1052 1053 1054 1057 1058 1059 1061 1062 1064 1067 1071 1072 1075 1079 1082 1084 1085 1087 1090 1091 1093 1094 1096 1098 1099 1102 1103 1104 1105 1106 1108 1109 1112 1113 1114 1115 1116 1117 1119 1120 1129 1130 1136 1138 1140 1145 1146 1147 1148 1149 1151 1152 1156 1158 1159 1161 1163 1164 1167 1168 1169 1170 1171 1173 1174 1176 1177 1179 1180 1182 1183 1185 1186 1187 1189 1190 1193 1194 1195 1198 1199 1200 1201 1207 1208 1212 1214 1215 1219 1225 1226 1227 1228 1231 1235 1236 1241 1243 1244 1245 1246 1248 1251 1257 1258 1260 1263 1264 1265 1266 1267 1269 1270 1271 1273 1274 1276 1277 1278 1280 1282 1283 1284 1287 1288 1290 1291 1292 1296 1297 1299 1302 1303 1305 1309 1310 1313 1314 1315 1317 1320 1321 1322 1324 1325 1326 1327 1329 1332 1333 1334 1335 1336 1338 1343 1344 1345 1348 1349 1350 1352 1353 1354 1355 1356 1357 1358 1359 1360 1364 1365 1366 1367 1369 1370 1372 1373 1374 1375 1376 1377 1378 1379 1380 1382 1386 1388 1395 1397 1399 1400 1401 1402 1403 1404 1407 1409 1411 1413 1414 1419 1420 1422 1423 1424 1425 1426 1429 
841: 0 1 4 5 8 10 15 16 17 18 20 23 24 26 27 29 30 31 33 34 38 39 40 41 47 49 50 51 55 56 57 58 59 61 62 63 65 66 67 68 69 71 75 77 78 79 80 82 83 85 86 87 91 93 95 98 100 103 106 108 114 116 118 119 120 121 123 124 126 127 129 131 133 134 135 137 138 139 140 141 143 145 146 147 151 152 153 154 155 156 158 160 161 163 164 166 167 169 170 172 173 175 177 178 181 182 185 186 188 191 193 196 197 198 199 200 204 205 206 208 209 211 212 213 216 218 219 222 223 224 227 228 229 230 233 235 236 237 238 239 240 242 244 246 247 248 250 253 254 259 260 261 263 266 268 269 270 271 272 273 274 275 276 277 280 281 282 283 284 286 289 291 293 294 296 297 298 300 304 306 307 309 310 311 312 313 314 315 316 317 318 319 321 322 325 331 332 334 336 338 339 344 346 347 349 352 353 359 360 361 362 364 365 367 369 372 373 378 380 381 382 383 384 385 387 388 391 392 394 395 398 399 400 401 402 405 406 411 412 413 414 416 417 418 419 420 421 422 423 424 425 426 427 428 429 430 431 432 434 435 436 437 438 439 440 441 442 446 448 451 452 454 455 456 458 460 462 463 464 466 467 468 469 471 472 473 474 476 477 479 480 481 482 483 484 486 487 488 489 490 491 492 493 496 497 501 502 505 506 507 509 510 511 513 515 517 518 519 520 523 524 526 528 531 532 534 537 540 541 542 544 545 546 549 551 552 553 555 556 558 560 561 562 563 564 565 566 567 570 571 572 573 574 575 576 578 579 585 586 587 594 595 598 600 603 604 605 606 608 609 610 612 613 614 615 616 618 619 621 623 624 625 626 630 631 632 634 635 637 638 639 640 642 643 644 645 646 647 648 649 653 655 656 658 660 661 662 663 664 666 667 668 671 672 674 675 676 677 680 682 684 686 687 689 691 693 695 697 699 700 701 702 703 706 711 713 716 717 718 719 720 721 723 724 726 727 728 729 730 731 732 736 742 744 745 747 749 750 753 755 756 757 758 759 760 761 764 765 766 767 768 770 773 774 775 776 777 781 782 784 786 789 792 793 794 795 797 798 799 803 804 805 806 808 811 813 815 816 820 821 823 824 825 828 829 833 834 835 836 837 840 841 842 843 844 846 847 848 849 850 853 855 856 857 863 865 866 869 870 871 872 875 876 877 880 882 884 885 886 887 888 890 892 895 896 897 898 899 900 901 902 907 908 911 913 914 915 916 918 926 928 929 932 935 936 937 939 941 942 946 947 949 950 952 955 956 958 959 962 963 965 967 968 969 974 975 977 978 979 980 981 984 985 986 988 990 993 994 997 998 1000 1001 1005 1007 1008 1009 1010 1011 1020 1021 1022 1024 1025 1026 1027 1028 1029 1031 1032 1034 1035 1040 1041 1042 1043 1044 1045 1046 1047 1048 1050 1053 1058 1061 1062 1063 1065 1068 1072 1076 1078 1079 1083 1084 1085 1086 1088 1089 1091 1093 1095 1098 1099 1100 1101 1102 1103 1104 1106 1107 1108 1110 1111 1115 1118 1122 1125 1126 1128 1129 1130 1134 1135 1136 1137 1138 1139 1142 1143 1144 1145 1146 1147 1149 1152 1153 1156 1158 1160 1161 1162 1165 1167 1169 1170 1171 1172 1173 1175 1176 1178 1179 1180 1181 1182 1183 1186 1188 1191 1192 1194 1195 1196 1197 1198 1201 1203 1205 1207 1212 1213 1214 1215 1216 1217 1218 1219 1220 1221 1222 1224 1225 1226 1231 1233 1235 1237 1238 1239 1240 1245 1247 1250 1252 1253 1255 1257 1259 1260 1264 1266 1268 1269 1271 1275 1276 1277 1278 1280 1282 1286 1288 1289 1291 1293 1294 1296 1297 1298 1300 1301 1302 1305 1308 1309 1312 1313 1314 1315 1316 1317 1318 1319 1320 1321 1323 1326 1327 1328 1329 1330 1331 1332 1334 1335 1336 1338 1339 1340 1341 1344 1345 1347 1350 1354 1355 1357 1358 1360 1362 1363 1364 1366 1368 1371 1374 1376 1377 1378 1379 1380 1381 1384 1390 1393 1395 1399 1402 1405 1407 1413 1415 1416 1417 1418 1420 1422 1425 1429 1431 1432 
883: 0 1 2 3 4 5 7 8 9 10 11 13 14 15 16 18 21 24 25 26 28 29 30 31 32 36 38 39 41 42 46 47 50 51 52 53 54 55 57 58 59 60 62 63 64 65 66 68 70 72 73 76 77 78 79 81 82 83 85 86 90 91 93 94 96 97 98 99 100 101 102 103 104 105 107 108 109 111 112 113 114 115 118 119 124 127 128 130 131 132 134 136 137 138 139 140 142 144 147 148 150 151 153 154 155 157 159 160 162 164 165 168 169 174 175 177 178 179 180 183 185 187 188 194 196 197 199 200 201 202 205 208 209 211 212 215 216 217 219 222 223 225 227 231 232 233 235 236 237 238 240 243 245 246 248 249 252 254 256 258 260 262 263 265 266 268 269 271 273 275 276 277 280 284 285 290 292 293 296 297 300 306 309 310 311 312 313 314 315 317 319 320 321 322 323 325 327 329 330 331 333 334 335 336 337 340 341 343 344 345 347 349 350 351 353 354 355 356 358 361 362 363 364 365 366 367 368 370 372 375 376 379 382 383 384 386 387 389 393 396 397 398 401 402 406 408 409 411 413 414 418 420 421 422 423 424 425 426 427 429 430 431 432 433 435 436 438 440 441 443 444 446 454 455 456 457 458 459 460 461 462 463 465 466 468 469 470 471 472 474 475 477 478 479 480 481 483 484 485 487 490 491 492 494 500 502 504 506 507 511 513 514 516 517 518 519 520 523 525 527 529 532 533 534 535 536 537 540 541 542 543 545 546 547 548 549 550 551 552 553 555 556 558 562 565 567 568 569 570 571 572 574 576 577 579 580 582 584 585 586 587 588 589 590 591 592 593 594 595 596 597 598 599 600 602 605 608 609 612 613 614 616 617 619 620 622 623 626 628 632 633 634 635 638 640 643 644 646 648 649 651 652 654 657 658 659 661 663 665 666 667 670 671 673 675 676 677 680 681 682 685 686 687 689 691 692 693 694 695 696 698 699 701 705 706 709 711 713 716 717 718 719 720 722 723 724 725 726 729 730 732 734 735 741 742 744 746 748 751 752 754 755 757 758 759 761 762 763 767 773 779 780 781 782 784 785 787 788 789 790 791 793 796 798 799 800 802 803 805 806 808 809 811 812 814 815 817 818 822 823 824 825 826 827 828 830 831 833 834 835 838 840 841 842 844 845 846 848 851 852 854 855 856 857 858 859 865 866 867 869 870 871 873 875 876 877 880 883 886 888 889 890 891 893 895 899 900 901 904 905 906 909 911 912 915 919 920 921 924 925 926 927 928 929 930 934 935 936 937 938 939 941 942 944 946 947 948 950 951 953 954 956 957 961 962 964 965 966 967 968 969 970 972 975 976 977 979 980 982 983 985 987 988 991 993 994 995 996 997 998 999 1000 1002 1003 1005 1006 1008 1009 1011 1015 1016 1020 1023 1026 1027 1028 1029 1030 1032 1034 1035 1036 1039 1040 1041 1043 1045 1046 1047 1049 1050 1051 1052 1053 1054 1056 1057 1058 1059 1060 1061 1063 1064 1065 1067 1068 1069 1070 1072 1073 1074 1075 1076 1078 1081 1082 1086 1087 1091 1092 1093 1094 1097 1100 1102 1103 1106 1107 1108 1110 1111 1113 1116 1118 1120 1121 1122 1123 1124 1125 1126 1127 1129 1131 1134 1136 1138 1139 1140 1143 1144 1145 1146 1147 1148 1150 1151 1152 1153 1155 1156 1157 1158 1160 1161 1162 1164 1165 1166 1167 1168 1169 1171 1172 1173 1177 1178 1179 1180 1181 1182 1183 1184 1185 1186 1187 1189 1191 1194 1195 1196 1197 1198 1201 1204 1205 1208 1209 1210 1212 1214 1215 1217 1219 1222 1224 1225 1227 1229 1231 1232 1233 1237 1240 1241 1243 1247 1248 1249 1250 1251 1252 1253 1254 1255 1256 1257 1260 1261 1263 1264 1266 1268 1269 1272 1273 1274 1276 1277 1279 1280 1281 1283 1284 1285 1286 1288 1289 1291 1292 1293 1294 1296 1298 1299 1304 1307 1308 1309 1310 1313 1315 1316 1317 1319 1323 1324 1326 1327 1329 1330 1331 1332 1333 1336 1337 1338 1342 1343 1345 1346 1347 1348 1351 1354 1355 1359 1360 1361 1363 1364 1366 1367 1368 1370 1371 1372 1375 1377 1379 1380 1382 1384 1386 1388 1390 1391 1392 1397 1398 1400 1401 1402 1403 1404 1405 1406 1407 1408 1410 1411 1412 1414 1415 1416 1417 1419 1420 1422 1423 1424 1425 1428 
878: 0 1 3 6 7 9 10 11 15 16 18 19 21 23 24 25 28 30 32 37 38 39 41 42 43 44 46 47 48 49 50 51 53 54 55 56 58 60 62 64 65 66 67 71 75 76 78 83 84 86 87 88 89 90 93 94 95 99 100 103 104 106 107 109 111 112 113 114 115 116 117 118 121 122 127 128 129 131 133 135 136 137 139 142 143 145 147 149 150 151 152 153 154 156 158 159 161 163 164 167 169 170 171 173 174 179 180 182 185 186 187 190 191 198 199 200 206 207 209 210 211 212 217 218 221 222 225 226 227 228 229 230 231 232 234 236 237 239 240 241 245 248 249 251 252 256 257 260 261 262 264 265 266 269 270 275 277 278 279 281 282 283 284 287 288 290 294 296 297 298 299 300 301 302 303 304 305 306 308 312 313 314 316 317 318 319 321 322 324 325 326 327 328 329 332 333 335 336 339 340 342 343 344 345 347 349 353 355 356 357 358 359 361 362 363 364 366 368 369 370 371 374 375 377 378 379 380 382 383 386 388 392 393 397 398 400 407 408 412 413 414 416 417 418 419 421 422 423 424 425 427 428 429 431 436 438 440 442 443 444 445 446 447 448 449 450 453 455 459 463 464 466 467 469 470 471 474 475 476 477 478 482 485 487 489 490 491 492 493 495 496 497 498 499 500 502 503 505 506 510 511 515 517 519 520 528 529 530 531 533 535 536 537 541 542 543 544 547 548 549 550 552 553 555 557 559 560 561 562 565 566 567 568 569 570 571 572 574 576 577 578 580 586 587 588 589 590 591 592 593 596 598 599 600 601 602 603 604 605 606 607 608 609 611 612 615 616 619 623 624 626 627 628 630 631 632 633 634 637 639 640 641 642 643 645 646 648 649 651 652 653 654 655 656 658 659 662 663 664 665 666 667 669 673 675 676 677 678 680 681 682 683 684 685 686 687 689 691 692 695 696 697 701 705 709 710 711 712 713 715 716 717 723 724 725 731 732 734 735 736 737 738 740 741 744 745 746 747 748 752 753 755 756 757 758 759 760 761 763 765 767 768 769 770 771 774 775 777 779 781 783 787 789 790 791 794 795 796 799 801 802 803 804 805 806 807 808 809 810 811 812 814 816 818 819 820 822 823 826 827 828 830 832 833 834 835 836 841 846 849 851 852 855 857 860 861 863 864 865 866 867 869 870 873 875 877 878 879 880 881 882 884 885 886 887 888 890 892 893 895 896 897 901 902 905 907 908 910 911 912 915 917 922 923 924 925 926 927 928 929 932 933 936 937 939 941 942 943 945 946 947 949 950 953 955 956 957 960 961 963 964 965 967 971 972 973 975 976 977 978 979 985 987 988 991 992 993 994 999 1002 1006 1007 1008 1009 1010 1014 1016 1018 1019 1020 1021 1022 1023 1024 1025 1026 1028 1029 1030 1032 1034 1035 1036 1038 1039 1042 1043 1044 1045 1046 1049 1050 1051 1052 1055 1056 1059 1060 1061 1062 1063 1064 1065 1068 1069 1072 1076 1077 1078 1080 1081 1082 1083 1084 1087 1088 1091 1092 1094 1095 1097 1098 1099 1100 1101 1102 1103 1104 1105 1107 1109 1110 1111 1112 1113 1115 1116 1117 1118 1120 1122 1124 1125 1127 1130 1131 1132 1134 1135 1137 1138 1141 1142 1143 1146 1147 1149 1150 1151 1152 1153 1154 1155 1156 1157 1158 1159 1161 1162 1163 1164 1165 1166 1169 1170 1171 1172 1173 1174 1179 1181 1182 1183 1185 1187 1189 1190 1191 1193 1194 1195 1196 1197 1199 1200 1201 1202 1208 1209 1210 1211 1213 1214 1215 1216 1218 1219 1221 1222 1223 1224 1225 1226 1227 1229 1230 1231 1235 1238 1240 1241 1244 1245 1246 1248 1249 1250 1251 1252 1253 1254 1255 1259 1260 1261 1262 1263 1264 1265 1266 1269 1271 1275 1276 1277 1279 1280 1281 1282 1285 1287 1288 1290 1291 1293 1294 1295 1297 1298 1303 1305 1308 1309 1310 1311 1312 1314 1318 1319 1320 1322 1323 1327 1328 1329 1330 1332 1333 1334 1336 1338 1340 1341 1342 1343 1345 1346 1347 1348 1352 1353 1356 1357 1359 1361 1362 1364 1365 1366 1367 1368 1369 1370 1372 1373 1374 1375 1378 1380 1381 1383 1385 1387 1389 1391 1392 1398 1401 1402 1406 1407 1409 1411 1414 1416 1417 1418 1420 1421 1422 1424 1425 1426 1427 1428 1430 1431 1432 
Days = 28
Shift constraints
8 24
8 20
4 24
0 28
4 24
4 5
true
true
Forbidden sequences = 2
3 1 
2 3 

