# Randomly generated data for the integrated task scheduling and personnel rostering problem, skilling=0,600 and tightness=0,600 seed=141120
Tasks = 1468
664 719 21
455 576 16
823 914 16
812 886 4
456 513 26
602 711 25
505 644 13
450 524 0
914 987 16
820 937 1
648 712 20
727 803 9
606 671 22
826 877 25
465 537 15
647 721 15
591 680 15
563 610 10
502 549 0
450 577 4
826 900 2
597 648 4
601 668 24
600 722 18
1019 1092 26
585 712 18
814 873 26
451 546 8
586 700 26
466 569 23
922 1009 4
842 916 17
456 523 6
587 713 27
602 674 17
589 661 15
651 771 0
590 655 14
875 911 13
599 696 13
838 907 27
948 1041 27
455 516 0
618 724 8
810 893 23
565 608 10
586 704 10
592 642 17
713 790 26
824 893 10
941 972 24
586 645 17
671 775 4
591 686 3
595 640 13
629 684 3
817 898 23
1234 1305 17
622 723 17
461 547 9
587 687 19
725 802 27
469 547 9
462 607 11
810 879 27
622 656 12
632 731 9
709 785 10
814 872 2
610 726 8
589 716 16
452 545 13
473 562 26
753 803 20
811 922 6
450 532 15
658 704 12
588 670 25
546 665 13
835 922 15
675 771 22
527 648 24
460 534 19
909 984 2
507 609 23
557 689 13
957 1036 6
456 562 12
458 558 13
585 651 11
893 983 23
775 834 22
585 666 9
450 534 1
742 853 18
811 858 21
647 730 13
546 613 19
681 738 15
667 738 13
585 662 9
810 871 25
515 577 26
694 796 19
810 924 11
841 966 10
587 700 12
818 912 15
643 777 7
851 932 22
589 649 15
611 702 25
586 696 11
458 539 13
827 892 14
585 697 7
610 646 27
598 683 12
461 574 21
812 850 9
801 857 12
878 906 6
810 863 17
586 664 0
859 947 21
697 823 13
595 641 17
590 659 11
1149 1205 9
876 952 12
466 547 18
496 600 5
731 841 18
457 556 20
776 884 23
818 878 12
816 893 5
697 773 7
848 914 9
585 701 2
814 870 19
601 678 1
457 545 24
595 652 7
635 706 5
924 1013 11
533 612 15
738 791 13
790 897 24
810 938 22
452 529 12
475 554 6
585 656 13
587 706 8
811 907 5
600 730 25
534 661 1
821 874 19
895 968 4
588 699 25
828 927 10
609 715 16
822 867 19
460 565 16
658 736 4
548 665 8
804 911 27
681 770 25
843 905 20
686 817 10
587 669 21
813 863 26
865 979 8
816 931 19
644 758 20
508 551 14
450 544 24
948 1000 23
741 833 4
589 674 26
881 924 6
887 937 26
954 1034 22
628 695 20
606 712 11
601 683 0
672 772 8
718 795 11
540 621 15
667 722 0
811 939 9
669 755 24
620 723 12
707 764 21
978 1014 11
587 665 16
964 1083 26
812 854 23
700 761 7
456 560 18
454 525 8
461 588 19
454 581 8
451 508 25
608 681 22
594 657 18
629 739 15
727 838 16
451 506 1
823 900 26
592 709 8
810 937 8
723 788 5
1084 1177 4
663 739 15
511 605 25
867 988 21
893 928 2
856 918 23
827 870 21
779 881 25
965 1057 22
701 836 2
819 884 2
879 915 19
453 535 1
1022 1100 22
821 923 4
452 503 6
587 699 21
956 1032 21
772 889 8
1074 1139 22
475 530 10
589 643 6
585 710 9
814 913 17
929 1019 8
586 697 26
776 873 7
590 647 10
514 618 26
1014 1072 11
1024 1086 22
580 689 18
544 589 24
1072 1146 11
580 641 23
874 901 17
814 908 14
745 843 17
474 562 15
1007 1058 21
739 836 15
628 697 10
874 920 25
487 549 3
811 898 22
722 785 21
720 783 11
885 949 23
1067 1186 4
612 729 27
1030 1082 22
581 665 4
637 756 3
945 1026 15
926 1029 5
613 697 25
626 717 0
849 920 3
535 659 1
747 831 9
453 518 25
847 895 1
561 642 20
765 818 3
826 934 23
715 839 18
459 544 8
644 727 6
906 977 13
794 877 26
810 923 5
651 736 10
669 763 14
623 686 5
451 513 12
954 1049 12
516 552 14
611 675 11
814 918 27
504 572 18
815 892 25
843 912 4
619 688 23
979 1012 8
962 1027 15
885 974 16
817 926 5
569 647 15
663 727 9
592 727 16
459 585 0
922 1029 13
1144 1205 26
689 722 6
792 870 10
850 954 2
682 747 27
592 642 4
901 965 22
725 802 8
901 988 25
696 774 22
749 827 27
493 564 24
477 523 23
934 990 19
490 626 7
742 821 15
859 902 8
821 943 15
826 892 16
848 973 17
727 781 9
936 1018 4
758 819 9
578 687 12
606 652 4
655 778 15
700 808 25
577 664 21
766 837 21
870 933 19
1148 1203 11
450 541 18
708 778 1
871 927 26
474 538 0
617 726 22
933 1032 2
599 681 6
726 795 0
474 555 8
551 598 24
466 596 1
668 745 21
451 544 7
873 932 2
926 976 16
843 946 22
954 1003 18
496 580 20
524 595 15
701 787 12
507 547 25
1085 1162 26
622 705 7
1043 1118 15
1023 1104 10
707 846 8
723 776 18
969 1049 22
519 626 17
810 902 8
1003 1080 6
987 1077 2
1026 1076 16
497 592 26
958 1075 14
657 752 27
587 708 3
841 892 18
911 973 27
585 690 2
839 929 20
517 622 0
884 985 19
698 774 11
585 694 23
1035 1089 15
591 657 13
826 905 21
985 1065 23
746 821 15
541 637 18
1221 1305 12
615 735 27
894 1002 18
735 814 13
670 789 2
555 645 17
907 1004 5
643 674 4
630 716 22
718 791 0
1085 1207 16
515 562 21
1119 1173 15
663 795 17
655 706 17
605 674 1
994 1101 25
685 762 17
837 916 2
1005 1111 5
554 688 9
810 885 27
585 677 1
974 1037 10
1102 1186 25
858 898 14
458 579 16
720 800 8
1112 1211 5
672 710 23
909 967 21
922 1000 25
840 939 17
904 955 8
834 902 22
1012 1098 4
928 1003 5
647 685 17
908 991 17
488 563 3
833 957 0
811 899 14
516 641 1
1012 1101 17
787 853 11
697 775 11
922 990 14
725 817 12
844 925 16
891 952 18
1003 1108 25
592 632 3
657 726 24
606 699 24
1104 1219 21
544 635 8
493 569 23
570 667 20
822 914 3
594 667 19
807 944 8
568 643 13
812 860 2
816 939 1
683 798 1
663 756 11
497 583 6
932 977 10
905 982 11
642 732 1
818 914 3
676 738 11
819 886 11
617 696 21
837 936 4
660 714 1
904 990 22
901 1027 26
589 682 13
676 721 1
974 1044 3
820 920 26
521 591 12
1093 1186 3
928 979 5
919 978 27
784 833 27
816 878 19
543 590 13
1119 1188 15
917 1008 20
767 882 14
460 582 10
621 713 6
716 804 18
765 806 22
637 742 18
824 961 13
725 803 13
978 1036 27
591 681 24
571 642 16
975 1060 27
703 760 9
885 969 25
1196 1274 4
1218 1305 16
927 992 12
785 852 11
591 653 13
936 1003 14
732 834 26
797 876 0
700 778 0
798 866 17
839 916 12
922 1015 27
863 949 18
600 718 0
962 1003 1
624 686 6
859 946 11
795 933 21
917 1030 17
899 994 14
938 977 23
815 875 0
611 694 18
450 571 5
713 805 3
956 1092 8
693 791 2
982 1072 2
893 999 25
675 791 24
1042 1095 6
883 941 19
810 881 15
743 798 11
891 951 12
1030 1129 26
852 910 8
1211 1309 5
593 694 25
734 765 1
620 679 11
921 980 11
614 683 20
585 712 25
827 877 13
934 999 2
529 621 25
797 827 6
488 553 18
874 979 7
813 912 9
929 1009 12
794 933 12
632 735 19
452 517 4
956 1039 11
454 572 14
795 865 13
576 688 14
934 1072 12
835 919 6
755 820 19
673 784 1
835 970 21
1046 1111 27
739 854 16
999 1128 0
858 947 19
652 757 16
1040 1151 3
1210 1305 4
904 970 14
687 813 26
723 787 13
742 813 6
913 995 4
801 885 1
816 892 11
731 786 9
819 892 14
566 667 6
1056 1152 24
1096 1228 6
902 1001 21
583 651 16
921 1001 9
684 726 0
549 636 5
914 986 10
886 984 1
919 1004 21
1030 1134 7
605 678 6
1095 1177 2
658 719 13
1177 1295 15
1010 1041 18
836 901 26
972 1074 18
453 533 6
804 921 9
1109 1175 22
819 930 2
1099 1158 5
451 570 14
787 872 1
954 1068 2
659 759 15
833 948 1
1037 1097 27
659 755 11
827 952 6
661 735 23
697 829 10
646 705 3
951 1043 27
460 527 1
597 664 3
514 556 4
814 912 8
808 927 25
555 620 1
811 862 0
587 729 5
702 799 23
1024 1109 21
1077 1150 21
589 696 3
1022 1089 1
738 806 16
1076 1130 2
767 845 22
905 968 3
661 730 16
586 721 24
823 882 16
1188 1302 15
798 902 2
513 591 26
825 873 23
638 699 26
659 749 1
680 760 24
958 1069 6
1030 1104 17
771 825 17
554 676 7
517 630 4
925 1066 16
924 997 8
1066 1113 23
828 920 15
655 739 13
524 605 0
1203 1309 11
904 985 2
667 752 9
834 946 10
635 720 4
901 999 15
1158 1273 21
840 888 20
701 796 18
884 970 21
1176 1300 22
682 817 4
649 702 9
838 912 27
502 593 18
838 916 14
938 969 8
570 652 14
1018 1101 20
979 1043 21
528 649 13
839 915 11
982 1060 23
534 623 6
895 1003 14
1000 1050 2
837 909 15
805 865 3
891 938 13
455 508 27
1026 1059 14
565 605 9
652 742 13
766 868 16
602 684 4
550 639 6
845 896 10
970 1078 8
885 958 27
1066 1147 27
985 1080 5
818 881 5
988 1061 3
1089 1192 22
1189 1268 5
456 577 22
860 886 8
1186 1285 2
591 667 22
736 818 8
721 820 20
574 652 5
668 750 23
925 988 27
939 1047 18
865 948 13
768 821 15
575 657 0
1112 1214 8
979 1072 7
693 741 18
738 870 4
1002 1076 14
1080 1213 5
620 686 24
605 697 3
1021 1076 12
819 892 4
1230 1302 5
929 987 23
990 1061 2
847 887 21
683 718 24
566 634 26
886 969 16
561 638 14
938 1010 14
1093 1192 8
737 862 6
492 566 14
835 901 20
1004 1066 4
603 681 3
992 1074 19
643 724 20
691 732 27
481 616 22
831 878 9
923 991 2
1082 1198 19
627 715 23
648 697 26
704 781 9
806 900 19
1108 1198 17
594 642 23
839 875 12
882 985 17
743 808 5
830 894 18
587 656 11
607 639 0
664 800 10
463 545 24
575 646 14
949 1020 1
875 948 4
739 841 10
769 850 18
595 691 26
610 691 26
726 801 3
742 838 13
1060 1122 4
827 915 7
1008 1112 19
854 910 11
904 1008 9
638 684 8
476 544 23
624 733 25
876 943 12
732 779 24
653 756 14
1165 1261 21
580 689 16
703 789 17
955 998 7
862 920 9
687 787 22
1092 1143 18
538 600 8
780 916 24
849 930 10
756 858 11
1188 1233 25
682 781 11
1096 1150 22
643 782 9
790 906 22
1030 1117 25
734 847 16
710 819 26
812 874 13
917 989 2
997 1058 1
1003 1074 18
1003 1063 5
1106 1182 1
587 712 20
894 985 26
719 772 1
588 732 18
783 873 9
964 1069 8
624 708 15
1007 1122 3
1078 1132 8
943 1042 26
671 773 22
569 647 27
1059 1152 21
647 718 23
469 612 24
781 862 7
841 932 27
835 913 3
875 917 13
687 723 19
737 847 17
751 863 26
778 818 1
866 905 3
647 727 10
938 998 26
1053 1154 22
810 925 17
732 819 13
499 570 19
933 983 15
761 853 9
692 750 16
850 952 9
614 696 12
860 944 13
701 824 18
1194 1268 21
861 970 2
694 776 8
894 958 11
750 797 18
903 964 26
978 1069 25
726 828 13
727 842 1
1058 1155 27
921 1031 17
742 856 25
705 782 20
1022 1142 14
572 656 18
596 732 0
650 767 26
882 938 23
760 889 16
961 1076 23
765 818 23
967 1069 13
614 738 9
881 942 5
1032 1115 13
717 757 25
917 973 24
830 916 7
871 962 10
812 849 0
1027 1099 17
1172 1229 19
874 945 1
979 1122 20
658 712 26
688 770 14
907 992 27
753 817 21
1164 1228 20
1183 1307 1
851 939 15
624 671 20
888 934 18
679 790 17
803 926 23
654 758 20
898 947 16
800 840 14
1228 1296 3
788 852 0
823 943 1
702 759 26
1113 1232 25
937 1054 21
689 770 17
649 747 6
1179 1249 6
893 966 20
710 794 24
970 1072 10
878 942 0
765 869 3
927 1009 15
772 913 17
980 1071 16
465 558 7
929 996 11
814 902 5
597 679 4
966 1049 27
883 963 0
455 508 12
983 1052 2
1100 1166 17
708 816 25
849 900 4
1234 1298 14
1042 1143 21
668 735 10
705 778 20
748 833 10
969 1071 11
1133 1221 8
647 735 25
999 1067 8
945 1031 1
822 916 24
792 855 3
1084 1149 2
974 1066 26
826 897 3
662 724 18
874 963 9
926 1008 18
831 888 8
891 946 26
879 938 0
1136 1226 26
745 831 23
772 863 0
992 1072 16
1156 1221 22
822 912 15
632 712 3
1163 1224 14
838 888 11
795 900 1
1114 1172 23
998 1098 12
959 989 27
782 866 22
681 768 6
718 775 24
926 997 23
795 848 13
669 793 14
666 728 16
740 860 13
1126 1203 10
887 948 23
936 1031 7
563 647 23
913 996 20
789 881 10
921 992 13
738 831 25
941 1063 16
457 525 24
1051 1186 26
926 1023 17
1033 1099 26
900 970 4
809 884 25
784 865 12
940 1074 10
612 678 0
993 1065 10
890 949 8
576 692 12
629 691 10
879 958 3
831 911 18
730 819 20
1064 1128 14
989 1088 27
910 946 27
757 839 14
992 1102 14
1005 1039 15
904 971 8
731 820 12
665 741 23
1060 1180 2
1101 1199 27
957 1068 3
788 835 20
825 941 20
852 945 13
853 900 9
923 1033 13
921 1007 17
773 876 14
694 746 20
779 863 17
774 862 27
832 908 23
1195 1271 2
608 744 19
729 779 23
1145 1264 0
791 877 18
1034 1102 25
719 813 13
935 1035 19
953 989 15
510 639 24
532 608 24
858 935 25
829 929 25
1057 1117 21
1088 1197 27
953 1060 19
903 994 1
946 1021 0
944 1048 25
721 819 24
991 1072 2
1119 1192 1
1063 1153 19
1040 1151 15
1005 1070 15
810 917 1
720 807 24
568 613 4
726 802 26
643 716 7
841 914 7
1032 1139 1
639 732 0
1035 1131 19
1093 1144 13
606 671 8
1082 1172 12
918 1063 3
1101 1187 12
1199 1308 19
777 853 25
651 724 27
712 762 25
1053 1116 2
1204 1309 17
748 839 18
1016 1146 11
1081 1160 20
887 984 13
795 885 9
822 937 19
976 1024 7
891 947 10
974 1072 3
857 922 20
600 727 25
520 604 10
900 979 9
1162 1274 24
890 956 21
1023 1098 17
1198 1298 12
1002 1063 10
1056 1116 9
776 833 23
748 807 23
825 949 21
945 1070 11
1172 1305 26
920 1060 19
861 927 11
921 1045 23
518 586 12
1148 1182 27
848 946 16
912 979 8
711 837 11
1225 1271 9
780 857 15
775 889 22
1219 1307 2
675 728 0
1221 1307 8
1098 1201 17
763 817 20
653 771 7
1157 1243 20
814 866 23
636 737 24
981 1080 13
870 949 22
748 853 6
603 685 22
724 780 19
625 693 0
898 984 20
949 1054 11
683 744 3
964 1039 0
803 928 25
1181 1303 23
756 899 20
1073 1162 19
1199 1307 27
635 739 6
1176 1267 23
772 830 26
687 807 19
1231 1289 21
1188 1260 12
1221 1309 22
920 1058 24
491 592 5
1118 1253 23
813 916 25
1190 1286 13
792 887 19
706 828 7
985 1070 17
986 1071 9
1155 1193 25
1196 1289 2
839 908 23
1188 1271 27
683 794 21
565 687 8
1103 1187 10
882 982 17
696 809 10
762 836 25
886 927 18
797 870 8
1085 1137 3
729 785 16
773 839 7
1106 1193 16
1013 1074 7
795 876 2
669 745 4
839 934 25
770 836 24
581 691 14
1214 1301 11
1136 1187 19
1192 1268 6
1155 1253 19
598 667 12
672 745 12
726 800 12
633 701 26
705 755 8
1239 1307 25
1132 1275 14
1036 1100 1
1078 1172 14
963 1042 13
810 900 23
709 766 15
801 883 17
736 875 25
1234 1309 25
732 777 24
1254 1289 23
839 877 25
859 935 1
873 946 0
1203 1265 4
835 940 26
1182 1295 2
1191 1293 26
1197 1289 11
787 889 2
773 821 1
834 964 3
1226 1294 26
1001 1060 24
848 940 13
751 822 4
815 922 9
837 904 20
786 863 16
1042 1074 8
1231 1292 14
813 864 24
977 1045 9
816 893 17
972 1061 23
827 894 19
1155 1297 21
996 1073 15
992 1057 23
1083 1158 10
927 1004 17
701 755 3
781 887 24
869 952 26
805 870 21
1113 1170 1
692 812 26
751 808 5
774 872 26
1164 1302 21
995 1091 3
843 922 14
995 1050 20
898 1006 10
1173 1237 14
836 945 10
994 1029 27
992 1055 13
1125 1267 4
897 945 23
982 1074 11
1194 1286 16
1078 1149 5
869 965 12
683 797 7
742 832 18
1079 1182 23
1055 1160 0
1006 1065 20
1156 1282 15
1031 1071 27
721 842 22
1235 1308 19
1200 1279 4
926 1021 2
667 751 15
973 1063 25
1049 1157 23
1082 1145 21
822 922 12
873 942 17
1233 1288 8
654 760 5
1124 1197 2
816 865 18
662 744 4
869 934 18
1188 1262 10
886 947 9
1211 1266 17
818 876 18
834 894 20
851 943 22
743 811 0
831 940 12
778 853 14
945 1074 24
1115 1185 14
951 1047 27
864 944 15
956 1070 14
693 754 26
902 974 5
981 1063 8
815 875 7
848 937 4
752 817 12
1192 1309 8
942 1047 25
807 851 24
1038 1121 8
995 1070 1
749 825 6
880 1003 25
908 990 3
866 917 11
675 797 8
1089 1164 10
1210 1285 22
953 1055 4
1218 1288 2
826 914 17
946 1024 26
1242 1300 7
696 775 10
752 873 5
1021 1070 9
990 1052 11
946 1033 22
1212 1305 12
858 928 6
904 1000 8
832 923 26
1205 1280 25
880 949 14
860 915 0
738 776 0
858 916 27
1179 1307 19
1194 1306 27
1042 1074 5
805 846 8
1192 1306 14
779 827 14
743 887 7
990 1055 26
941 1024 6
917 960 11
777 839 21
822 863 1
922 1024 7
460 504 7
1151 1271 7
1100 1181 26
1180 1301 1
1229 1283 6
1199 1309 14
1155 1276 27
794 886 17
891 966 27
866 938 23
791 877 20
1014 1068 13
1107 1202 20
818 947 12
1183 1290 22
764 870 5
887 946 25
971 1056 22
795 851 7
1219 1270 27
1012 1074 15
1207 1301 23
832 949 18
841 915 11
1177 1233 3
818 891 9
883 988 21
871 949 8
885 931 26
797 928 6
1190 1307 10
1015 1102 2
845 901 0
748 806 10
1168 1261 14
896 932 19
827 947 4
924 1044 20
1197 1309 27
938 1024 19
1135 1182 8
972 1063 11
1040 1134 14
882 948 7
848 916 8
1082 1184 16
751 836 0
889 946 0
992 1048 9
1157 1282 1
752 887 15
812 861 21
1120 1218 2
603 706 20
776 818 0
821 925 6
863 972 16
971 1017 10
978 1073 16
874 946 5
1052 1142 0
915 976 26
768 884 8
705 748 7
922 1042 22
1204 1295 26
902 969 20
837 881 10
920 1057 6
990 1073 3
989 1041 18
1249 1278 16
968 1069 9
749 812 21
828 937 23
605 658 10
1014 1071 22
1215 1300 1
1013 1072 5
1168 1285 3
993 1071 17
988 1066 26
862 984 9
816 928 6
819 948 0
776 865 15
773 821 26
957 1070 21
827 857 19
866 949 6
851 943 7
1203 1303 17
1260 1294 19
1159 1226 23
1058 1115 21
720 762 11
1119 1194 13
1012 1065 17
960 1041 18
852 948 24
991 1044 9
664 748 13
1223 1309 0
897 942 16
954 1059 20
950 1024 3
875 944 5
1007 1078 8
1153 1241 5
822 919 20
1239 1309 14
1230 1308 13
1201 1298 10
1254 1302 5
1187 1243 19
698 772 22
1039 1074 0
955 1062 25
1104 1158 20
1198 1281 13
974 1072 4
945 1018 17
1175 1295 21
838 926 24
950 1072 15
468 511 9
1247 1307 19
1099 1148 20
963 1014 11
871 949 15
916 1019 17
863 949 1
743 824 24
733 848 0
843 928 26
1227 1305 23
818 919 6
1004 1074 25
848 898 10
1161 1280 20
859 981 22
712 829 26
730 802 0
789 875 11
690 792 10
888 956 19
954 1011 18
954 1038 9
748 840 4
816 851 24
835 948 3
782 897 27
1017 1060 18
828 942 13
856 935 0
1011 1069 22
834 911 26
906 949 26
1185 1248 3
830 891 9
977 1070 3
963 1034 0
978 1068 25
1211 1290 20
834 932 22
949 1060 24
797 877 17
Shifts = 4
0 0 0 0 0 0
450 0 0 500 0 0
585 0 0 490 0 0
810 0 0 500 0 0
Employees = 20
875: 0 2 3 5 6 7 11 12 15 17 19 20 23 25 27 28 30 32 33 35 37 40 41 42 45 47 48 50 51 54 55 57 58 61 62 63 64 65 66 67 68 69 70 72 74 75 81 82 83 84 86 88 89 91 92 93 94 95 99 102 103 104 105 107 108 113 115 120 123 124 125 128 132 133 135 139 140 141 142 145 146 148 149 151 152 153 154 155 158 159 161 162 165 167 168 170 171 174 175 176 181 184 186 188 192 193 194 198 199 200 201 204 205 206 207 210 211 212 213 214 215 216 217 218 219 221 222 223 224 225 227 228 229 231 233 237 239 240 241 244 248 251 252 254 257 258 260 261 263 264 265 267 272 273 274 275 276 277 278 279 280 282 283 284 285 286 289 290 294 295 296 298 299 304 307 308 312 314 315 317 318 319 320 321 322 323 324 326 328 329 331 332 333 334 335 336 337 340 341 345 347 349 350 352 354 356 359 361 362 364 366 367 370 371 372 374 377 378 380 381 382 384 385 387 388 389 390 393 394 395 396 398 401 403 404 405 406 407 408 409 410 412 413 414 415 416 417 418 419 420 421 422 424 431 432 434 435 436 437 438 440 444 447 448 449 450 453 454 455 456 457 462 463 465 466 467 468 469 470 471 472 473 474 478 479 480 481 482 483 484 485 486 487 488 491 493 495 501 502 503 504 505 506 509 511 512 513 514 515 516 518 519 520 521 522 523 524 525 526 527 530 531 533 535 541 542 543 544 545 549 551 552 553 554 556 559 560 561 562 563 564 565 566 567 570 572 575 576 577 578 579 580 587 591 592 594 595 598 599 600 602 604 605 606 608 609 611 612 613 614 620 623 625 626 629 630 631 632 633 634 635 636 637 639 642 645 647 648 653 655 656 657 658 660 661 664 666 671 674 677 678 679 681 682 683 685 686 687 688 689 690 691 694 695 696 697 698 699 700 702 704 705 706 707 709 710 711 713 714 715 717 718 720 721 724 725 727 728 730 731 736 737 739 742 743 747 749 750 751 752 754 756 757 759 762 763 764 767 768 771 773 775 776 778 781 782 783 784 785 787 789 790 791 792 794 795 797 799 800 801 802 803 805 807 809 811 812 813 814 815 818 822 823 826 828 829 830 832 834 837 838 843 844 845 846 850 852 853 857 860 861 863 865 866 867 868 870 872 873 874 875 878 879 881 883 885 886 889 891 892 895 896 897 898 899 901 904 906 910 912 914 915 917 918 919 920 923 924 925 926 927 928 931 933 934 936 938 942 943 944 946 950 951 952 954 955 958 959 960 962 964 966 968 969 971 972 979 980 982 984 985 986 987 988 989 990 991 993 994 995 998 999 1000 1003 1008 1010 1011 1014 1015 1018 1019 1020 1021 1022 1023 1024 1025 1028 1029 1030 1033 1035 1037 1038 1039 1040 1041 1042 1043 1044 1048 1053 1054 1057 1059 1063 1065 1066 1069 1070 1071 1072 1073 1074 1075 1076 1077 1078 1080 1081 1082 1083 1087 1088 1090 1091 1092 1093 1094 1095 1096 1102 1103 1104 1105 1106 1109 1110 1111 1113 1114 1117 1118 1119 1120 1121 1122 1124 1125 1127 1128 1130 1131 1133 1134 1135 1139 1140 1141 1143 1149 1152 1153 1155 1160 1161 1162 1163 1164 1168 1170 1171 1172 1174 1175 1176 1178 1180 1182 1183 1184 1185 1186 1189 1191 1193 1195 1197 1198 1199 1200 1201 1202 1204 1206 1208 1212 1213 1214 1217 1218 1219 1221 1222 1224 1225 1226 1231 1233 1234 1235 1236 1239 1242 1243 1246 1247 1248 1250 1251 1252 1254 1255 1256 1258 1259 1260 1261 1263 1264 1265 1266 1268 1270 1271 1272 1277 1278 1281 1283 1284 1287 1294 1295 1296 1297 1298 1300 1301 1302 1305 1307 1311 1312 1313 1317 1318 1319 1320 1321 1323 1325 1327 1328 1329 1330 1331 1333 1334 1335 1336 1338 1339 1344 1345 1347 1350 1351 1352 1353 1354 1355 1356 1358 1363 1364 1365 1366 1367 1368 1370 1373 1376 1378 1380 1382 1383 1384 1385 1386 1387 1388 1389 1391 1393 1394 1395 1396 1397 1398 1400 1401 1402 1404 1405 1406 1407 1408 1410 1411 1413 1415 1416 1417 1418 1421 1424 1425 1426 1427 1429 1431 1432 1433 1436 1438 1440 1442 1444 1445 1446 1447 1448 1451 1452 1453 1455 1458 1460 1462 1463 1464 1465 1466 1467 
880: 0 3 4 5 6 7 8 9 11 12 13 16 21 25 26 30 32 33 34 35 39 40 41 42 43 44 46 48 50 51 53 54 56 57 59 60 63 65 66 70 71 73 74 77 78 80 81 84 85 87 88 89 90 93 94 97 98 100 101 103 104 106 108 109 112 113 114 115 116 118 120 121 125 126 132 136 137 139 143 144 145 146 148 152 155 156 157 161 162 165 166 168 170 172 173 175 177 179 180 181 183 184 185 186 187 190 191 192 193 194 196 197 198 199 200 201 203 204 209 210 211 212 213 214 217 218 221 226 229 230 231 232 235 236 237 239 241 242 243 246 249 250 251 252 254 255 256 257 258 259 260 262 263 265 268 272 273 276 278 279 280 281 286 287 288 290 291 292 298 299 300 302 305 307 310 314 315 316 317 318 319 320 321 322 323 324 325 326 328 330 331 333 335 336 337 340 344 345 347 349 350 351 352 353 355 356 357 360 361 362 363 365 367 368 370 371 372 373 376 377 378 380 381 384 385 389 390 392 393 394 396 398 399 400 401 402 405 406 408 409 410 411 412 413 419 421 422 425 427 429 431 434 436 437 439 440 442 444 446 447 450 451 453 454 455 456 457 458 460 461 462 464 465 468 469 472 474 475 476 477 478 479 480 481 482 483 484 485 489 490 491 492 493 495 496 498 503 504 505 506 507 509 510 511 512 514 517 518 520 522 523 524 525 526 527 530 531 535 536 537 539 541 542 543 544 545 546 547 548 549 550 554 555 562 563 565 566 567 571 572 573 574 576 577 580 581 585 586 588 593 594 595 597 598 599 600 601 603 605 606 609 610 611 612 614 615 617 618 619 621 623 626 627 629 631 632 633 634 638 639 640 641 643 645 646 648 649 650 651 652 655 656 657 660 661 662 663 664 665 666 667 668 670 671 673 674 675 676 679 680 681 682 683 684 687 688 689 692 693 694 698 701 702 703 705 706 707 710 711 712 713 715 717 718 720 722 723 725 726 727 728 730 731 732 733 736 737 740 742 743 745 746 747 748 752 755 756 757 761 762 763 764 765 766 767 769 771 772 773 774 775 776 778 779 783 784 785 786 787 789 792 793 794 796 798 799 801 803 808 809 810 812 815 817 821 822 823 825 828 829 831 832 833 834 835 837 838 841 842 844 845 846 847 850 851 854 857 858 860 861 862 867 868 869 870 873 875 876 879 881 885 886 888 890 891 892 893 894 897 898 900 902 903 906 910 911 912 914 915 916 919 921 922 924 925 928 929 930 933 934 936 937 939 942 944 946 947 948 949 950 951 952 954 955 956 957 958 961 964 965 967 968 969 971 973 975 976 978 981 983 986 989 990 991 992 995 999 1001 1002 1003 1007 1008 1009 1010 1011 1012 1013 1014 1015 1016 1017 1019 1020 1022 1025 1026 1027 1028 1029 1030 1031 1032 1033 1034 1038 1041 1045 1046 1050 1051 1052 1053 1054 1055 1056 1057 1061 1062 1064 1065 1067 1068 1069 1070 1072 1078 1079 1080 1082 1083 1084 1085 1088 1089 1091 1092 1093 1094 1095 1097 1099 1101 1102 1103 1104 1106 1107 1110 1111 1113 1114 1115 1116 1117 1119 1120 1121 1122 1123 1124 1125 1127 1130 1131 1132 1133 1136 1138 1140 1141 1144 1145 1147 1149 1150 1151 1152 1153 1154 1155 1156 1157 1158 1159 1160 1165 1167 1168 1169 1170 1171 1173 1174 1176 1177 1179 1180 1183 1184 1185 1186 1188 1189 1190 1192 1194 1196 1198 1199 1200 1201 1202 1204 1207 1208 1209 1211 1212 1213 1214 1216 1218 1219 1220 1223 1224 1231 1233 1236 1237 1239 1240 1241 1243 1244 1245 1246 1247 1248 1249 1250 1252 1254 1257 1259 1262 1263 1266 1267 1268 1270 1273 1276 1279 1281 1282 1283 1284 1285 1286 1288 1291 1293 1295 1300 1301 1305 1306 1308 1312 1314 1317 1318 1320 1323 1326 1329 1331 1333 1334 1335 1337 1339 1340 1341 1343 1344 1345 1347 1348 1349 1352 1353 1354 1355 1356 1357 1358 1361 1365 1366 1367 1368 1370 1371 1372 1373 1374 1376 1378 1379 1381 1382 1383 1384 1385 1387 1388 1390 1391 1392 1397 1399 1400 1401 1403 1405 1407 1410 1411 1412 1414 1415 1417 1419 1421 1424 1425 1426 1433 1434 1435 1437 1438 1439 1440 1441 1442 1443 1445 1450 1452 1455 1456 1458 1460 1461 1464 1466 1467 
870: 2 3 4 6 9 10 11 12 13 15 16 17 18 20 21 23 24 26 29 30 32 33 35 36 38 39 42 44 45 48 49 50 51 54 55 56 57 58 62 64 65 66 68 70 71 74 79 83 84 87 88 89 91 92 96 97 99 100 102 104 107 108 110 112 114 116 117 119 120 121 125 126 127 129 130 132 137 141 142 143 144 145 150 151 153 154 156 158 160 162 165 166 167 169 170 171 173 174 175 176 177 178 179 181 183 184 185 186 189 190 192 193 195 197 198 199 201 202 203 204 207 210 211 213 214 215 216 217 219 220 223 224 227 228 230 232 236 237 238 239 242 245 247 249 250 251 252 253 254 257 258 260 261 266 268 269 273 275 280 282 283 285 286 287 288 291 292 294 296 297 298 299 300 302 308 309 310 311 313 314 318 321 325 326 327 330 331 334 337 338 339 340 341 342 343 344 345 346 348 349 351 353 357 358 359 364 365 366 367 368 369 370 372 374 375 377 378 379 380 382 385 388 390 391 393 394 396 398 403 405 407 410 411 412 415 417 418 420 421 422 423 424 425 426 428 430 431 432 434 435 436 437 441 443 444 447 449 450 451 454 455 457 459 460 462 466 467 468 469 470 471 473 475 476 480 483 484 486 488 489 493 494 495 496 498 500 501 502 504 505 506 507 508 509 511 512 513 514 516 517 518 519 520 522 523 526 528 529 530 531 532 535 536 537 538 539 541 543 546 548 550 551 554 556 557 558 561 562 566 567 571 572 573 580 581 582 583 585 587 588 589 590 591 592 593 594 595 596 598 599 601 603 605 606 607 609 611 613 614 617 620 621 623 626 627 630 632 633 635 636 637 638 639 640 641 642 643 644 648 650 652 653 655 656 657 659 660 661 663 666 668 669 671 672 673 674 676 679 683 684 685 686 687 688 689 690 691 692 693 694 696 698 699 701 702 703 705 707 711 712 713 714 716 718 721 722 723 724 725 726 727 728 729 730 731 732 733 735 736 742 743 744 746 747 748 750 751 752 754 755 756 758 759 760 761 763 768 771 772 775 776 779 782 783 784 786 787 788 794 795 797 798 799 801 803 804 805 807 809 811 812 814 815 816 817 818 819 821 823 824 826 827 829 831 833 836 837 838 839 842 843 845 846 848 850 851 853 854 855 856 857 861 862 863 866 869 870 871 872 873 874 877 878 879 880 882 883 885 888 889 890 891 893 894 895 899 901 902 903 905 906 908 910 911 912 916 918 923 924 925 926 927 929 931 932 933 934 936 937 940 942 943 945 946 948 950 952 955 957 960 962 964 966 968 969 970 971 972 973 977 981 983 985 987 990 991 994 995 996 997 998 1000 1002 1004 1005 1007 1009 1010 1011 1012 1014 1016 1020 1023 1025 1027 1028 1029 1030 1031 1033 1036 1038 1041 1044 1045 1048 1049 1050 1051 1052 1054 1055 1056 1059 1060 1062 1063 1065 1068 1069 1070 1071 1073 1074 1078 1079 1080 1083 1085 1087 1088 1090 1091 1093 1095 1096 1097 1099 1100 1103 1105 1106 1107 1108 1109 1110 1111 1112 1113 1116 1117 1118 1119 1120 1121 1122 1124 1125 1130 1131 1132 1133 1134 1135 1136 1137 1139 1140 1142 1143 1144 1145 1147 1149 1153 1155 1157 1158 1159 1160 1166 1168 1169 1171 1172 1174 1175 1176 1177 1180 1181 1182 1183 1185 1188 1189 1190 1192 1196 1198 1200 1202 1204 1206 1209 1210 1213 1214 1216 1217 1218 1220 1221 1223 1224 1225 1226 1228 1229 1231 1232 1236 1240 1241 1242 1243 1245 1246 1247 1248 1249 1251 1252 1258 1259 1260 1263 1264 1265 1267 1269 1271 1274 1276 1277 1278 1281 1282 1283 1284 1288 1290 1291 1292 1293 1294 1295 1298 1302 1304 1305 1306 1307 1308 1309 1310 1312 1313 1317 1319 1321 1323 1325 1327 1328 1329 1330 1335 1337 1338 1339 1341 1342 1343 1345 1346 1347 1348 1350 1352 1355 1359 1360 1361 1362 1365 1366 1368 1370 1371 1372 1373 1374 1376 1382 1383 1384 1387 1388 1390 1391 1393 1394 1396 1397 1398 1400 1402 1403 1404 1408 1410 1411 1413 1414 1418 1419 1420 1421 1422 1423 1424 1425 1426 1431 1432 1433 1434 1435 1436 1438 1440 1443 1446 1447 1449 1450 1452 1453 1455 1456 1457 1458 1460 1461 1462 1463 1464 1466 
875: 1 2 4 5 9 12 13 14 15 20 21 22 23 24 25 26 28 29 32 33 34 35 36 37 38 42 43 45 46 47 50 54 55 56 57 58 59 62 63 64 65 69 71 74 75 76 77 78 81 82 86 87 88 89 90 91 93 95 96 98 100 101 104 105 108 109 111 113 115 117 118 121 123 125 126 127 128 131 132 134 136 139 145 150 152 155 156 158 161 164 166 167 168 170 172 173 174 175 176 178 179 181 183 185 186 187 189 192 193 194 195 196 199 200 202 203 204 205 208 209 210 212 213 216 217 219 220 224 226 228 229 232 233 235 240 241 242 243 245 247 248 249 251 252 253 254 255 256 257 258 259 260 262 266 267 269 273 274 275 277 278 279 280 281 282 283 285 287 288 289 291 292 293 295 296 297 298 299 300 301 302 304 305 306 307 308 310 317 318 319 320 321 324 325 326 327 330 331 334 335 339 341 343 345 348 351 353 354 355 357 359 360 361 365 366 367 368 370 373 374 375 376 378 379 380 381 382 383 385 386 387 388 390 391 392 393 395 396 401 402 408 413 414 415 416 419 420 421 422 426 427 428 431 432 433 436 438 440 441 444 445 447 448 449 451 453 457 459 460 461 462 464 465 466 467 469 470 472 474 475 478 479 480 481 482 485 486 487 491 492 493 494 495 496 499 500 501 502 503 504 505 506 509 510 512 514 515 516 517 518 519 522 524 525 527 528 532 533 536 537 539 541 542 543 544 547 548 549 550 551 555 556 557 559 561 562 563 564 566 567 570 571 572 573 574 577 578 579 580 581 582 583 585 586 587 588 590 593 595 597 598 600 601 605 606 607 610 611 612 613 614 615 616 618 619 621 622 623 624 625 627 632 634 637 638 639 642 643 646 647 648 649 650 651 652 653 654 656 658 659 661 664 666 667 668 670 673 674 676 679 680 681 682 685 686 687 688 689 690 692 695 696 697 698 700 701 703 704 712 713 714 715 717 723 724 726 727 729 730 732 733 734 735 737 738 739 740 741 743 744 745 746 749 750 751 755 756 757 758 761 765 768 769 771 772 775 776 778 779 784 788 789 790 791 792 793 794 801 802 804 806 809 812 816 818 819 822 823 824 826 827 829 830 832 833 834 835 836 837 838 842 844 846 847 848 849 850 851 854 855 856 858 859 861 863 864 865 869 870 872 873 874 876 880 884 885 886 887 888 890 891 895 896 897 900 901 903 904 905 906 907 909 911 913 916 917 918 919 923 924 925 928 934 935 936 938 939 940 942 945 947 949 950 951 953 954 955 957 958 960 962 963 964 965 966 967 969 970 971 973 975 976 979 982 983 985 986 989 990 992 993 995 997 998 1000 1002 1003 1004 1006 1008 1010 1011 1013 1015 1016 1017 1018 1019 1021 1023 1024 1027 1028 1031 1032 1035 1037 1038 1039 1040 1041 1045 1046 1049 1050 1051 1052 1053 1055 1056 1057 1058 1059 1062 1064 1066 1069 1070 1071 1072 1073 1074 1075 1076 1077 1078 1082 1083 1084 1085 1086 1087 1088 1090 1091 1093 1095 1096 1098 1101 1102 1103 1104 1105 1106 1108 1112 1113 1114 1115 1116 1117 1119 1120 1121 1122 1124 1126 1127 1129 1130 1134 1135 1136 1137 1138 1139 1142 1143 1145 1146 1148 1149 1151 1153 1160 1162 1163 1166 1167 1168 1169 1170 1171 1173 1177 1178 1183 1185 1186 1187 1191 1192 1194 1195 1196 1197 1198 1199 1200 1201 1202 1204 1205 1206 1207 1209 1216 1220 1221 1222 1223 1224 1227 1228 1229 1230 1233 1234 1238 1239 1240 1241 1242 1243 1245 1246 1247 1249 1250 1251 1255 1257 1258 1260 1261 1262 1263 1264 1266 1271 1272 1273 1276 1278 1279 1281 1283 1284 1287 1291 1292 1293 1294 1300 1301 1303 1305 1306 1308 1309 1310 1311 1312 1317 1318 1319 1320 1321 1322 1323 1326 1328 1329 1330 1331 1332 1333 1335 1339 1341 1342 1344 1345 1347 1349 1350 1351 1352 1353 1356 1358 1362 1364 1368 1369 1373 1375 1376 1377 1379 1380 1381 1382 1383 1385 1387 1389 1392 1393 1394 1395 1396 1397 1398 1399 1401 1402 1404 1405 1409 1410 1411 1412 1413 1414 1416 1417 1419 1421 1423 1424 1425 1429 1430 1433 1435 1436 1437 1439 1442 1443 1444 1445 1446 1448 1449 1452 1453 1454 1457 1460 1464 1466 1467 
870: 0 1 2 5 6 7 8 12 13 14 15 18 19 20 21 22 23 27 28 30 31 32 33 34 36 37 38 39 41 42 43 50 51 52 53 54 55 58 59 60 61 63 64 65 66 68 70 71 72 74 77 78 79 80 82 83 84 85 86 87 88 89 90 91 93 94 95 96 97 98 100 101 103 106 107 108 109 112 115 116 117 119 121 124 125 126 128 129 131 132 134 135 136 138 144 145 147 148 149 150 151 152 155 157 159 160 162 166 169 170 171 172 174 177 178 179 183 184 187 189 190 191 192 193 194 197 201 202 203 205 206 207 209 210 211 212 215 216 217 218 221 224 225 227 229 230 231 232 235 237 238 240 241 242 243 245 246 248 249 251 252 254 255 256 257 258 259 260 262 263 267 270 273 274 275 276 279 282 284 286 287 289 290 293 294 296 299 300 301 302 304 305 307 308 309 310 312 313 314 315 317 318 319 320 321 322 324 327 330 332 333 335 336 338 339 341 342 343 344 345 348 349 350 351 353 354 355 357 359 360 361 364 365 369 370 372 375 376 377 379 381 383 384 385 386 388 389 391 392 394 396 398 399 400 402 403 404 405 406 407 408 409 411 414 415 416 418 419 426 427 428 430 431 432 435 437 438 441 442 443 444 447 449 450 451 452 455 456 457 458 461 462 463 464 465 470 471 472 473 475 476 477 478 479 480 481 482 483 485 489 491 492 493 495 496 499 501 503 504 508 509 510 511 514 515 516 517 519 520 521 522 523 524 525 526 530 531 532 533 534 537 538 539 540 544 545 546 549 550 552 553 555 556 557 558 559 560 561 563 565 567 568 569 572 573 574 575 576 580 581 582 583 587 588 589 593 594 595 597 600 601 604 605 606 608 611 612 614 615 616 618 619 620 622 623 624 625 626 627 628 632 633 635 636 638 639 640 644 645 647 648 649 652 653 654 655 656 657 658 659 660 661 664 666 670 675 679 680 682 684 685 691 692 694 695 697 698 699 702 703 706 707 708 710 712 713 714 715 716 718 719 720 723 726 727 728 730 731 732 733 736 737 739 740 743 744 747 749 750 751 752 759 760 762 765 767 771 773 774 777 780 781 782 783 785 788 790 791 793 794 796 798 801 803 804 806 807 810 813 814 815 818 820 821 822 823 824 825 827 830 832 833 834 835 837 839 841 843 844 845 848 850 851 852 853 858 864 867 868 869 870 872 873 875 882 883 884 885 886 887 890 891 893 895 900 902 903 904 905 910 911 912 913 914 916 918 919 920 922 924 925 928 929 930 931 932 933 937 940 941 944 945 947 948 949 953 954 955 960 961 962 972 973 975 976 978 979 982 983 985 988 989 990 992 993 995 996 997 998 1001 1002 1003 1004 1005 1008 1009 1011 1015 1017 1021 1024 1025 1030 1031 1032 1033 1034 1036 1042 1043 1044 1047 1048 1051 1052 1054 1056 1057 1058 1059 1062 1063 1064 1065 1066 1069 1070 1071 1072 1074 1075 1077 1078 1079 1081 1082 1084 1085 1087 1088 1089 1090 1092 1093 1094 1096 1097 1102 1107 1108 1111 1113 1114 1116 1117 1119 1120 1122 1123 1129 1131 1133 1134 1136 1139 1140 1141 1142 1143 1144 1145 1146 1147 1148 1149 1150 1151 1152 1153 1154 1155 1157 1158 1160 1165 1166 1167 1170 1171 1172 1173 1175 1176 1178 1179 1181 1183 1184 1185 1186 1187 1188 1189 1191 1192 1193 1194 1200 1203 1205 1206 1207 1208 1209 1210 1220 1221 1223 1225 1228 1231 1234 1235 1236 1237 1239 1241 1242 1245 1247 1251 1252 1254 1255 1256 1258 1260 1261 1262 1263 1264 1267 1268 1271 1272 1275 1276 1277 1278 1279 1280 1281 1283 1284 1286 1289 1290 1293 1298 1300 1301 1302 1303 1304 1305 1306 1307 1309 1311 1313 1314 1315 1316 1317 1319 1320 1324 1325 1326 1327 1329 1330 1332 1333 1334 1336 1337 1338 1339 1340 1344 1345 1346 1349 1350 1351 1353 1357 1358 1360 1361 1363 1366 1369 1372 1373 1375 1378 1379 1381 1382 1383 1384 1386 1387 1389 1390 1391 1392 1395 1397 1398 1399 1400 1403 1405 1408 1409 1413 1414 1415 1417 1419 1420 1421 1423 1425 1426 1428 1431 1433 1435 1436 1438 1439 1440 1443 1445 1448 1449 1450 1451 1452 1453 1457 1459 1460 1462 1465 1467 
899: 3 4 5 8 9 10 11 12 13 15 16 17 18 19 21 22 23 24 26 27 28 29 30 31 32 34 35 36 37 38 39 40 41 42 43 44 46 47 48 50 51 52 53 55 56 58 59 60 62 63 64 67 68 69 71 72 73 74 75 78 81 83 84 86 87 89 90 91 93 94 95 96 97 100 101 102 105 107 108 109 110 111 112 114 115 116 117 118 119 120 121 124 126 127 128 130 131 133 134 135 136 137 138 139 143 144 145 146 148 153 155 156 157 159 163 165 169 170 172 173 174 175 178 179 180 181 184 185 186 191 192 194 195 197 198 199 200 201 202 203 204 206 207 208 210 211 212 213 217 219 223 227 228 230 231 232 239 240 243 245 246 247 248 250 252 253 254 255 257 259 260 261 262 263 265 274 275 276 277 278 282 283 286 288 289 290 292 293 294 296 297 299 301 305 306 307 308 309 310 313 316 317 318 321 322 324 325 327 328 329 330 333 335 337 339 342 343 344 345 347 348 351 352 353 354 355 356 357 360 361 362 365 366 367 368 369 374 375 376 377 378 382 383 384 385 387 388 389 390 391 392 393 394 395 396 397 398 399 400 401 402 404 408 409 410 412 413 414 415 417 418 420 423 424 425 428 429 431 432 433 436 439 440 442 443 444 445 447 449 451 453 454 455 457 459 460 461 462 464 465 466 467 468 469 470 472 475 478 479 480 481 483 484 485 486 489 490 491 492 495 496 497 499 500 505 506 509 512 513 514 516 517 518 520 523 524 525 526 527 528 529 532 533 535 536 537 541 542 544 545 546 547 549 551 552 555 556 560 561 562 566 568 571 572 575 576 580 581 583 584 585 586 587 589 591 592 593 594 596 597 600 601 603 605 608 609 610 611 613 614 615 616 617 620 623 624 627 630 632 633 636 637 641 642 644 645 646 647 648 649 650 654 655 657 659 661 662 663 664 665 667 668 671 673 675 676 677 682 683 685 686 688 689 690 691 693 694 695 696 697 698 699 700 701 702 704 705 706 707 709 711 713 715 716 721 722 724 725 727 728 729 730 732 733 734 735 742 747 749 750 751 753 754 757 758 760 761 763 764 766 767 770 774 775 780 781 783 784 786 790 792 793 794 795 796 801 804 805 806 807 810 811 812 813 814 816 817 826 827 828 829 830 831 833 835 836 837 838 839 840 841 843 844 845 846 847 848 849 851 852 853 854 857 858 861 862 863 864 865 867 868 869 871 872 873 874 875 877 879 881 882 884 886 887 894 899 904 905 906 907 908 910 911 913 914 915 916 921 922 923 926 928 929 931 932 936 937 938 943 944 945 946 948 949 950 951 953 954 956 957 959 961 962 965 966 967 969 972 973 974 975 980 981 983 984 986 988 991 992 993 995 996 1000 1002 1003 1004 1006 1007 1008 1009 1010 1011 1013 1016 1017 1019 1022 1025 1026 1027 1028 1030 1032 1033 1034 1035 1036 1040 1042 1045 1046 1049 1053 1054 1055 1056 1058 1060 1063 1064 1065 1066 1068 1069 1071 1072 1073 1075 1076 1078 1079 1083 1084 1085 1089 1090 1091 1092 1093 1094 1095 1096 1097 1098 1103 1104 1106 1107 1108 1109 1112 1113 1114 1117 1118 1120 1121 1123 1124 1127 1128 1129 1130 1131 1132 1133 1135 1136 1137 1140 1141 1146 1147 1148 1149 1150 1151 1154 1157 1158 1159 1161 1164 1165 1167 1168 1170 1172 1173 1176 1177 1178 1179 1180 1182 1184 1185 1186 1187 1188 1189 1191 1192 1194 1195 1196 1197 1198 1199 1200 1201 1202 1203 1204 1207 1209 1210 1212 1214 1215 1217 1218 1219 1221 1223 1225 1226 1227 1228 1230 1231 1232 1233 1234 1235 1236 1238 1239 1241 1242 1245 1246 1247 1248 1249 1254 1255 1256 1257 1258 1260 1261 1262 1265 1267 1268 1272 1274 1275 1278 1279 1280 1284 1285 1288 1291 1293 1297 1298 1301 1302 1303 1304 1306 1309 1311 1312 1314 1318 1319 1322 1323 1324 1326 1328 1329 1330 1332 1333 1335 1336 1339 1340 1342 1344 1346 1347 1348 1349 1350 1351 1353 1354 1356 1357 1358 1359 1360 1361 1362 1366 1367 1368 1369 1373 1374 1375 1377 1380 1383 1384 1386 1388 1389 1390 1391 1392 1393 1395 1396 1401 1402 1405 1407 1409 1410 1412 1413 1414 1415 1416 1417 1419 1420 1424 1425 1426 1427 1428 1429 1430 1432 1434 1436 1438 1439 1440 1443 1444 1448 1451 1453 1454 1458 1459 1461 1464 1465 1466 
898: 0 3 4 6 7 9 12 13 15 16 17 18 19 23 25 26 27 29 30 33 35 36 38 39 40 41 42 43 44 45 51 52 54 55 56 60 62 64 65 67 68 72 73 76 77 78 79 80 81 82 84 85 86 89 91 94 95 96 98 99 100 101 102 106 107 109 113 116 118 119 121 124 125 126 129 130 131 134 135 136 137 138 141 142 143 145 146 147 148 150 151 152 153 154 156 157 158 159 160 161 162 163 164 168 169 173 174 176 178 179 180 181 182 183 184 185 186 187 189 190 192 193 194 195 198 200 201 204 205 206 213 215 216 217 218 222 223 224 225 227 230 231 233 234 235 237 242 245 246 247 248 250 251 252 254 255 256 257 258 260 261 262 265 269 270 271 274 275 277 278 279 281 284 285 287 288 289 290 291 293 296 297 299 300 301 302 303 304 306 307 310 311 312 314 316 317 318 319 321 323 324 325 327 330 331 332 335 336 339 341 344 346 347 348 349 350 352 357 360 361 362 363 365 366 368 370 374 377 378 379 383 384 385 386 387 390 391 392 393 394 395 396 397 400 401 403 404 405 406 407 409 410 411 412 414 415 416 417 418 419 420 422 423 424 425 426 430 431 432 434 435 436 437 439 441 446 447 448 449 451 452 453 454 455 456 457 459 461 462 463 464 465 468 469 470 472 473 475 476 477 478 480 481 482 483 485 486 488 489 491 494 495 497 498 499 501 504 505 506 508 509 510 512 513 515 516 517 518 519 523 525 526 530 533 535 536 537 538 539 540 541 542 543 546 550 551 552 553 554 555 557 558 560 562 564 570 571 572 573 574 575 576 578 579 581 582 585 587 588 591 592 593 594 598 602 603 604 605 606 607 608 609 610 612 613 615 618 619 620 621 622 625 627 628 629 630 631 632 635 636 637 639 642 643 644 645 648 651 653 654 655 659 662 663 664 666 667 668 669 671 673 674 676 679 680 683 685 686 689 690 692 694 696 698 701 703 704 707 709 710 712 713 719 722 723 727 728 731 733 734 735 737 740 741 742 743 744 745 747 748 749 750 751 752 753 754 755 757 759 762 763 764 765 766 767 769 771 772 775 776 779 780 783 788 792 794 796 797 799 800 801 803 807 808 812 814 819 820 821 823 824 828 829 831 832 833 835 836 838 839 840 841 842 843 844 845 846 847 848 850 851 852 853 854 858 859 860 861 862 866 867 868 869 871 873 875 876 878 879 880 882 884 885 886 887 888 889 890 893 894 895 896 897 898 899 900 902 905 907 910 911 913 914 915 920 921 922 923 924 925 927 928 929 930 933 935 938 939 941 942 943 944 945 947 948 949 953 954 955 956 958 959 962 963 964 966 967 971 972 973 975 977 979 980 982 983 986 987 988 992 993 995 996 998 999 1002 1004 1005 1006 1009 1010 1012 1015 1016 1017 1018 1019 1021 1023 1024 1026 1028 1029 1031 1034 1035 1036 1037 1038 1039 1042 1044 1045 1046 1048 1049 1050 1052 1053 1054 1056 1058 1062 1064 1065 1066 1067 1069 1070 1072 1074 1075 1076 1079 1081 1082 1083 1086 1088 1089 1091 1092 1094 1095 1097 1098 1099 1102 1103 1104 1106 1107 1108 1109 1110 1114 1115 1117 1118 1119 1121 1123 1124 1125 1126 1127 1128 1132 1135 1136 1139 1140 1141 1142 1143 1144 1146 1147 1148 1154 1156 1157 1159 1161 1162 1165 1166 1168 1169 1170 1171 1173 1175 1181 1182 1183 1184 1185 1186 1189 1190 1192 1193 1194 1196 1199 1201 1203 1205 1207 1209 1210 1211 1212 1213 1215 1217 1218 1221 1222 1224 1225 1226 1227 1230 1232 1233 1237 1238 1239 1240 1243 1244 1246 1249 1250 1252 1255 1258 1259 1260 1261 1263 1265 1268 1269 1270 1273 1274 1275 1278 1280 1282 1283 1284 1285 1288 1289 1290 1292 1296 1297 1298 1299 1300 1301 1302 1303 1304 1305 1306 1307 1308 1311 1313 1314 1316 1317 1318 1319 1321 1322 1323 1325 1326 1328 1332 1333 1334 1338 1341 1342 1345 1347 1348 1350 1352 1353 1354 1355 1356 1357 1359 1361 1363 1364 1365 1366 1367 1368 1370 1372 1373 1374 1375 1377 1378 1379 1384 1385 1387 1388 1389 1390 1391 1393 1397 1398 1399 1403 1405 1408 1409 1410 1411 1415 1417 1418 1419 1421 1422 1423 1424 1426 1427 1428 1430 1431 1432 1433 1434 1435 1439 1441 1444 1446 1447 1449 1450 1452 1455 1456 1458 1460 1462 1463 1464 1465 
891: 2 3 4 5 7 8 9 11 12 14 15 19 20 21 22 23 25 26 27 29 30 33 35 36 37 40 41 42 43 46 48 50 53 54 55 56 57 58 59 60 61 62 63 64 66 67 68 71 72 73 75 77 79 81 82 84 87 88 89 91 93 94 96 98 99 100 102 103 104 105 106 107 108 109 110 115 117 120 121 122 124 125 126 128 129 132 133 134 135 136 137 138 139 141 142 145 149 151 153 154 155 156 157 158 159 160 161 163 164 166 168 170 171 172 173 175 176 178 179 180 181 183 186 188 194 195 196 198 200 204 205 209 210 211 213 218 219 220 221 222 223 224 225 226 227 228 229 230 231 232 233 234 238 240 242 243 244 245 246 248 249 250 252 255 256 257 260 261 262 263 264 266 267 271 274 275 276 278 279 281 283 285 286 287 288 289 291 293 294 296 298 299 300 301 305 308 309 310 311 313 314 318 319 320 323 324 326 330 331 332 334 335 336 337 339 340 341 342 344 347 348 349 351 353 354 356 357 359 360 361 363 365 366 368 369 371 372 376 379 381 384 387 388 390 391 392 394 399 400 401 402 407 408 410 415 416 417 420 421 423 428 431 434 435 436 437 438 439 440 442 443 448 449 452 453 454 458 460 463 467 469 470 471 472 473 475 477 478 479 481 482 484 486 487 488 491 493 495 497 498 499 500 501 502 504 505 507 510 511 512 516 517 519 520 521 522 523 524 525 526 528 530 531 534 537 538 542 543 544 545 546 548 550 552 553 556 560 563 564 571 572 574 577 581 584 585 586 587 588 591 592 594 595 596 598 599 600 605 607 608 609 611 613 614 615 618 620 622 624 625 629 632 633 636 637 638 639 643 644 646 647 649 650 651 653 656 657 658 660 661 662 663 665 666 668 669 671 672 673 675 676 677 678 679 683 684 685 687 688 689 690 692 696 697 698 700 701 702 703 705 706 708 711 712 713 716 717 719 721 722 723 726 727 728 730 731 732 733 738 739 740 741 742 744 745 746 750 751 754 756 759 760 761 763 764 767 768 769 770 771 778 782 784 785 789 790 791 794 795 797 799 801 802 803 804 805 806 807 808 809 810 812 813 814 815 817 818 820 822 824 826 827 828 829 831 832 834 835 836 837 838 840 842 843 844 846 847 848 849 850 852 855 857 858 862 863 864 865 866 867 868 869 871 872 876 877 878 879 880 882 884 886 888 889 890 891 892 893 895 898 900 902 903 905 906 913 914 915 916 917 918 920 924 926 927 928 930 933 934 935 936 937 938 939 940 941 943 944 946 947 949 950 954 955 956 957 958 959 963 965 967 968 970 971 973 974 975 976 980 981 983 986 991 992 993 995 996 997 1002 1004 1005 1006 1008 1009 1012 1013 1014 1015 1017 1018 1019 1021 1023 1025 1026 1027 1029 1030 1032 1034 1035 1036 1037 1038 1040 1042 1045 1046 1053 1056 1057 1059 1060 1061 1062 1063 1064 1065 1066 1067 1068 1069 1071 1072 1073 1075 1077 1078 1079 1080 1081 1084 1085 1086 1087 1089 1090 1091 1094 1095 1096 1098 1100 1101 1102 1103 1106 1107 1108 1110 1111 1112 1115 1116 1117 1121 1122 1125 1128 1129 1133 1134 1135 1136 1137 1140 1142 1143 1145 1146 1147 1148 1150 1151 1152 1153 1154 1156 1158 1159 1160 1162 1163 1164 1165 1166 1167 1168 1169 1170 1171 1172 1173 1175 1177 1179 1182 1183 1184 1185 1186 1187 1188 1189 1190 1191 1196 1197 1200 1201 1203 1205 1206 1207 1210 1211 1214 1215 1219 1220 1221 1222 1224 1226 1227 1228 1230 1231 1232 1233 1235 1242 1243 1248 1250 1251 1252 1254 1255 1257 1258 1259 1260 1261 1262 1263 1264 1265 1267 1268 1269 1271 1275 1276 1278 1279 1280 1281 1284 1287 1289 1290 1293 1295 1296 1297 1298 1300 1301 1302 1307 1310 1313 1314 1316 1318 1319 1320 1321 1323 1324 1327 1328 1329 1330 1331 1335 1337 1338 1339 1340 1341 1344 1346 1347 1349 1350 1352 1353 1354 1355 1356 1357 1359 1360 1361 1363 1364 1365 1367 1369 1371 1372 1373 1374 1375 1376 1377 1378 1379 1381 1382 1383 1384 1387 1391 1393 1395 1397 1398 1399 1400 1401 1410 1413 1416 1417 1418 1419 1420 1421 1422 1423 1424 1429 1430 1431 1432 1433 1434 1436 1439 1440 1441 1444 1445 1446 1447 1448 1449 1450 1451 1452 1454 1458 1460 1462 1464 1465 1466 1467 
886: 3 4 5 6 8 9 13 16 19 20 21 23 26 28 30 31 34 35 37 38 40 47 48 49 51 52 54 56 57 58 59 60 62 63 66 67 68 69 70 71 73 76 79 80 81 82 83 84 85 86 89 90 91 92 93 94 95 96 98 99 100 103 107 109 110 111 113 115 116 117 118 119 120 122 123 124 127 129 130 133 136 140 142 143 147 148 150 151 153 154 156 157 159 160 161 162 165 169 171 172 173 175 178 181 183 185 187 189 191 192 194 195 196 197 198 201 202 203 204 205 207 211 213 214 215 216 219 223 224 225 227 228 229 233 235 236 237 240 241 242 243 244 245 246 249 250 251 253 255 256 257 258 265 266 267 272 273 275 276 277 278 280 281 284 286 287 289 291 292 293 294 295 296 297 298 299 301 302 305 306 307 310 311 314 317 318 320 321 322 323 324 325 330 334 336 340 342 345 347 348 349 350 352 353 354 355 357 358 360 361 362 363 365 368 369 371 372 375 377 378 379 380 381 382 383 384 385 386 387 388 389 390 391 393 394 396 400 405 406 408 410 411 413 414 415 416 417 418 419 421 422 424 425 426 428 429 433 434 438 439 440 441 446 448 450 451 452 457 459 460 461 462 463 466 468 469 470 472 474 478 479 480 482 483 485 486 488 489 490 491 492 493 496 497 498 500 501 502 505 507 508 511 512 513 514 516 518 519 520 523 524 526 527 528 530 533 534 541 542 548 549 550 552 556 560 561 562 564 565 566 567 569 571 572 573 574 575 582 585 586 588 589 590 593 594 595 599 600 601 602 604 607 609 610 614 621 624 626 627 628 629 630 631 632 633 634 635 637 640 642 643 645 647 648 649 652 654 656 657 659 661 664 666 667 669 670 671 673 674 675 677 679 681 682 683 685 687 688 694 695 699 700 702 703 704 705 708 709 713 714 715 716 717 718 719 720 721 725 726 727 728 729 730 732 733 738 739 742 743 744 745 746 752 755 756 757 758 759 761 762 764 765 766 768 769 770 771 772 774 775 776 777 778 779 780 781 783 784 785 786 787 789 790 791 794 795 796 798 802 805 809 810 811 812 815 817 818 820 823 825 826 829 830 831 832 833 835 836 838 840 841 843 844 845 846 848 850 852 853 857 860 862 863 865 866 867 868 870 871 873 874 875 876 881 882 883 885 888 890 892 893 894 898 899 900 903 904 905 906 907 908 909 914 915 919 921 922 923 924 927 929 930 931 933 934 935 938 939 940 941 942 943 946 949 950 952 953 954 955 956 959 960 963 964 965 966 967 968 969 971 972 974 975 977 980 981 983 984 985 987 988 989 990 991 992 993 996 997 998 999 1001 1002 1003 1005 1006 1007 1009 1011 1012 1019 1020 1021 1022 1023 1026 1027 1028 1030 1031 1032 1033 1034 1035 1036 1037 1039 1040 1041 1043 1044 1048 1049 1050 1055 1060 1061 1063 1065 1066 1067 1069 1071 1073 1074 1076 1077 1078 1079 1081 1082 1084 1085 1086 1087 1088 1090 1091 1092 1093 1096 1097 1098 1099 1101 1102 1106 1108 1110 1112 1113 1114 1117 1118 1123 1125 1127 1131 1132 1135 1139 1141 1143 1144 1145 1146 1147 1148 1150 1151 1153 1154 1155 1156 1162 1167 1168 1170 1172 1173 1174 1178 1181 1182 1183 1186 1187 1189 1190 1191 1193 1194 1195 1196 1197 1198 1199 1200 1201 1202 1203 1204 1205 1206 1207 1208 1209 1211 1212 1213 1214 1216 1217 1218 1219 1220 1221 1222 1223 1225 1227 1228 1229 1230 1231 1233 1234 1235 1236 1237 1238 1239 1240 1241 1242 1247 1248 1250 1251 1252 1255 1258 1261 1263 1264 1265 1266 1268 1269 1271 1273 1274 1278 1279 1280 1281 1282 1283 1284 1285 1287 1288 1289 1292 1293 1294 1295 1296 1298 1300 1301 1302 1304 1305 1306 1311 1313 1314 1317 1318 1319 1320 1321 1322 1323 1324 1326 1328 1329 1333 1334 1336 1337 1338 1340 1341 1342 1343 1344 1345 1346 1348 1351 1355 1356 1357 1358 1359 1364 1365 1366 1369 1371 1372 1374 1375 1376 1377 1378 1379 1380 1381 1382 1383 1384 1388 1389 1390 1391 1392 1398 1400 1401 1402 1403 1406 1407 1408 1410 1411 1414 1415 1417 1419 1420 1421 1422 1423 1424 1425 1426 1427 1428 1429 1430 1432 1434 1436 1437 1438 1439 1440 1442 1443 1445 1446 1447 1448 1449 1455 1459 1461 1462 1463 1464 1465 1466 
861: 0 1 2 5 9 10 17 18 19 20 21 24 26 28 30 32 33 35 37 40 41 44 45 47 48 49 50 51 52 53 54 55 56 59 60 62 63 64 68 70 75 78 79 80 81 82 84 86 87 88 89 90 93 94 95 97 98 99 102 107 110 112 113 114 117 118 119 124 127 128 129 133 134 137 138 139 140 141 142 143 146 149 152 154 155 156 157 160 166 171 172 173 177 178 179 180 182 184 185 187 188 189 190 191 195 196 197 198 200 204 208 210 211 212 214 215 218 219 221 222 223 224 228 230 232 235 238 239 240 242 243 244 245 246 248 249 252 253 254 255 256 257 259 260 263 265 267 268 270 272 273 274 275 277 280 281 285 286 287 289 290 292 293 294 295 297 298 299 300 301 304 305 307 309 310 311 316 318 319 320 323 327 330 332 335 336 337 341 344 347 348 351 353 355 356 357 358 359 361 364 365 366 367 368 369 371 373 374 375 376 377 378 379 380 381 382 385 386 388 392 393 394 399 402 404 405 407 411 412 413 416 418 420 422 423 424 425 427 428 430 431 432 433 435 437 441 443 444 446 447 451 452 453 455 457 458 460 461 464 466 467 468 470 475 476 478 480 481 483 484 485 486 487 490 492 493 495 496 497 502 504 505 506 508 514 515 517 518 520 523 525 527 530 536 538 541 543 545 546 547 548 553 554 555 556 557 558 559 560 561 562 564 566 568 570 572 573 574 577 578 581 585 586 587 588 590 593 594 595 596 597 598 599 600 601 603 605 606 607 608 609 610 611 613 614 615 616 617 618 620 621 625 626 627 629 630 631 633 634 635 636 637 638 640 642 643 644 645 647 649 650 652 653 654 656 658 659 660 662 664 665 666 667 668 669 670 671 673 674 676 677 678 679 680 682 683 684 685 688 689 690 691 692 693 694 697 699 700 701 702 703 706 709 710 712 713 715 716 718 722 723 724 727 729 731 732 733 735 736 737 740 741 742 743 745 746 747 748 749 750 756 757 758 761 762 764 766 769 772 774 775 777 778 779 780 782 784 785 786 787 788 789 791 792 793 796 798 799 800 802 803 805 806 807 810 812 814 815 816 817 818 819 822 824 825 826 828 829 830 831 832 833 835 837 841 843 845 846 847 850 853 854 855 860 864 867 868 869 871 872 874 876 877 878 880 881 882 883 884 885 886 888 889 891 892 893 894 895 896 897 898 900 902 903 904 905 909 910 911 912 914 915 916 918 919 923 926 927 929 930 931 932 934 936 937 938 940 942 943 945 947 948 949 950 952 955 957 959 963 965 967 968 969 971 972 973 974 975 977 979 982 984 985 986 988 989 991 993 994 995 999 1000 1001 1002 1005 1007 1008 1009 1010 1011 1013 1014 1016 1020 1021 1024 1025 1026 1027 1029 1031 1032 1034 1036 1037 1039 1040 1041 1042 1043 1045 1046 1050 1051 1052 1055 1056 1057 1058 1059 1060 1062 1065 1067 1070 1071 1073 1075 1076 1077 1078 1079 1080 1081 1083 1085 1087 1088 1090 1091 1092 1093 1095 1096 1097 1100 1103 1104 1105 1106 1110 1114 1116 1118 1119 1120 1121 1122 1123 1125 1126 1132 1134 1136 1137 1138 1144 1145 1146 1147 1148 1149 1150 1152 1154 1157 1158 1159 1160 1161 1163 1164 1167 1169 1170 1172 1173 1175 1177 1178 1179 1183 1185 1186 1187 1188 1192 1197 1200 1201 1202 1205 1206 1207 1213 1215 1216 1217 1218 1219 1220 1221 1222 1223 1224 1226 1227 1228 1229 1230 1232 1234 1235 1238 1239 1241 1242 1243 1244 1245 1247 1250 1251 1252 1254 1256 1257 1264 1265 1266 1267 1268 1269 1270 1271 1272 1274 1277 1278 1279 1281 1283 1284 1285 1288 1292 1295 1296 1297 1298 1300 1301 1302 1303 1305 1308 1312 1314 1315 1316 1317 1320 1324 1325 1326 1327 1330 1334 1335 1336 1339 1341 1342 1344 1346 1348 1350 1351 1353 1357 1358 1359 1360 1361 1362 1365 1368 1370 1372 1373 1375 1376 1377 1378 1380 1381 1382 1383 1386 1387 1388 1389 1392 1393 1397 1398 1401 1402 1403 1408 1409 1410 1412 1414 1418 1420 1422 1423 1424 1427 1430 1432 1434 1435 1436 1437 1439 1440 1441 1442 1444 1446 1447 1450 1452 1454 1457 1458 1462 1465 1467 
887: 3 6 7 8 9 13 14 16 17 19 20 21 22 24 27 29 31 36 37 39 40 41 42 43 44 45 47 50 52 55 57 60 65 66 69 71 72 73 76 78 79 81 82 83 84 85 88 90 94 96 98 99 104 105 108 109 110 111 112 114 116 118 120 121 124 125 126 128 131 132 134 135 136 137 143 144 145 146 147 149 150 155 159 160 161 162 164 165 166 167 168 170 171 172 173 174 176 178 179 180 181 182 183 185 186 187 188 189 190 191 192 194 195 196 200 202 203 204 207 208 210 211 214 215 216 220 221 222 223 225 226 229 230 231 232 233 234 235 237 238 242 243 244 245 246 248 251 252 256 258 259 260 261 262 264 265 267 268 269 270 271 272 273 274 275 276 277 279 280 282 284 288 292 293 294 296 297 300 301 302 303 306 307 308 310 311 313 314 315 316 317 320 322 323 324 326 327 328 331 334 337 339 341 343 345 346 347 348 349 350 352 355 356 358 359 360 361 362 363 367 371 373 374 377 379 382 386 387 388 389 391 392 393 395 397 398 399 401 403 405 410 411 412 413 414 415 416 417 418 421 422 423 425 426 427 428 429 430 431 433 434 437 442 444 446 448 449 450 453 454 455 456 459 463 465 467 468 469 472 473 474 475 476 481 482 483 484 486 487 489 490 491 494 496 497 498 499 500 504 505 506 507 508 509 510 511 512 514 517 519 524 525 526 528 530 531 532 533 534 536 537 538 539 540 541 543 544 546 547 548 549 550 551 554 556 557 558 559 560 561 562 563 564 565 568 569 570 572 573 574 575 577 578 579 580 581 582 584 585 587 588 589 591 594 595 598 599 604 605 606 607 609 610 611 612 613 614 615 616 617 620 622 625 629 631 635 637 639 640 641 643 644 645 646 648 652 653 654 656 657 661 662 663 665 667 668 669 671 673 675 677 678 679 681 682 687 688 689 691 693 694 695 696 697 700 701 703 707 709 710 712 713 714 715 716 717 718 719 726 727 729 731 732 733 734 738 740 742 744 745 750 752 753 754 755 757 759 760 765 766 767 769 772 773 775 776 777 780 782 785 786 788 792 793 795 796 797 798 799 800 805 807 808 811 814 815 816 817 820 821 822 823 826 829 832 833 834 835 836 838 839 840 841 843 844 846 848 849 852 854 855 858 859 860 863 864 871 875 878 880 881 882 887 889 891 893 895 896 897 900 901 902 903 904 905 906 907 908 909 910 911 912 913 915 918 919 921 924 926 930 931 932 934 935 936 938 939 941 942 943 945 947 950 952 953 954 956 958 960 961 962 963 964 965 967 968 969 970 972 976 977 981 982 983 984 986 987 988 989 992 993 996 997 1000 1002 1004 1005 1006 1007 1008 1009 1010 1011 1014 1015 1020 1023 1024 1026 1027 1029 1030 1031 1032 1033 1034 1037 1038 1039 1040 1042 1044 1048 1053 1054 1055 1057 1060 1061 1062 1064 1065 1066 1067 1068 1070 1073 1075 1077 1081 1085 1086 1087 1090 1093 1094 1095 1097 1098 1099 1100 1101 1102 1103 1104 1105 1106 1107 1109 1110 1111 1112 1113 1114 1115 1117 1118 1119 1120 1122 1123 1124 1125 1127 1128 1129 1130 1131 1133 1137 1138 1141 1143 1148 1149 1150 1152 1153 1154 1155 1157 1158 1159 1160 1162 1164 1168 1170 1171 1174 1175 1176 1177 1178 1179 1180 1181 1183 1185 1186 1188 1190 1192 1193 1195 1196 1197 1198 1199 1200 1202 1204 1205 1207 1208 1209 1210 1211 1212 1213 1215 1218 1219 1220 1221 1222 1223 1226 1227 1228 1231 1232 1233 1234 1235 1236 1237 1239 1240 1241 1243 1244 1246 1248 1249 1255 1256 1258 1259 1260 1262 1263 1264 1266 1267 1268 1269 1271 1273 1279 1280 1282 1283 1285 1287 1288 1289 1290 1291 1292 1293 1294 1295 1296 1299 1300 1301 1304 1306 1307 1308 1309 1310 1311 1313 1315 1318 1319 1321 1322 1324 1325 1326 1329 1331 1332 1335 1336 1337 1341 1343 1344 1345 1346 1349 1351 1352 1353 1354 1356 1357 1358 1359 1360 1362 1364 1366 1367 1371 1372 1374 1375 1377 1379 1380 1382 1383 1384 1385 1387 1391 1393 1394 1395 1398 1399 1400 1402 1403 1405 1406 1408 1409 1410 1411 1413 1414 1415 1416 1417 1419 1421 1422 1424 1426 1427 1429 1430 1431 1434 1436 1440 1441 1442 1443 1444 1445 1450 1452 1455 1458 1459 1460 1461 1462 1465 1466 
856: 0 1 2 3 4 6 7 9 12 13 14 16 19 20 22 25 27 28 29 32 35 37 40 42 45 49 50 51 52 53 54 55 56 57 58 59 61 62 63 64 66 68 69 70 71 72 75 76 77 78 80 82 84 85 88 89 91 92 93 94 96 97 98 99 100 102 105 107 113 114 115 117 118 120 122 124 126 127 128 131 132 134 135 139 141 144 146 148 149 150 153 155 156 159 161 162 163 164 165 166 167 169 170 172 173 176 177 178 180 181 182 183 184 185 186 187 188 189 190 192 194 195 196 197 198 199 201 202 203 204 205 208 209 210 211 212 214 215 219 220 223 224 228 229 230 234 235 239 241 244 247 248 249 250 251 252 253 254 255 257 260 261 263 265 266 268 270 272 273 274 275 277 278 283 284 285 288 293 295 296 297 298 299 300 301 303 305 306 307 311 312 313 315 316 317 321 322 323 324 329 331 336 338 343 345 348 350 354 355 356 358 359 360 361 362 363 364 365 366 368 369 372 373 375 378 380 381 382 384 386 388 390 392 397 398 400 402 403 410 413 414 416 417 418 421 424 425 426 429 431 433 436 438 439 440 441 443 444 447 448 449 450 451 452 453 454 456 457 459 461 462 464 465 466 467 468 469 470 471 472 473 475 476 480 482 484 485 488 489 492 494 495 496 498 499 500 502 503 504 505 508 512 514 515 516 517 519 520 521 523 524 525 526 527 528 529 531 532 533 537 538 539 540 542 543 544 546 547 550 552 553 557 558 560 563 565 566 567 568 570 572 573 574 575 577 578 579 580 581 583 585 588 590 592 593 595 598 599 600 604 606 608 609 610 611 614 615 616 620 621 624 626 629 631 634 635 638 639 641 642 643 644 646 648 651 656 657 658 660 662 663 665 667 668 669 670 671 672 674 675 676 678 679 681 685 686 693 694 696 697 698 699 700 701 703 704 705 710 712 714 717 721 723 724 725 727 728 729 731 732 733 734 735 736 737 742 743 744 745 747 748 753 754 755 757 758 759 760 762 763 764 766 767 768 770 771 773 774 775 778 779 784 786 787 788 789 790 791 792 793 794 795 797 798 800 801 803 806 808 809 810 817 819 821 824 827 829 834 836 838 839 842 843 844 845 848 849 851 852 858 860 861 863 864 866 868 870 871 873 874 876 878 881 885 887 888 889 892 894 896 897 898 899 900 902 904 907 908 910 911 914 915 916 917 918 919 923 924 925 926 928 929 932 933 935 939 940 941 942 944 948 949 953 954 955 957 959 962 963 965 966 967 968 969 970 972 973 975 976 977 980 981 982 983 984 985 986 988 989 990 991 993 995 996 998 999 1001 1002 1003 1004 1005 1006 1007 1008 1009 1012 1013 1014 1017 1019 1020 1021 1022 1024 1025 1026 1027 1028 1029 1030 1031 1032 1033 1035 1036 1040 1042 1046 1047 1048 1049 1050 1051 1053 1054 1055 1056 1058 1059 1061 1062 1063 1066 1067 1068 1069 1070 1071 1072 1074 1075 1076 1078 1079 1080 1083 1084 1086 1089 1091 1094 1095 1098 1099 1100 1101 1102 1104 1106 1108 1111 1113 1115 1117 1118 1121 1123 1124 1125 1128 1130 1132 1133 1136 1137 1138 1139 1141 1142 1144 1145 1147 1149 1151 1152 1156 1157 1159 1160 1161 1162 1163 1167 1169 1172 1173 1174 1179 1181 1182 1183 1184 1185 1186 1187 1188 1190 1198 1199 1201 1202 1203 1205 1206 1214 1215 1216 1217 1218 1219 1222 1223 1226 1228 1229 1230 1234 1236 1237 1240 1241 1242 1247 1251 1253 1256 1259 1260 1263 1265 1266 1268 1269 1271 1274 1275 1276 1277 1278 1279 1281 1282 1283 1285 1289 1292 1294 1295 1299 1300 1301 1302 1304 1305 1308 1309 1311 1312 1314 1315 1316 1317 1318 1320 1321 1324 1327 1328 1329 1330 1331 1333 1334 1335 1336 1337 1338 1339 1341 1342 1343 1346 1348 1353 1356 1358 1359 1362 1364 1365 1366 1367 1368 1369 1372 1373 1378 1379 1381 1382 1383 1384 1386 1387 1389 1391 1392 1393 1394 1395 1399 1400 1401 1404 1408 1409 1414 1415 1416 1418 1419 1421 1423 1424 1426 1430 1431 1434 1435 1436 1439 1440 1443 1444 1445 1447 1449 1450 1454 1455 1457 1459 1461 1462 1463 1467 
884: 0 3 4 5 8 10 12 13 14 18 20 21 23 24 25 27 28 29 31 32 36 37 39 40 41 45 48 49 51 52 54 55 56 58 59 62 63 65 66 67 68 69 74 77 78 79 80 81 83 84 86 87 88 90 91 93 96 97 98 99 100 101 108 109 110 112 113 114 115 118 119 123 124 125 128 129 130 134 135 136 138 141 142 143 144 145 147 148 151 152 153 154 155 156 157 159 161 162 163 165 167 168 169 171 172 173 177 178 180 181 182 183 185 186 187 189 190 193 194 195 196 197 198 200 201 202 203 204 205 207 208 209 210 212 215 216 218 219 221 225 227 229 230 231 232 234 237 239 240 241 243 244 245 248 250 252 256 257 260 263 266 267 272 273 275 276 277 278 282 285 286 287 288 292 293 294 296 302 304 305 310 311 312 313 319 321 322 324 327 329 331 334 336 338 339 340 342 343 345 346 347 349 350 351 352 353 355 356 360 361 362 363 364 367 370 371 372 374 375 377 378 380 383 384 385 387 388 393 394 395 398 399 400 402 404 405 407 408 409 412 413 415 416 417 418 421 422 425 427 428 430 433 434 436 442 446 448 449 452 453 454 455 457 459 460 464 466 467 470 473 474 476 478 479 480 483 484 485 486 487 489 490 492 493 494 495 496 497 498 500 501 502 503 504 506 507 510 511 512 514 516 517 519 521 523 524 525 527 529 533 537 538 539 540 542 543 545 547 548 551 554 556 558 559 560 561 562 564 565 566 567 569 570 571 573 575 576 578 582 583 585 588 589 590 591 592 593 595 597 599 601 602 603 606 611 612 613 615 617 618 619 620 621 623 624 625 626 628 629 630 631 632 633 635 637 639 640 642 643 645 648 649 653 654 655 656 658 660 661 662 664 665 666 668 670 671 672 673 675 677 678 679 682 683 684 686 688 690 692 695 696 697 700 702 704 710 712 713 714 715 718 723 728 729 731 733 734 736 738 739 743 744 749 750 751 752 754 755 758 759 761 762 763 764 765 766 767 769 770 771 772 773 775 777 778 780 781 785 786 787 788 789 790 791 792 793 794 795 796 797 798 800 803 806 807 808 809 811 812 813 814 817 820 821 823 824 825 827 829 830 832 833 834 835 837 838 839 840 841 843 844 846 847 849 850 854 856 857 859 860 861 863 865 868 874 875 876 878 881 882 883 886 889 890 892 895 896 897 899 901 902 903 906 907 908 909 912 913 914 916 920 921 922 926 930 931 932 934 935 936 937 938 939 948 949 950 951 952 954 955 956 958 959 960 962 963 965 966 967 968 969 970 971 972 973 974 977 981 983 984 985 986 987 988 989 990 991 992 994 995 996 998 1000 1001 1002 1003 1004 1007 1008 1010 1011 1013 1014 1015 1016 1018 1019 1020 1023 1024 1025 1028 1029 1031 1033 1034 1037 1040 1041 1042 1044 1045 1046 1048 1052 1053 1056 1057 1059 1060 1062 1063 1066 1068 1069 1072 1074 1075 1076 1077 1078 1079 1080 1081 1082 1084 1088 1089 1090 1091 1092 1093 1097 1100 1102 1103 1105 1106 1107 1108 1109 1110 1111 1112 1114 1115 1116 1117 1119 1120 1124 1127 1128 1129 1131 1133 1134 1135 1136 1137 1140 1143 1144 1145 1146 1153 1159 1160 1162 1163 1164 1165 1166 1169 1171 1172 1174 1175 1176 1178 1179 1181 1183 1185 1187 1189 1190 1192 1193 1194 1195 1196 1198 1200 1201 1202 1203 1207 1208 1210 1214 1215 1218 1220 1221 1223 1224 1226 1227 1229 1231 1233 1234 1235 1236 1237 1239 1241 1244 1245 1246 1247 1248 1249 1254 1256 1258 1262 1263 1264 1265 1267 1269 1271 1273 1274 1275 1276 1277 1278 1279 1281 1283 1284 1285 1286 1287 1288 1290 1291 1292 1294 1295 1297 1298 1299 1301 1302 1303 1304 1305 1306 1307 1309 1311 1312 1314 1315 1317 1320 1321 1323 1325 1326 1327 1328 1331 1332 1334 1335 1336 1338 1339 1340 1341 1342 1343 1344 1345 1346 1347 1348 1352 1355 1357 1359 1360 1361 1362 1363 1365 1366 1369 1370 1371 1372 1373 1374 1379 1383 1385 1387 1389 1390 1392 1393 1394 1396 1397 1398 1399 1400 1402 1403 1409 1410 1412 1413 1414 1415 1416 1417 1419 1422 1423 1426 1427 1429 1430 1433 1434 1437 1438 1439 1440 1441 1442 1443 1446 1447 1449 1450 1451 1453 1454 1455 1457 1459 1460 1461 1462 1463 1464 1466 
883: 2 3 5 7 8 9 10 12 13 17 18 19 20 21 22 23 24 25 27 28 29 30 31 32 33 36 37 38 39 40 41 44 45 46 47 48 49 50 54 55 57 58 59 60 61 63 67 72 73 74 77 79 81 82 83 90 91 94 95 96 97 98 100 102 104 105 107 108 109 111 112 114 115 117 118 119 120 121 122 124 128 129 130 132 133 134 135 136 137 140 141 142 144 145 147 148 149 150 151 153 154 156 157 160 161 163 164 166 168 169 174 175 176 178 181 182 183 184 185 187 188 190 192 196 197 198 202 204 206 210 211 213 214 215 218 220 221 222 223 226 227 228 229 234 235 238 240 241 242 243 245 246 247 248 249 252 253 255 256 257 258 259 260 261 265 267 269 274 276 281 282 285 287 288 290 291 294 295 296 298 299 300 301 303 304 305 307 308 310 314 315 316 317 318 321 322 325 327 329 333 334 335 336 337 338 339 340 341 342 344 345 348 349 350 352 354 355 358 361 362 364 366 367 368 369 370 373 374 375 376 377 379 380 381 383 384 386 388 390 391 393 394 395 396 397 401 404 405 406 407 408 412 414 415 418 419 420 422 423 424 425 427 428 434 436 437 439 440 441 444 445 447 448 449 450 453 454 458 459 461 464 466 467 470 471 472 473 475 477 479 480 482 483 487 488 489 492 493 494 500 502 507 508 512 515 517 520 521 522 523 524 525 526 528 529 530 532 535 536 538 540 541 542 550 552 557 562 563 564 566 567 569 570 571 572 575 578 579 580 581 582 584 586 587 588 590 594 596 597 603 604 606 607 608 609 610 611 612 613 616 617 618 619 620 621 623 624 626 627 628 629 633 634 635 637 638 642 643 645 646 647 648 650 652 656 658 659 660 661 662 663 665 667 668 669 670 673 674 675 676 678 680 684 685 686 689 690 691 694 695 697 698 700 701 703 705 707 709 713 714 716 718 719 720 722 725 726 727 729 730 731 733 739 740 741 742 743 746 747 749 751 752 756 757 758 760 761 762 764 765 766 767 768 770 771 773 774 775 776 777 778 779 781 782 784 786 788 789 792 793 794 796 798 799 800 801 805 807 809 810 811 814 815 816 818 820 821 823 824 826 830 833 834 835 836 838 839 842 843 844 846 847 848 850 852 853 855 856 857 859 860 861 862 867 868 870 872 873 874 875 876 877 878 879 880 881 882 883 884 887 888 889 890 891 896 899 900 901 903 904 906 908 911 913 914 915 917 918 919 920 921 924 926 931 932 933 935 936 937 938 943 945 947 949 950 951 952 955 957 958 959 962 963 964 966 967 968 969 970 972 975 976 977 978 981 983 984 985 988 989 990 991 992 993 995 996 997 999 1000 1002 1003 1004 1006 1009 1010 1012 1013 1014 1017 1018 1019 1022 1023 1024 1025 1026 1028 1030 1031 1036 1039 1041 1042 1043 1044 1045 1046 1048 1050 1051 1053 1054 1055 1056 1057 1059 1061 1063 1065 1067 1068 1069 1071 1073 1075 1076 1079 1081 1082 1084 1087 1088 1089 1092 1093 1094 1095 1097 1098 1099 1100 1101 1103 1104 1105 1106 1108 1109 1111 1112 1113 1114 1115 1116 1118 1120 1122 1123 1124 1127 1129 1130 1131 1132 1133 1134 1135 1136 1139 1142 1143 1150 1152 1153 1154 1156 1157 1159 1161 1163 1166 1167 1169 1170 1171 1172 1174 1176 1177 1180 1182 1184 1185 1186 1187 1188 1189 1190 1191 1193 1194 1196 1197 1200 1202 1204 1206 1209 1210 1215 1216 1217 1218 1221 1222 1223 1226 1227 1228 1229 1232 1233 1236 1237 1239 1240 1241 1242 1243 1244 1246 1248 1249 1252 1254 1255 1259 1260 1261 1262 1266 1268 1269 1271 1272 1273 1274 1275 1277 1278 1279 1280 1283 1284 1286 1287 1288 1291 1292 1293 1295 1296 1297 1298 1299 1301 1305 1308 1310 1311 1312 1314 1316 1317 1318 1319 1321 1322 1324 1325 1327 1329 1333 1335 1336 1339 1340 1343 1346 1347 1348 1354 1355 1356 1357 1358 1359 1360 1361 1364 1365 1366 1367 1368 1369 1370 1371 1372 1373 1374 1375 1378 1379 1383 1384 1386 1387 1388 1392 1394 1395 1396 1397 1399 1400 1401 1402 1403 1405 1406 1407 1409 1410 1412 1413 1415 1417 1418 1420 1422 1423 1426 1428 1429 1430 1432 1433 1435 1437 1439 1440 1443 1444 1445 1447 1448 1450 1453 1457 1458 1459 1461 1466 
867: 0 4 5 7 8 9 10 12 14 17 18 19 21 22 24 27 28 31 32 33 34 36 37 38 39 43 45 48 49 50 52 53 54 56 57 58 59 60 62 63 64 67 68 69 70 71 73 74 76 77 82 83 84 85 87 88 89 90 96 99 102 103 105 106 107 108 109 110 114 115 116 117 119 121 125 126 127 130 133 134 135 137 139 141 143 144 146 147 148 149 152 154 156 157 158 160 162 163 164 170 172 175 177 179 185 186 187 191 192 194 195 196 197 198 200 201 205 206 210 211 212 214 218 219 220 221 225 228 229 230 233 239 240 244 248 249 250 251 252 253 254 256 257 258 262 266 267 269 270 271 272 274 278 279 280 281 284 285 287 288 289 291 292 293 295 296 298 299 301 302 304 306 307 309 313 314 315 320 321 322 323 327 329 331 332 335 341 344 346 348 349 355 356 357 361 362 363 364 365 366 371 372 373 377 378 380 381 382 383 384 385 388 389 393 394 395 396 398 399 402 403 405 406 407 409 410 411 412 413 415 417 419 421 425 426 428 429 430 431 432 433 434 435 436 437 439 441 442 443 444 446 450 452 457 458 460 462 463 464 465 466 469 470 471 473 475 476 477 480 481 485 486 487 489 490 492 495 496 497 498 499 500 503 504 505 507 509 511 513 514 516 518 521 522 523 524 526 527 529 532 534 536 538 539 542 543 544 547 548 549 551 552 553 555 556 557 558 559 561 563 564 566 568 569 570 571 573 575 576 577 578 579 580 581 582 587 590 591 592 594 595 597 598 601 603 605 606 607 608 614 615 616 617 618 622 626 628 630 632 634 635 641 644 645 646 649 650 651 652 655 657 658 659 662 663 665 666 667 671 675 676 680 683 685 687 688 689 690 691 692 694 695 696 697 701 702 704 705 706 708 709 712 713 715 716 718 720 721 722 723 724 727 728 729 730 731 732 733 734 736 737 739 744 745 747 749 750 751 752 753 755 758 759 760 761 762 763 764 765 768 769 771 772 775 777 779 781 782 783 785 786 788 789 790 791 792 797 798 799 801 802 803 804 805 806 807 808 809 810 811 812 813 814 815 816 817 819 820 823 824 825 826 828 829 830 832 833 834 836 837 838 839 840 844 845 847 848 849 851 853 854 855 858 861 862 863 864 867 868 869 870 871 872 876 878 879 883 885 886 887 889 893 895 896 901 902 903 906 907 908 909 910 911 912 913 917 919 920 924 925 926 928 929 930 931 934 936 938 941 944 945 949 950 951 952 954 955 956 959 960 961 962 964 965 966 969 970 974 978 979 980 981 983 984 985 989 990 992 993 994 995 996 997 998 999 1001 1002 1003 1004 1007 1008 1010 1011 1012 1013 1016 1017 1018 1019 1020 1021 1022 1024 1027 1029 1030 1031 1032 1034 1036 1037 1039 1043 1044 1045 1047 1049 1050 1053 1054 1058 1060 1063 1066 1067 1070 1071 1072 1073 1076 1078 1080 1082 1084 1086 1087 1088 1090 1091 1092 1093 1094 1095 1096 1098 1099 1100 1102 1105 1109 1112 1113 1114 1115 1116 1117 1118 1119 1120 1121 1122 1123 1125 1127 1128 1129 1131 1132 1133 1135 1137 1139 1140 1141 1143 1144 1145 1146 1148 1150 1152 1153 1154 1155 1157 1160 1162 1163 1164 1165 1166 1167 1170 1173 1176 1178 1180 1181 1182 1184 1185 1186 1188 1190 1191 1193 1194 1195 1198 1199 1202 1204 1205 1206 1207 1211 1213 1214 1215 1216 1217 1218 1219 1220 1221 1223 1224 1228 1229 1231 1236 1239 1240 1241 1243 1245 1246 1248 1251 1252 1254 1255 1256 1257 1258 1260 1262 1263 1265 1267 1269 1270 1271 1274 1275 1276 1278 1280 1281 1282 1283 1284 1286 1287 1290 1292 1293 1295 1296 1297 1298 1302 1304 1307 1308 1309 1312 1314 1315 1316 1317 1320 1321 1322 1323 1324 1325 1327 1328 1329 1333 1336 1337 1338 1339 1340 1341 1342 1346 1347 1350 1352 1354 1355 1356 1359 1361 1363 1365 1366 1368 1369 1370 1371 1373 1374 1376 1377 1378 1379 1382 1384 1385 1387 1388 1390 1392 1393 1395 1397 1400 1402 1403 1404 1407 1409 1411 1413 1414 1416 1418 1419 1421 1422 1425 1428 1431 1432 1433 1435 1437 1441 1444 1445 1446 1448 1450 1451 1453 1454 1455 1457 1458 1459 1465 1466 1467 
871: 0 2 6 7 8 10 11 12 13 14 15 16 17 18 20 22 24 27 28 30 32 33 37 39 40 45 47 48 52 55 56 57 58 60 61 63 65 68 69 70 72 73 74 76 78 80 81 82 83 84 85 88 91 92 95 97 98 100 101 103 105 106 109 111 112 113 115 118 120 121 122 126 128 129 130 131 133 134 135 138 140 141 142 143 145 147 148 150 154 156 158 160 161 162 163 164 166 167 168 171 173 174 175 176 178 179 180 182 184 185 186 187 188 189 190 192 193 195 196 197 198 203 204 205 211 212 214 215 216 217 218 219 220 223 224 226 227 230 231 232 233 234 238 239 240 241 243 244 249 250 251 257 258 261 263 264 265 266 269 270 271 275 276 280 281 283 286 287 288 289 290 292 293 294 295 298 299 300 301 302 305 308 313 314 315 316 318 320 321 322 324 328 329 330 331 332 334 335 337 338 339 341 342 343 346 347 351 352 353 354 357 358 359 363 364 365 367 370 371 373 375 378 379 380 381 387 388 390 391 394 395 396 397 398 402 403 404 406 407 409 410 411 413 414 416 417 418 419 420 421 423 424 426 428 430 432 434 435 436 437 439 441 444 445 446 448 450 451 452 454 455 456 457 461 463 471 474 475 476 477 479 482 483 484 485 487 488 492 493 494 495 496 497 501 503 504 506 508 510 513 514 515 516 518 519 521 522 525 526 527 531 532 533 534 535 537 539 540 541 543 544 545 546 547 551 552 556 560 562 566 567 568 571 573 575 576 577 578 580 581 584 585 586 587 588 590 591 592 596 598 599 600 604 606 608 609 610 611 614 615 616 619 620 622 623 625 626 628 629 631 633 635 636 637 638 639 640 643 644 645 646 648 649 650 651 653 655 657 658 659 660 661 663 664 665 666 667 668 671 672 676 677 679 680 681 682 684 685 690 691 693 694 695 696 698 699 700 704 705 707 708 710 711 714 715 717 719 722 726 727 729 730 731 733 734 735 736 737 740 741 742 743 744 747 748 749 753 755 759 760 761 763 767 768 769 770 773 775 777 778 779 780 782 784 785 786 788 789 790 792 793 794 795 796 797 798 802 803 805 811 813 814 816 817 818 819 820 825 827 828 829 830 831 832 833 834 835 839 841 844 845 848 849 850 852 854 855 856 857 858 859 861 862 863 865 867 868 869 872 873 874 875 876 878 879 881 883 885 886 888 891 895 896 897 899 901 902 903 904 905 909 911 912 913 917 918 919 920 922 923 925 926 927 928 929 930 938 939 940 941 942 943 945 946 947 948 949 950 952 954 955 956 957 964 965 966 968 969 970 971 972 974 975 977 983 985 987 988 990 991 992 994 995 997 998 999 1001 1002 1003 1005 1007 1008 1009 1010 1014 1015 1016 1017 1018 1019 1020 1021 1023 1029 1030 1031 1032 1034 1035 1039 1040 1042 1043 1044 1046 1047 1049 1056 1057 1061 1062 1068 1070 1071 1072 1073 1074 1075 1080 1082 1084 1085 1086 1087 1089 1090 1091 1092 1095 1096 1097 1098 1099 1100 1101 1104 1108 1109 1110 1111 1112 1113 1114 1115 1116 1117 1119 1121 1122 1125 1127 1128 1129 1131 1132 1134 1136 1139 1141 1143 1145 1146 1147 1149 1150 1152 1154 1159 1160 1161 1165 1166 1167 1168 1171 1172 1174 1175 1176 1177 1179 1180 1185 1187 1188 1189 1191 1192 1193 1196 1198 1199 1201 1202 1203 1204 1205 1207 1210 1211 1213 1214 1217 1218 1219 1221 1222 1223 1226 1227 1228 1232 1236 1237 1240 1242 1243 1244 1245 1246 1248 1249 1252 1253 1256 1257 1261 1263 1264 1266 1268 1269 1270 1271 1273 1274 1275 1277 1278 1280 1281 1282 1283 1284 1288 1289 1290 1292 1293 1294 1295 1296 1297 1298 1299 1300 1301 1302 1307 1308 1309 1310 1311 1312 1314 1315 1316 1317 1319 1323 1324 1325 1326 1328 1329 1330 1332 1333 1334 1335 1336 1344 1347 1348 1349 1350 1352 1353 1354 1357 1363 1364 1365 1366 1367 1368 1369 1372 1374 1376 1377 1382 1384 1385 1387 1388 1390 1392 1393 1394 1395 1398 1400 1402 1403 1404 1406 1407 1411 1413 1415 1418 1421 1423 1424 1425 1426 1427 1429 1430 1431 1432 1433 1434 1435 1436 1437 1438 1439 1440 1441 1446 1449 1450 1452 1454 1455 1457 1460 1462 1463 
911: 1 2 3 5 6 7 9 13 14 19 21 24 26 28 29 32 33 37 38 41 42 43 44 46 48 49 50 51 52 53 54 55 56 58 59 60 61 63 65 66 67 69 70 71 72 73 75 77 80 83 84 85 88 89 90 91 92 93 95 96 97 99 100 101 102 105 107 108 110 113 115 116 117 120 121 124 125 126 129 130 131 132 133 134 136 138 139 142 144 151 152 156 158 159 161 164 165 166 167 168 169 170 171 172 173 174 175 177 178 180 181 182 183 184 186 187 188 189 190 191 192 193 195 196 197 198 199 200 201 202 203 204 207 211 213 217 218 219 220 222 223 224 226 227 228 230 234 235 236 237 238 239 240 244 245 246 247 248 251 252 254 256 257 258 260 261 264 266 267 268 269 271 272 273 274 276 278 280 283 284 286 289 290 296 300 302 304 305 309 310 311 316 318 320 321 322 324 326 327 329 330 331 334 335 337 338 339 341 342 343 346 347 348 351 353 354 355 357 358 359 361 363 364 367 369 370 371 372 374 375 376 377 378 379 381 383 384 385 388 391 392 393 395 396 398 399 400 401 403 404 407 409 410 411 412 415 417 419 420 421 422 423 425 426 427 432 433 437 440 441 442 443 446 448 450 455 456 460 461 462 463 464 465 466 468 470 472 473 476 478 479 480 482 483 485 492 494 495 497 498 499 501 502 503 504 506 507 508 509 512 513 514 515 517 518 519 520 521 522 523 524 526 527 529 530 533 534 536 541 543 544 545 546 547 549 550 551 553 554 557 558 560 561 562 563 566 567 568 569 570 572 574 579 580 581 583 585 586 588 589 590 591 592 594 595 596 597 599 600 602 603 604 605 607 609 611 612 613 614 615 616 618 620 623 625 626 627 628 629 630 633 635 637 642 646 647 648 649 650 652 653 654 656 657 659 660 662 663 667 669 671 672 673 675 677 682 685 688 689 690 693 694 695 696 697 698 699 700 704 705 706 707 708 709 711 712 713 714 718 722 725 727 730 732 735 738 739 740 741 742 743 744 745 746 748 751 754 756 757 758 759 760 762 765 766 768 769 771 773 774 775 776 777 779 780 781 783 784 785 786 790 791 792 795 796 797 798 799 800 801 803 805 806 809 811 812 814 818 819 820 821 824 825 827 828 830 831 833 834 835 836 837 838 840 842 843 849 851 852 855 856 857 859 860 862 863 864 865 866 867 870 871 873 875 876 877 879 880 881 883 885 887 889 892 894 897 898 899 901 903 905 906 908 910 911 912 913 918 919 921 922 923 924 925 927 928 930 931 932 933 935 937 938 939 940 941 945 946 948 949 950 951 952 953 954 957 958 961 962 963 964 965 966 967 968 969 971 972 975 977 978 979 980 981 982 984 988 991 992 993 994 995 997 998 999 1001 1004 1005 1006 1007 1008 1009 1012 1013 1014 1016 1017 1021 1022 1024 1025 1027 1029 1030 1032 1033 1035 1036 1039 1040 1041 1043 1044 1045 1047 1048 1049 1052 1054 1055 1056 1057 1061 1062 1064 1065 1066 1067 1071 1075 1076 1077 1078 1079 1081 1082 1083 1084 1087 1091 1095 1097 1098 1101 1105 1108 1110 1111 1112 1113 1114 1115 1116 1117 1118 1119 1120 1121 1124 1125 1126 1129 1130 1131 1132 1133 1137 1139 1140 1142 1143 1144 1146 1147 1149 1150 1152 1154 1155 1159 1161 1166 1167 1168 1170 1171 1172 1174 1175 1176 1181 1186 1189 1190 1191 1192 1194 1197 1198 1199 1201 1204 1205 1206 1207 1208 1210 1211 1212 1213 1214 1218 1220 1221 1223 1224 1225 1226 1229 1232 1233 1234 1235 1236 1237 1238 1239 1240 1241 1242 1243 1244 1245 1249 1250 1253 1254 1255 1256 1259 1260 1261 1262 1263 1264 1265 1267 1268 1270 1273 1274 1277 1278 1279 1280 1281 1284 1285 1287 1288 1289 1291 1292 1293 1295 1296 1297 1298 1302 1303 1304 1305 1307 1309 1310 1311 1312 1313 1314 1316 1317 1320 1321 1322 1323 1324 1327 1328 1330 1331 1332 1334 1335 1336 1338 1339 1340 1341 1342 1343 1346 1348 1351 1352 1354 1355 1356 1360 1361 1363 1369 1370 1371 1373 1374 1376 1377 1378 1380 1381 1382 1383 1385 1386 1389 1390 1391 1392 1393 1394 1396 1399 1401 1402 1403 1404 1405 1406 1407 1408 1409 1410 1411 1412 1413 1414 1415 1416 1417 1419 1420 1422 1423 1424 1426 1428 1429 1430 1432 1433 1434 1435 1436 1440 1441 1442 1443 1445 1446 1448 1449 1452 1453 1456 1459 1460 1462 1463 1464 1465 1466 
889: 0 2 6 10 11 12 13 14 15 18 20 23 27 31 34 36 37 39 40 41 44 45 46 47 48 49 53 56 57 58 59 60 62 63 64 65 66 67 68 70 72 75 76 77 78 79 80 82 86 87 88 89 90 91 92 94 96 97 98 99 100 102 103 104 105 106 109 110 111 112 113 114 117 120 121 122 123 124 126 128 130 131 133 134 135 136 139 140 141 143 144 146 147 148 149 150 151 152 153 154 155 156 158 163 164 165 167 168 170 171 176 177 179 181 184 185 186 189 191 195 196 197 199 200 202 203 204 206 208 209 210 211 213 215 217 218 219 220 221 223 224 226 227 228 229 230 231 233 234 235 237 238 239 241 242 244 245 247 248 249 251 256 257 260 262 263 265 266 267 268 269 271 273 274 276 277 278 280 281 283 285 287 289 291 292 297 299 300 301 302 303 305 306 307 308 309 310 311 316 318 321 323 324 325 326 328 329 331 332 333 334 335 336 337 341 342 343 344 346 350 352 354 355 356 357 358 359 363 365 366 367 369 372 373 374 375 376 377 378 379 380 382 383 384 385 386 388 390 391 395 396 397 398 399 404 405 410 414 416 419 420 422 425 426 427 429 430 431 432 435 436 438 439 440 441 442 443 444 445 446 448 449 451 452 454 456 457 459 460 463 464 465 468 470 471 472 474 477 480 481 482 485 486 492 493 495 496 498 499 502 503 506 508 509 510 511 512 513 515 516 518 519 520 522 523 524 525 526 527 529 531 533 535 536 538 541 542 544 545 548 549 550 552 556 558 561 564 566 568 569 570 573 575 576 579 583 585 586 587 588 590 591 592 594 595 596 598 600 602 604 607 608 609 610 611 612 614 615 616 617 618 620 621 622 623 624 625 626 629 631 633 637 638 640 641 642 644 646 647 648 649 650 652 657 658 659 660 662 663 664 665 666 668 670 671 674 675 676 679 682 687 688 691 692 695 696 700 701 702 703 704 706 707 709 712 714 716 719 720 721 722 723 725 726 728 729 732 735 736 737 739 740 741 742 743 744 745 746 747 748 751 752 754 757 758 759 761 764 765 767 768 770 771 772 773 774 775 776 779 780 783 784 785 788 789 790 793 795 796 798 799 803 804 806 807 808 809 811 812 814 816 818 820 821 822 825 826 828 829 830 832 833 834 838 839 840 842 843 845 846 849 851 856 857 860 864 865 866 867 868 870 871 873 874 875 876 877 878 879 881 884 886 887 888 890 891 893 894 895 896 899 902 904 906 907 909 911 913 915 916 917 919 920 921 923 924 926 932 933 934 941 943 944 945 946 947 949 950 951 952 953 954 955 956 957 958 959 960 961 962 963 964 967 968 969 971 973 974 975 976 980 981 984 986 989 990 991 992 995 999 1002 1004 1005 1006 1007 1008 1009 1010 1011 1012 1015 1016 1017 1019 1020 1021 1022 1023 1024 1026 1029 1030 1032 1033 1037 1038 1039 1040 1041 1043 1045 1047 1048 1049 1050 1052 1054 1057 1058 1059 1060 1062 1063 1066 1068 1070 1071 1076 1078 1079 1081 1083 1085 1087 1088 1090 1091 1094 1096 1098 1099 1100 1101 1106 1111 1112 1114 1115 1117 1118 1119 1120 1122 1123 1124 1125 1126 1127 1128 1129 1136 1137 1138 1139 1140 1145 1146 1147 1148 1150 1152 1153 1154 1155 1158 1159 1160 1161 1162 1165 1170 1171 1172 1174 1177 1179 1180 1181 1187 1190 1191 1193 1194 1195 1196 1197 1199 1200 1201 1202 1203 1204 1205 1206 1209 1212 1213 1214 1215 1216 1217 1218 1219 1220 1221 1222 1225 1226 1227 1228 1231 1232 1233 1234 1236 1237 1238 1241 1242 1243 1244 1245 1246 1247 1248 1249 1251 1252 1253 1257 1258 1262 1265 1267 1269 1270 1271 1273 1274 1275 1277 1278 1279 1281 1282 1284 1285 1286 1287 1288 1289 1290 1291 1293 1295 1296 1298 1299 1300 1302 1309 1310 1313 1314 1315 1316 1322 1323 1324 1327 1328 1329 1332 1333 1334 1335 1337 1338 1339 1342 1343 1344 1345 1347 1350 1353 1354 1355 1357 1358 1359 1364 1368 1370 1371 1373 1377 1378 1381 1382 1383 1386 1387 1389 1390 1391 1394 1398 1400 1402 1405 1406 1407 1409 1410 1411 1412 1414 1415 1417 1419 1420 1425 1428 1429 1431 1433 1434 1435 1436 1441 1443 1447 1448 1449 1451 1452 1453 1454 1455 1456 1457 1458 1460 1462 1463 1464 1465 1467 
892: 0 1 3 4 5 7 8 11 12 14 17 19 20 21 22 28 29 32 33 34 35 37 39 40 43 44 45 46 47 48 49 50 54 55 57 58 59 60 61 64 65 66 69 70 72 73 75 79 80 81 82 83 85 86 91 92 93 98 99 100 102 104 106 107 108 111 113 115 116 120 122 123 124 125 126 127 128 132 133 134 135 136 137 138 143 144 145 146 147 151 152 154 155 156 157 160 161 162 163 164 165 166 167 168 169 171 177 178 179 180 181 182 186 188 189 190 191 192 193 194 195 197 198 201 202 204 205 208 209 210 212 213 214 215 216 217 218 221 222 223 224 230 231 232 234 236 237 238 239 245 248 249 250 251 253 256 258 262 263 266 267 268 269 270 271 272 273 280 283 285 286 287 288 289 290 291 292 294 295 296 297 298 299 300 301 302 304 305 306 308 309 310 311 312 313 314 316 317 318 319 321 322 325 326 328 329 331 333 334 336 338 340 341 342 346 347 348 350 351 352 353 356 357 358 359 361 362 364 366 367 369 371 373 375 376 377 378 379 380 381 382 383 385 386 387 389 391 392 393 397 398 399 400 401 402 404 406 408 409 410 412 414 415 417 418 419 422 423 424 426 427 428 433 434 437 438 442 443 446 447 448 449 450 453 454 455 456 459 461 463 465 466 467 468 471 474 475 476 477 480 481 483 485 486 487 489 490 491 495 497 502 506 507 508 510 511 512 513 514 516 518 519 522 523 525 526 527 528 530 531 533 538 539 541 543 548 549 550 551 553 554 555 556 557 558 559 561 562 564 567 569 571 573 574 576 577 579 580 581 582 584 585 586 588 589 590 591 592 593 597 598 599 602 603 605 606 608 609 610 611 613 614 615 616 617 618 619 620 621 622 623 624 625 627 628 631 632 633 634 635 636 637 639 641 642 644 645 647 648 649 651 652 654 655 656 659 660 663 665 666 667 669 674 675 677 680 681 682 683 684 685 687 689 691 693 694 695 697 698 699 701 702 705 706 707 708 712 713 714 715 717 718 720 723 725 727 728 729 731 738 739 740 741 748 750 751 752 753 754 755 757 758 760 761 762 765 768 771 773 775 777 779 781 782 783 784 785 786 788 789 790 792 795 796 797 799 800 801 802 803 804 805 806 807 808 811 812 813 814 815 816 817 818 819 820 821 823 824 826 827 829 830 831 832 835 837 839 840 842 843 848 851 853 854 856 857 859 860 861 862 865 866 867 868 869 871 873 874 876 877 878 879 881 884 886 887 890 891 892 893 894 895 896 898 900 902 903 906 907 908 910 914 915 916 917 920 921 922 924 925 926 927 928 929 931 932 934 935 937 938 939 940 944 946 947 948 949 950 951 952 953 954 956 957 958 960 964 965 966 967 968 970 971 972 973 975 977 978 983 984 987 992 993 995 996 998 999 1000 1001 1002 1003 1005 1006 1008 1009 1012 1013 1014 1015 1017 1021 1025 1027 1028 1029 1030 1034 1036 1037 1039 1040 1042 1043 1048 1050 1052 1053 1054 1055 1058 1059 1067 1069 1071 1072 1075 1077 1078 1079 1083 1084 1085 1087 1089 1093 1095 1096 1097 1098 1100 1103 1104 1105 1106 1107 1108 1109 1110 1111 1113 1115 1117 1118 1119 1122 1127 1132 1134 1138 1139 1140 1143 1144 1146 1150 1151 1152 1153 1154 1156 1157 1162 1163 1165 1167 1169 1170 1176 1177 1178 1180 1181 1182 1184 1188 1190 1193 1194 1199 1201 1204 1205 1207 1208 1209 1210 1212 1215 1216 1217 1220 1221 1222 1224 1225 1226 1227 1230 1234 1235 1236 1237 1239 1240 1241 1246 1248 1249 1250 1252 1253 1255 1256 1257 1261 1262 1263 1264 1265 1266 1267 1268 1269 1270 1271 1272 1273 1274 1276 1277 1278 1279 1280 1281 1284 1286 1291 1295 1297 1300 1304 1306 1308 1309 1310 1311 1312 1313 1314 1315 1316 1317 1319 1322 1323 1325 1328 1329 1331 1332 1333 1334 1338 1340 1341 1343 1344 1346 1347 1348 1350 1351 1354 1356 1358 1360 1362 1365 1368 1369 1370 1371 1372 1373 1375 1376 1379 1380 1381 1382 1383 1385 1386 1387 1388 1389 1390 1391 1393 1394 1395 1396 1398 1399 1401 1402 1406 1407 1411 1412 1416 1417 1423 1425 1426 1427 1428 1430 1431 1432 1433 1435 1436 1438 1439 1440 1441 1442 1443 1444 1445 1446 1448 1450 1452 1454 1455 1456 1457 1461 1462 1464 
871: 0 1 2 6 7 9 11 12 14 15 16 17 19 20 21 24 25 28 34 35 36 37 39 41 42 45 47 48 49 51 52 53 54 57 58 59 61 62 63 64 66 67 68 69 70 73 75 78 79 80 81 83 85 88 89 90 92 93 94 95 96 97 98 101 102 111 112 113 114 115 116 117 118 123 127 128 129 131 135 137 138 139 141 142 144 145 146 148 153 155 156 157 160 161 166 167 168 169 170 171 174 176 177 178 179 180 182 183 184 185 188 189 191 192 194 195 196 198 199 200 201 202 204 206 208 209 210 211 214 216 218 219 220 222 225 227 230 231 232 233 234 236 237 239 240 242 243 244 249 252 253 256 258 260 262 263 264 265 268 269 270 272 274 276 277 278 280 281 282 284 286 287 293 296 298 299 300 303 305 306 307 308 310 312 313 314 315 316 317 318 319 320 322 323 327 329 330 332 333 334 339 340 341 343 347 348 349 350 351 352 353 354 356 358 360 363 365 366 367 370 372 374 376 377 380 381 384 385 386 387 388 389 390 391 392 394 395 396 397 398 400 401 402 403 404 405 407 408 410 411 412 414 415 416 419 420 421 424 429 431 432 435 437 438 440 442 446 448 449 451 452 453 454 455 456 457 460 462 464 465 466 467 468 469 470 473 474 475 481 483 484 486 488 490 491 493 494 495 497 499 503 504 505 507 508 509 511 512 513 514 515 516 519 520 523 526 527 529 531 532 533 536 537 539 541 542 543 544 545 546 548 551 552 555 557 558 559 560 561 565 567 571 574 575 577 579 580 583 584 586 587 589 591 595 596 597 600 601 602 603 605 606 607 608 609 611 614 620 624 625 628 630 636 637 638 639 641 642 643 644 645 646 648 649 651 652 657 659 661 663 664 666 667 670 671 673 674 676 677 681 682 684 685 686 687 688 693 694 695 697 698 700 701 702 703 706 707 708 709 711 713 714 715 719 720 721 722 723 724 725 727 728 729 730 731 732 734 735 736 738 741 742 743 744 745 747 748 749 751 752 754 756 762 765 767 769 770 776 777 781 782 785 786 788 790 791 792 793 800 801 803 807 809 810 811 812 813 816 817 818 821 825 826 827 828 829 830 831 832 833 835 836 838 839 840 841 844 845 847 848 850 851 856 858 859 860 862 863 865 866 869 873 875 876 877 878 881 882 883 884 885 889 891 893 894 896 897 901 902 904 905 906 907 908 909 910 912 916 917 919 920 922 923 924 925 927 928 929 932 933 934 936 937 940 941 943 944 945 947 948 951 952 953 955 957 960 962 963 965 967 969 972 973 974 975 976 979 981 983 985 986 987 989 991 993 998 999 1001 1002 1005 1012 1013 1015 1020 1022 1024 1027 1028 1029 1032 1033 1034 1036 1038 1040 1041 1042 1045 1047 1048 1049 1050 1051 1052 1055 1056 1057 1061 1062 1063 1065 1067 1068 1069 1070 1071 1072 1073 1075 1076 1077 1079 1080 1082 1083 1084 1086 1088 1095 1097 1098 1101 1103 1104 1107 1109 1110 1112 1113 1115 1117 1119 1121 1122 1124 1125 1126 1127 1128 1129 1130 1134 1138 1140 1141 1142 1144 1146 1147 1148 1149 1150 1152 1153 1155 1157 1158 1159 1162 1164 1165 1166 1167 1168 1169 1171 1172 1174 1175 1178 1181 1183 1184 1185 1186 1187 1188 1190 1191 1192 1193 1194 1195 1196 1198 1199 1200 1201 1202 1203 1204 1205 1206 1207 1209 1210 1211 1212 1213 1214 1215 1216 1217 1220 1221 1222 1223 1224 1225 1227 1229 1230 1232 1233 1234 1235 1236 1237 1238 1241 1242 1243 1244 1245 1246 1247 1248 1251 1252 1253 1254 1256 1257 1258 1259 1260 1261 1263 1264 1266 1267 1268 1269 1270 1272 1273 1275 1278 1290 1291 1293 1295 1297 1299 1300 1302 1303 1304 1305 1306 1310 1311 1315 1317 1318 1319 1322 1324 1325 1326 1327 1328 1331 1332 1333 1334 1335 1336 1337 1338 1339 1344 1345 1346 1354 1355 1357 1362 1363 1364 1365 1367 1368 1369 1372 1373 1374 1376 1379 1380 1382 1383 1385 1387 1388 1389 1391 1393 1395 1396 1397 1398 1399 1407 1408 1409 1410 1411 1412 1413 1414 1417 1418 1421 1422 1423 1424 1425 1427 1428 1430 1431 1432 1433 1434 1435 1437 1438 1443 1445 1447 1451 1453 1454 1458 1459 1460 1461 1464 1465 1466 
Days = 28
Shift constraints
8 24
8 20
4 24
0 28
4 24
4 5
true
true
Forbidden sequences = 2
3 1 
2 3 

