# Randomly generated data for the integrated task scheduling and personnel rostering problem, skilling=0,600 and tightness=0,600 seed=161280
Tasks = 1390
478 553 15
445 527 12
424 471 10
578 649 7
420 488 19
443 504 19
925 1003 20
423 525 8
769 838 7
589 638 16
422 550 20
774 817 24
570 669 13
768 832 14
439 511 9
590 688 20
575 636 22
420 496 11
451 538 20
530 627 12
823 894 2
797 926 3
585 719 7
774 833 6
589 659 26
516 561 9
801 867 9
614 693 24
435 541 5
785 852 2
458 538 23
423 525 17
443 484 14
577 657 3
637 713 12
576 658 16
766 826 19
421 505 15
578 675 1
585 681 23
792 872 13
784 836 18
774 889 1
678 766 13
570 644 9
430 508 23
425 494 17
575 646 0
573 651 12
420 536 11
770 871 13
613 678 3
577 635 26
775 850 23
772 877 17
765 813 21
536 631 11
769 827 17
423 494 21
774 874 7
686 725 1
437 505 2
766 872 25
880 934 1
685 747 15
801 937 5
765 907 24
570 598 25
422 516 20
575 660 2
767 861 17
766 801 2
939 1026 24
423 479 15
427 514 21
625 718 2
604 719 21
766 862 7
670 744 9
768 841 4
874 1004 7
767 844 25
429 506 10
488 587 19
487 576 20
773 919 13
421 509 19
458 522 8
801 932 20
434 539 10
859 965 8
587 616 15
436 554 14
432 511 0
622 689 6
577 678 22
827 863 12
882 953 20
707 758 5
612 748 15
588 700 19
509 585 15
452 544 4
570 644 18
627 742 12
672 742 2
844 881 7
425 453 24
784 891 27
1011 1102 20
661 775 24
429 464 1
592 659 7
794 887 1
457 533 21
421 546 10
765 832 19
652 730 12
765 837 12
869 924 19
765 882 11
426 496 6
573 656 14
521 586 10
843 968 4
592 663 17
714 828 3
421 483 22
650 760 15
766 871 13
566 649 16
778 863 4
573 666 26
421 519 10
937 1024 6
780 818 1
904 1041 1
1048 1098 7
864 910 17
816 917 21
922 996 2
543 649 23
645 714 18
457 509 13
765 840 12
572 672 8
583 636 16
776 892 2
575 666 0
588 684 14
901 961 11
720 810 7
572 677 26
551 614 20
428 517 24
420 517 26
571 639 8
660 761 3
783 818 10
574 650 2
631 743 11
770 832 1
538 611 14
895 978 2
586 692 27
989 1032 2
766 862 4
876 935 12
671 742 7
420 536 22
765 827 14
421 531 27
914 1007 22
871 967 13
939 974 19
421 477 17
761 908 3
524 614 24
842 955 14
551 611 1
873 1001 25
429 488 2
765 879 14
579 672 10
570 654 11
448 547 0
588 680 9
570 686 21
610 698 13
867 981 4
780 873 21
634 765 3
733 821 20
600 667 22
963 1018 11
926 1061 0
767 903 5
681 746 14
819 882 24
843 922 12
528 596 26
700 801 19
786 857 19
836 929 1
420 497 15
695 766 16
723 801 12
830 893 14
886 931 10
480 619 15
802 877 3
570 678 13
614 720 20
573 620 12
1007 1090 25
420 496 18
765 866 13
798 851 26
676 714 8
657 761 25
598 674 10
894 971 14
851 980 23
444 503 3
579 648 10
489 611 2
766 834 16
971 1005 10
575 671 24
949 1032 3
715 802 8
672 777 24
515 562 19
570 662 14
765 870 14
577 631 15
576 663 14
441 495 6
420 510 11
821 909 7
513 642 11
577 674 19
777 847 27
444 531 25
437 488 11
844 964 25
424 481 10
697 787 21
782 875 8
553 661 10
590 675 19
700 754 13
945 1023 1
538 602 27
868 947 4
835 926 16
524 591 5
1029 1118 16
431 537 0
933 1035 16
643 711 8
750 804 14
630 728 15
814 923 8
580 661 15
949 1018 4
784 862 13
942 1073 5
663 756 10
872 936 14
1003 1039 4
572 658 25
765 869 26
612 680 26
887 926 13
925 1035 12
983 1105 23
666 772 14
680 723 13
1028 1107 4
668 791 17
871 999 9
833 890 13
793 877 5
420 557 14
461 573 24
871 993 13
1036 1184 6
770 843 24
880 976 26
685 781 22
679 748 14
425 552 0
769 883 25
884 970 7
512 584 19
470 561 19
776 854 6
768 851 7
497 560 18
1005 1102 0
893 1019 24
598 688 5
1044 1120 4
427 520 23
684 756 16
573 640 25
565 610 14
467 535 24
519 578 10
860 946 1
537 620 17
892 941 25
776 868 14
872 1007 14
758 884 14
1117 1227 23
820 928 8
648 744 26
846 891 19
675 760 22
968 1063 8
660 805 16
1048 1144 16
572 649 23
947 1020 6
868 940 27
775 859 23
967 1000 13
580 655 15
968 1025 13
587 663 3
494 560 8
766 856 20
427 558 2
571 652 12
933 1043 7
421 492 26
1024 1105 26
420 546 1
573 637 14
720 812 24
425 504 9
731 790 12
1125 1228 8
586 701 15
870 946 14
1003 1068 17
520 628 6
575 685 18
539 651 23
972 1047 14
684 805 26
490 570 1
662 743 10
783 886 8
586 691 5
815 904 26
701 780 15
611 706 12
423 514 0
1049 1163 14
553 610 0
918 977 14
945 994 22
578 678 24
520 599 23
934 973 1
842 911 4
834 881 15
583 648 22
621 716 5
442 487 7
498 609 22
420 471 18
711 777 23
809 843 17
989 1060 14
579 655 10
1145 1230 16
577 696 20
769 870 7
583 675 20
769 905 26
713 793 8
812 908 5
920 985 13
560 643 20
534 598 21
795 896 21
962 1032 8
595 691 22
544 626 6
428 507 9
869 970 6
885 963 14
940 1054 27
511 605 7
621 745 12
857 939 20
778 824 27
791 896 2
813 905 19
701 769 26
970 1042 14
463 569 27
528 592 10
882 960 0
589 653 20
807 889 17
446 510 3
702 803 5
733 789 7
912 992 4
603 663 26
518 580 11
483 570 13
925 1019 13
795 874 12
572 680 22
681 741 11
937 998 8
799 862 8
620 715 13
631 719 6
769 841 15
1003 1103 13
939 1000 19
570 678 21
536 611 22
715 760 18
860 919 23
724 840 13
605 676 21
792 871 12
907 1021 24
531 595 19
994 1056 19
776 866 10
598 704 25
899 941 21
655 738 10
1004 1061 4
630 742 6
573 635 21
579 646 24
455 493 27
873 947 13
521 615 11
497 575 15
971 1005 6
688 740 21
797 842 7
1071 1142 13
808 904 9
422 529 17
937 968 20
668 763 9
661 723 20
421 492 25
624 734 14
509 586 19
747 829 12
871 989 12
743 835 19
689 785 0
420 512 20
767 899 18
983 1083 2
594 682 19
867 911 8
963 1013 8
925 1017 11
420 545 21
951 994 13
526 597 8
1083 1158 19
434 516 21
766 837 16
592 674 0
631 744 17
734 816 1
821 862 5
622 767 5
581 642 6
520 575 13
592 661 19
870 939 16
1076 1203 5
929 1028 23
1108 1153 13
807 908 9
644 739 11
897 978 9
503 573 17
944 1006 26
653 723 8
1005 1084 9
509 560 9
787 876 0
516 624 0
810 900 16
427 504 4
769 857 9
576 653 15
938 1038 2
893 975 1
494 562 10
702 745 5
526 608 11
902 959 12
833 865 3
909 1005 5
1115 1156 20
912 1000 14
545 656 21
474 539 10
813 877 6
848 957 17
668 765 15
773 861 4
612 710 22
1025 1132 13
977 1091 1
1062 1131 27
732 811 15
989 1049 12
765 899 18
889 975 4
750 829 6
786 868 18
734 807 19
745 809 6
499 602 25
755 877 13
643 682 21
721 830 22
940 1048 15
681 755 26
906 960 6
909 1040 2
1029 1107 1
708 762 6
676 796 20
820 895 9
769 881 12
878 978 17
808 884 20
526 629 21
672 780 15
1171 1234 13
1018 1075 11
874 970 7
551 664 1
742 819 11
648 735 12
637 718 14
1133 1187 13
649 761 24
945 1038 16
703 757 24
805 879 12
689 796 25
978 1035 0
958 1028 14
806 854 22
831 872 12
667 784 26
514 621 20
993 1059 4
923 1023 12
977 1049 12
666 718 6
1038 1118 3
643 710 24
970 1021 7
797 863 0
1087 1213 23
1073 1131 4
918 980 21
972 1102 7
1136 1233 4
476 588 18
544 664 10
1048 1133 1
1024 1094 24
902 954 18
992 1100 26
874 942 3
748 809 21
682 771 24
873 949 18
841 918 17
598 672 17
885 997 24
838 908 22
684 744 7
898 987 27
822 925 26
640 685 25
748 820 17
694 765 15
518 612 20
761 904 18
664 731 1
613 677 0
548 618 8
841 886 26
686 738 18
685 751 25
657 758 23
855 926 0
566 620 9
765 822 8
736 810 15
498 559 26
1005 1046 8
705 807 25
603 694 25
678 781 17
761 847 20
599 675 10
769 860 8
609 706 22
710 829 22
784 839 22
1031 1124 5
802 908 12
601 658 8
887 944 20
799 858 6
656 700 11
578 639 4
778 856 11
698 770 16
607 710 3
514 575 21
741 830 3
768 869 3
627 666 18
960 1037 18
574 645 16
1003 1046 24
925 1002 27
702 759 2
942 1047 21
420 516 7
577 653 10
659 731 6
1003 1128 13
654 785 15
452 539 27
606 689 3
653 739 1
428 467 24
939 1052 20
697 804 26
574 645 2
1146 1214 13
837 916 16
530 643 9
743 803 25
469 558 9
781 853 11
657 738 10
575 684 25
660 731 2
922 958 17
747 830 0
773 814 25
660 720 21
1056 1086 27
514 649 27
619 702 8
632 739 15
651 725 23
980 1076 17
746 824 15
614 733 0
1090 1230 2
758 822 24
745 807 10
616 744 19
550 644 17
1050 1108 12
835 938 22
647 728 4
975 1032 3
430 543 19
628 726 20
549 602 10
551 595 4
1032 1155 14
868 919 8
588 710 18
1049 1151 3
652 705 12
656 728 21
737 769 0
573 686 19
432 501 5
981 1075 21
908 952 18
666 713 10
1065 1170 24
829 879 22
723 792 19
517 587 7
1058 1126 24
576 697 27
470 534 10
507 620 4
472 530 25
722 798 18
743 807 11
1120 1214 12
619 753 24
713 813 11
1140 1230 4
577 671 4
739 829 10
741 811 22
623 706 4
954 1029 16
745 822 27
919 1041 19
862 913 15
588 693 2
585 680 2
912 985 26
783 876 17
923 1040 26
439 530 23
1132 1216 24
658 734 23
733 817 23
699 782 3
773 862 24
795 930 19
1043 1097 0
994 1119 19
989 1048 19
820 956 1
444 580 6
1038 1131 26
647 760 10
1076 1157 22
633 721 11
1188 1218 6
1012 1113 5
650 776 24
769 837 2
560 632 18
1091 1205 9
573 636 9
685 805 25
446 514 3
792 909 18
668 751 19
1094 1127 25
1107 1227 24
905 1009 9
444 572 17
856 944 22
755 839 18
969 1089 25
1012 1073 7
578 673 25
866 941 5
715 842 16
675 740 10
794 886 23
694 825 2
651 753 0
779 842 5
605 739 23
926 1031 17
706 735 4
605 681 27
993 1039 1
629 706 22
864 940 24
786 878 15
593 708 10
1134 1193 12
708 808 12
819 928 25
949 1049 20
784 888 4
594 667 13
742 808 7
727 803 20
583 683 12
624 688 11
767 872 23
762 867 4
947 1049 24
612 747 23
1070 1134 17
819 898 12
621 693 9
743 815 4
1075 1171 21
1114 1210 7
1014 1096 10
809 911 25
1039 1101 17
831 932 3
742 776 18
792 911 7
1008 1146 14
509 565 23
1062 1135 14
576 694 21
580 663 13
705 794 19
728 813 21
888 961 24
650 775 0
777 848 10
826 945 2
1031 1139 20
911 995 25
732 797 1
815 921 7
677 796 15
505 610 11
760 870 24
1133 1226 27
449 553 23
1047 1154 12
836 957 19
687 760 22
750 876 23
600 689 0
801 877 18
718 806 6
799 862 19
1066 1170 16
903 964 3
775 881 0
876 989 4
714 781 21
700 780 22
794 901 15
769 832 13
741 811 14
910 951 18
988 1103 26
653 748 10
703 774 27
843 937 4
674 781 9
957 1044 1
835 888 12
920 974 8
697 787 27
425 490 25
1094 1130 7
817 901 26
936 1005 25
994 1049 13
914 1044 3
720 818 20
580 643 13
787 856 27
715 799 10
648 779 16
592 672 23
793 869 5
914 976 11
1080 1163 7
793 905 9
760 890 18
747 834 23
676 793 23
960 1046 17
953 1043 18
534 655 0
656 781 27
1044 1143 11
544 586 5
1139 1206 16
581 670 9
1006 1063 6
819 878 20
972 1081 2
982 1091 6
958 1048 18
839 922 26
778 866 18
1023 1150 7
1102 1230 17
857 898 7
599 642 6
757 859 2
508 624 21
420 498 27
866 948 16
811 930 10
892 951 18
821 915 6
1022 1123 19
1159 1232 20
1107 1233 1
770 887 6
678 810 21
1010 1116 14
843 877 23
598 683 3
814 872 15
754 832 20
1086 1204 1
535 631 3
959 1013 18
649 730 17
801 876 10
825 886 26
811 884 6
873 966 12
959 1035 2
625 665 24
856 910 24
774 848 7
1089 1170 25
784 851 16
639 730 2
1156 1212 11
920 1002 9
940 997 9
897 957 3
942 1071 25
1127 1222 25
787 873 26
780 817 10
836 929 3
794 882 20
707 779 25
716 808 13
692 767 23
1157 1201 14
782 843 23
810 950 21
798 870 26
958 1044 26
854 915 13
482 602 17
754 855 17
906 997 26
1110 1218 4
457 573 4
805 875 15
753 866 25
1176 1231 2
791 883 1
771 850 2
514 617 27
957 1049 4
809 937 16
1024 1127 12
899 969 18
667 742 13
1039 1164 18
900 958 8
833 902 15
828 895 12
1067 1143 2
1149 1225 17
998 1058 11
1039 1113 2
1017 1097 18
680 721 1
940 1028 3
823 877 21
873 930 23
885 980 10
829 928 24
657 745 11
1159 1227 2
588 694 7
677 722 25
1031 1087 9
677 750 4
1122 1224 3
515 596 2
1048 1116 8
673 763 20
457 530 2
731 776 16
447 514 10
705 790 21
845 963 22
713 743 22
1123 1203 4
801 879 19
931 998 1
724 865 14
589 689 5
794 855 1
1145 1230 5
754 846 19
872 961 5
1066 1133 25
972 1042 5
812 869 14
749 875 19
918 973 24
849 980 7
946 1047 22
688 811 3
889 994 18
836 902 13
770 830 16
614 680 9
911 988 12
533 609 3
1004 1074 3
950 1014 0
628 752 20
797 884 23
987 1063 17
966 1084 8
1136 1233 1
722 798 25
742 826 13
969 1069 18
963 1042 26
448 574 21
800 877 1
610 683 17
691 808 14
841 912 16
860 965 2
842 907 23
739 834 2
692 775 17
1032 1097 8
603 643 27
439 479 9
822 864 3
732 828 10
735 846 4
962 1052 8
927 1036 26
918 1022 13
834 931 12
883 979 0
772 847 4
880 951 7
783 878 24
1049 1188 0
649 758 17
775 824 6
883 953 14
1069 1144 18
803 873 25
550 656 0
900 1010 7
644 749 27
937 1022 7
865 985 0
822 924 5
925 1039 22
1108 1190 26
1170 1228 18
1008 1089 9
579 634 1
999 1114 4
1042 1118 23
1203 1234 12
594 641 8
937 1003 6
780 838 24
883 940 24
1172 1221 13
1098 1232 8
791 851 27
1179 1232 16
662 712 0
532 599 10
907 973 9
597 663 8
851 932 16
914 1043 15
940 992 21
597 661 11
868 913 25
1072 1121 25
1167 1230 25
532 635 2
933 1075 23
727 793 21
761 817 10
1033 1101 24
618 707 26
915 975 26
836 948 11
695 766 7
648 708 2
1171 1220 7
948 1031 22
639 740 1
963 1054 22
899 930 25
918 1046 13
760 843 11
801 930 25
809 866 21
879 979 26
729 804 2
978 1039 25
849 940 21
681 740 9
1134 1230 24
651 699 4
948 1031 24
1164 1233 14
776 916 16
624 745 10
804 886 9
693 778 9
831 965 13
685 767 13
748 842 11
892 1009 20
839 909 27
573 635 4
1161 1227 3
582 661 19
820 878 11
909 979 15
1029 1124 23
1136 1197 12
813 865 14
660 789 8
1076 1186 23
959 1018 3
734 820 2
989 1096 7
668 774 21
633 705 4
807 880 11
728 822 21
1154 1234 4
647 696 3
761 870 11
845 972 3
655 730 8
987 1036 0
1131 1197 9
934 1040 15
1155 1231 7
866 977 23
1017 1101 1
1054 1128 19
1102 1193 8
804 870 15
1071 1145 6
950 1034 27
773 878 0
888 944 22
970 1022 5
1074 1202 18
912 1029 25
1000 1044 24
722 778 21
920 996 16
1086 1211 2
1037 1106 3
969 1041 14
902 978 11
706 745 23
658 750 11
714 748 14
941 1027 10
1019 1108 13
972 1046 18
970 1048 20
972 1049 12
801 873 19
671 802 11
664 767 8
1116 1212 6
768 879 7
1151 1232 14
1028 1089 16
939 1048 16
771 859 23
1150 1217 20
768 869 8
782 857 10
780 876 9
962 1062 24
1124 1220 23
919 1047 6
933 988 2
638 747 10
1003 1102 4
908 938 23
609 659 27
1053 1159 20
931 1013 16
1108 1205 27
688 803 23
731 839 8
1115 1233 7
898 996 6
667 751 19
866 929 21
967 1048 13
633 702 21
644 745 10
1004 1118 27
818 874 20
1146 1233 6
477 530 5
878 961 6
1116 1234 13
761 875 0
738 842 3
852 905 16
910 993 15
810 892 10
816 896 3
1135 1189 7
835 928 13
992 1028 4
1158 1232 14
825 906 25
813 864 21
474 559 0
896 945 23
694 796 9
1123 1187 14
866 953 27
762 902 2
677 760 2
797 905 10
957 1039 10
1092 1230 11
1186 1231 23
852 912 9
785 879 17
940 1026 15
1193 1223 17
737 847 11
962 1022 6
750 865 23
1069 1141 24
806 877 20
826 920 5
1139 1226 19
1119 1229 11
752 878 10
1052 1104 21
940 1049 16
966 1042 14
948 1020 1
996 1130 3
1083 1219 17
837 878 10
852 933 11
790 886 22
878 995 15
760 835 11
1105 1211 26
1181 1230 25
568 673 5
944 993 13
927 1046 7
789 878 26
1167 1234 8
879 958 18
791 862 15
713 823 19
981 1049 0
791 875 21
993 1021 23
936 998 2
754 850 6
897 973 8
720 850 0
1092 1228 1
995 1049 25
590 653 8
1201 1234 12
897 1024 12
633 760 18
1079 1167 11
1149 1209 9
757 861 1
976 1032 20
911 1024 18
943 1021 21
900 976 3
898 1019 6
703 812 0
903 1019 2
1188 1231 14
1122 1179 27
1048 1152 1
792 868 8
950 1047 21
1020 1106 16
1034 1149 18
1111 1230 7
1013 1075 7
1144 1234 18
759 835 3
1020 1108 6
847 879 4
995 1044 23
777 871 8
949 996 9
1108 1233 16
733 848 0
1172 1234 21
1105 1220 19
854 910 22
905 1003 14
956 1031 4
1159 1234 20
1086 1150 6
822 878 17
1012 1103 20
954 1048 15
715 843 21
1122 1232 25
930 1023 21
847 921 23
990 1049 12
1170 1216 0
753 857 10
1073 1167 9
960 1053 4
809 865 9
928 988 5
746 828 2
1065 1146 4
747 876 22
845 938 20
798 829 8
938 1041 24
785 874 13
994 1048 5
887 925 9
892 949 12
941 1049 2
932 1014 16
942 1043 5
952 1047 3
1016 1090 9
751 814 6
1183 1227 27
738 809 3
906 1007 16
940 1026 25
835 878 10
1116 1191 5
1142 1233 23
1188 1232 13
910 1042 12
786 871 21
914 1047 25
1078 1206 7
1104 1226 18
1174 1234 1
1104 1193 10
823 879 21
805 858 9
807 868 16
783 878 10
626 743 25
1070 1150 19
574 647 3
928 1020 22
954 1044 23
658 749 6
918 1038 16
980 1041 22
1147 1222 4
1144 1233 24
786 872 27
693 742 5
620 692 21
778 839 24
761 876 18
917 995 11
892 960 22
983 1033 8
Shifts = 4
0 0 0 0 0 0
420 0 0 460 0 0
570 0 0 480 0 0
765 0 0 470 0 0
Employees = 20
849: 0 1 2 3 9 10 13 15 16 17 18 19 21 23 24 26 30 31 33 34 35 37 38 42 43 44 46 49 51 53 54 55 58 60 62 64 66 67 68 69 70 71 73 74 75 76 77 79 82 83 84 85 88 89 90 91 92 95 97 98 100 101 102 103 104 105 106 108 111 112 113 114 115 116 117 119 121 123 124 128 131 133 134 137 138 140 141 144 146 147 148 152 153 156 158 159 163 164 166 171 173 176 178 180 181 182 183 187 189 191 194 195 199 200 201 202 203 204 205 207 208 209 210 211 212 213 215 216 217 218 219 220 221 226 228 229 231 232 234 235 237 238 240 241 242 243 244 245 247 248 250 251 252 253 254 255 258 259 260 262 264 265 266 267 268 269 270 271 272 274 276 278 281 282 283 284 286 287 288 290 292 293 295 296 297 299 300 301 302 303 305 306 307 309 314 316 317 318 319 323 324 326 327 329 331 333 342 343 346 350 351 352 353 354 357 358 360 361 363 366 368 369 370 372 373 374 375 377 381 382 383 387 388 389 390 391 395 396 397 398 399 401 403 404 405 406 408 409 410 411 415 416 417 420 423 425 426 427 430 431 432 433 434 436 437 439 440 441 444 446 449 450 451 453 454 455 456 458 460 461 464 465 470 471 472 473 475 476 477 479 481 482 484 485 487 488 491 492 493 494 496 500 501 504 506 507 508 509 511 512 513 514 516 517 518 519 525 526 527 530 531 532 533 534 535 536 537 538 539 541 543 544 545 547 550 553 554 556 557 558 559 560 562 564 565 566 569 570 572 573 575 576 578 580 581 582 583 585 586 587 589 591 593 594 596 598 600 602 604 605 606 610 611 612 615 618 619 621 622 624 625 627 628 629 633 634 636 637 640 642 646 648 650 652 653 656 657 658 659 661 662 663 667 670 671 672 673 676 677 678 679 680 681 682 683 684 685 687 688 690 692 694 695 697 698 699 700 701 702 703 705 706 709 710 711 712 713 714 717 718 721 722 723 724 726 727 728 729 732 733 734 735 736 740 741 744 745 748 749 750 751 752 755 756 757 759 762 763 765 766 767 769 771 775 777 778 781 782 783 787 788 789 791 792 793 794 795 796 799 800 802 803 804 805 806 809 811 814 815 816 817 818 819 821 822 823 825 826 827 829 833 834 835 836 837 838 839 840 841 843 844 845 846 847 848 849 850 852 854 855 856 857 858 859 860 861 862 863 864 865 866 867 868 874 875 876 878 880 883 885 886 887 889 892 893 894 895 897 898 900 902 904 906 907 909 911 912 916 918 920 921 922 924 926 927 930 932 934 935 938 939 942 944 945 946 948 950 951 952 954 955 956 957 958 959 960 961 962 963 964 965 966 967 968 971 972 973 974 977 979 980 982 983 986 987 988 991 992 993 994 995 996 998 1000 1001 1003 1004 1005 1006 1008 1009 1010 1011 1012 1013 1014 1015 1016 1018 1021 1022 1023 1026 1030 1034 1035 1037 1038 1039 1040 1041 1042 1043 1044 1046 1047 1048 1049 1050 1053 1056 1058 1059 1060 1062 1063 1064 1066 1071 1072 1080 1081 1085 1089 1090 1091 1094 1095 1096 1097 1098 1099 1100 1102 1103 1104 1105 1107 1108 1110 1112 1113 1114 1118 1119 1121 1122 1123 1125 1128 1129 1131 1132 1135 1136 1138 1139 1143 1148 1153 1154 1156 1158 1159 1160 1161 1162 1163 1164 1165 1168 1171 1172 1174 1175 1177 1178 1179 1180 1182 1186 1189 1190 1191 1192 1193 1194 1196 1198 1200 1202 1203 1204 1205 1206 1207 1208 1209 1211 1212 1213 1215 1218 1222 1223 1224 1225 1227 1228 1229 1233 1234 1235 1236 1237 1239 1240 1244 1245 1246 1247 1249 1251 1252 1255 1259 1260 1263 1270 1271 1273 1276 1282 1284 1285 1288 1291 1292 1294 1295 1296 1299 1301 1302 1304 1305 1306 1308 1309 1310 1314 1315 1317 1318 1319 1320 1325 1327 1328 1331 1332 1333 1334 1337 1338 1339 1341 1342 1343 1346 1347 1348 1352 1353 1354 1355 1356 1357 1360 1361 1363 1367 1368 1369 1370 1371 1373 1375 1376 1377 1379 1380 1382 1383 1384 1385 1386 1387 1389 
863: 0 1 2 3 5 6 9 10 11 12 13 14 18 19 21 22 23 24 25 26 28 29 30 31 32 34 35 36 37 43 48 49 51 52 54 55 56 60 63 65 66 68 71 75 76 77 78 81 82 83 85 86 87 88 90 93 95 96 97 101 103 104 105 106 107 108 109 111 112 113 115 116 118 120 121 123 124 126 129 130 131 132 133 135 136 137 138 143 144 145 146 147 148 150 151 152 155 156 161 162 163 166 168 169 173 176 177 178 180 181 182 183 184 186 187 188 190 191 194 195 200 201 203 204 205 206 208 210 211 214 215 216 217 218 219 220 221 222 223 224 225 226 228 229 230 234 235 236 237 238 241 244 247 248 249 251 252 254 256 257 258 259 260 263 264 265 268 269 270 273 274 275 276 278 279 282 283 285 286 290 292 296 298 301 303 305 307 309 310 311 312 313 315 316 317 318 321 322 323 326 327 328 330 336 337 340 343 344 345 347 348 354 355 356 357 358 363 366 368 369 372 377 378 379 382 383 384 385 386 387 389 392 393 395 396 398 400 401 402 403 404 405 407 408 409 410 412 413 414 417 419 420 422 424 425 426 428 429 430 431 433 438 439 440 441 446 447 448 451 454 455 456 457 458 459 461 462 464 465 467 470 471 472 473 475 476 477 478 479 480 481 482 484 485 486 487 488 490 491 493 494 495 496 498 499 500 501 504 505 506 507 508 509 510 511 512 513 515 516 517 518 520 524 527 528 530 531 533 535 536 539 541 543 545 547 548 549 551 553 554 555 556 562 563 564 567 570 572 574 575 581 584 587 588 589 590 591 593 594 595 596 597 598 599 600 601 602 603 604 605 606 608 610 612 614 615 616 618 620 621 622 623 625 627 629 630 631 633 634 636 637 639 642 643 644 646 648 649 652 653 656 657 658 661 662 663 665 667 668 669 672 673 674 675 677 678 680 681 682 687 691 692 693 694 695 696 697 699 700 701 703 704 705 707 711 712 713 714 715 716 718 719 720 722 724 728 729 730 731 733 734 736 738 739 742 744 745 746 749 751 753 754 755 757 759 761 762 763 764 765 767 768 769 770 771 773 775 776 777 778 779 780 782 786 787 789 792 793 794 796 797 798 799 800 801 802 803 804 805 806 807 809 811 812 813 814 815 816 817 818 819 822 823 826 827 829 831 833 836 837 838 842 843 844 846 847 850 851 852 853 856 857 859 860 863 867 870 871 873 874 875 876 878 879 880 885 887 890 892 893 894 895 897 900 903 904 905 907 908 909 910 911 912 913 915 916 918 919 920 921 923 924 926 929 930 932 933 935 937 938 939 940 941 942 943 944 945 946 948 950 952 954 956 959 960 961 962 964 965 968 969 971 973 974 975 979 981 982 983 985 986 990 991 992 996 997 1000 1001 1002 1004 1005 1006 1007 1009 1010 1013 1014 1017 1018 1019 1022 1023 1024 1025 1026 1027 1029 1031 1032 1034 1035 1037 1038 1041 1042 1043 1046 1047 1048 1049 1050 1051 1052 1054 1055 1058 1059 1060 1061 1066 1067 1068 1069 1071 1074 1075 1076 1077 1079 1080 1081 1084 1086 1087 1089 1091 1092 1094 1096 1099 1100 1101 1102 1104 1105 1108 1109 1110 1111 1113 1115 1117 1120 1121 1125 1126 1127 1130 1131 1132 1133 1134 1136 1137 1138 1140 1142 1143 1144 1146 1148 1149 1153 1154 1155 1156 1159 1161 1163 1164 1165 1167 1169 1172 1173 1179 1180 1182 1183 1184 1185 1186 1188 1189 1191 1192 1193 1194 1195 1196 1198 1200 1201 1202 1209 1210 1211 1213 1214 1215 1217 1219 1220 1221 1222 1223 1225 1226 1227 1230 1231 1232 1234 1238 1239 1242 1243 1244 1245 1246 1248 1250 1252 1254 1255 1257 1258 1259 1260 1261 1263 1264 1266 1270 1271 1273 1275 1276 1279 1280 1281 1282 1283 1284 1285 1288 1290 1292 1293 1294 1295 1296 1297 1298 1299 1301 1302 1303 1305 1307 1308 1311 1312 1313 1314 1315 1317 1319 1320 1321 1322 1323 1325 1328 1330 1332 1337 1338 1340 1341 1342 1346 1347 1349 1350 1351 1352 1354 1355 1356 1357 1359 1360 1361 1363 1364 1365 1366 1367 1368 1369 1370 1372 1373 1374 1377 1378 1379 1380 1381 1384 1386 1387 
819: 1 2 3 4 8 10 12 13 16 17 20 22 28 32 33 34 35 37 39 41 42 44 47 50 52 54 56 57 58 59 61 64 65 66 67 68 69 71 72 73 74 77 79 81 83 86 88 91 92 93 95 96 97 99 100 102 105 108 109 110 112 113 115 116 119 120 122 125 127 128 131 132 133 134 135 137 139 140 141 142 145 147 148 151 152 154 155 156 157 159 162 165 166 167 168 173 175 176 177 178 179 181 182 183 185 186 188 189 190 193 194 195 197 200 201 204 206 207 208 209 210 212 213 216 217 218 219 221 224 226 227 228 230 233 235 236 237 238 241 243 244 245 246 258 261 262 263 264 265 266 267 268 269 270 272 274 276 277 278 281 282 285 286 287 293 294 295 296 297 300 301 303 304 306 308 309 311 313 316 319 321 322 323 324 326 328 331 336 337 338 339 340 341 344 345 349 356 357 358 359 360 361 362 363 364 365 367 372 374 375 376 380 381 382 384 385 394 395 396 397 398 399 400 401 402 403 404 405 407 408 409 410 411 412 413 414 416 417 418 419 420 421 423 426 427 431 435 436 437 438 441 442 444 446 447 449 450 451 452 454 456 459 461 462 463 466 467 468 472 475 477 478 479 480 481 482 483 485 486 487 488 489 490 494 496 497 499 500 501 502 505 506 508 509 510 513 516 517 518 519 520 521 522 523 525 526 529 530 533 535 536 538 539 541 542 544 546 547 548 551 554 555 560 561 567 568 570 571 574 575 576 578 579 581 583 584 586 588 589 590 591 595 596 597 599 601 603 606 607 608 610 613 615 616 619 621 623 625 626 629 630 631 632 633 635 639 642 644 652 654 656 657 658 659 660 662 663 664 665 666 667 668 669 671 672 673 675 676 677 680 684 686 688 689 690 692 694 695 698 699 700 701 702 704 705 706 707 708 709 710 713 714 716 717 718 720 722 723 726 728 729 730 731 733 734 735 736 738 739 740 741 744 745 746 747 751 752 754 755 757 758 760 761 762 763 764 766 767 768 769 770 773 776 778 779 781 783 784 790 791 792 794 796 797 799 804 805 806 808 809 811 812 813 814 815 818 819 820 821 824 825 826 827 829 833 835 840 843 844 845 847 848 850 851 854 855 856 857 859 863 865 867 869 871 872 875 877 879 880 884 885 886 887 890 891 892 894 895 896 901 902 903 907 908 909 910 911 913 914 916 919 920 922 928 929 930 934 935 936 937 938 939 940 941 942 943 946 947 949 950 951 953 954 957 958 959 960 961 962 965 967 972 975 976 977 979 981 982 984 985 987 988 990 991 992 993 996 997 998 1000 1002 1003 1004 1005 1006 1013 1014 1015 1016 1018 1019 1021 1022 1025 1026 1030 1031 1032 1033 1034 1035 1036 1041 1043 1044 1046 1048 1049 1051 1052 1055 1056 1057 1058 1060 1062 1064 1065 1066 1068 1069 1070 1071 1073 1074 1075 1076 1080 1081 1082 1083 1084 1085 1086 1088 1089 1090 1091 1093 1094 1095 1096 1097 1098 1099 1100 1101 1102 1103 1104 1106 1107 1109 1110 1111 1112 1113 1114 1117 1118 1119 1120 1123 1124 1125 1126 1127 1129 1130 1131 1135 1136 1137 1138 1139 1140 1141 1142 1144 1146 1147 1150 1151 1152 1155 1156 1157 1158 1159 1160 1164 1167 1168 1169 1172 1173 1174 1177 1179 1180 1181 1184 1188 1191 1192 1193 1194 1196 1202 1203 1204 1205 1207 1208 1210 1212 1213 1214 1216 1217 1218 1219 1221 1222 1224 1225 1232 1233 1235 1236 1237 1238 1241 1243 1245 1246 1247 1248 1252 1254 1255 1259 1261 1262 1264 1265 1266 1267 1269 1270 1272 1273 1274 1276 1277 1278 1279 1280 1281 1282 1284 1286 1289 1292 1293 1295 1296 1298 1299 1303 1304 1305 1306 1311 1312 1313 1314 1316 1318 1319 1320 1321 1323 1324 1329 1330 1331 1332 1335 1336 1337 1338 1342 1343 1345 1346 1347 1350 1352 1353 1356 1357 1361 1362 1363 1364 1365 1368 1369 1371 1373 1374 1375 1377 1378 1380 1385 1387 1388 
818: 0 2 3 7 9 11 15 18 19 20 22 24 27 28 30 31 33 37 40 42 43 44 45 47 48 49 52 53 54 56 58 59 60 64 65 71 72 73 76 77 78 79 80 81 82 84 85 89 91 92 93 94 98 99 100 101 102 103 104 105 107 109 115 117 118 119 120 121 122 123 124 125 128 130 131 133 135 136 137 139 141 144 146 149 150 151 153 154 155 156 157 158 159 161 162 163 167 169 170 173 174 175 176 179 181 182 184 185 186 188 192 193 194 198 199 202 204 205 207 208 212 214 216 221 222 223 224 228 229 230 232 236 237 242 243 244 245 247 249 250 254 255 256 257 258 263 264 265 266 268 270 271 272 273 274 275 276 277 279 283 285 286 289 290 293 296 297 301 306 308 309 310 314 315 316 317 319 320 321 322 323 326 327 328 329 330 332 336 338 339 340 341 342 343 344 348 351 352 353 354 356 357 358 360 361 362 365 366 371 373 375 376 377 379 381 382 384 385 387 391 394 396 397 398 400 401 402 405 407 408 411 412 413 415 419 421 422 425 426 427 428 429 431 432 433 434 435 436 437 439 441 442 444 445 447 449 450 451 452 454 455 456 458 463 464 465 466 469 470 472 473 474 478 479 482 483 485 486 487 488 489 490 492 495 496 500 502 503 504 505 507 509 510 513 515 517 519 521 522 523 526 527 528 535 536 540 541 544 545 546 547 548 549 550 551 553 555 557 558 559 561 568 569 570 571 572 573 575 576 577 578 579 580 581 582 584 587 590 592 593 594 596 597 599 601 603 605 606 607 608 610 615 616 619 620 623 624 625 628 629 631 632 634 635 637 638 639 642 643 644 646 647 649 650 651 653 654 656 657 658 659 662 663 664 666 669 671 672 673 674 675 676 678 680 683 685 687 688 689 691 692 694 695 698 699 700 703 704 705 708 710 711 713 714 715 716 718 720 721 722 723 724 725 726 728 733 734 735 737 738 739 740 741 742 745 747 748 750 755 756 759 761 763 765 766 767 768 772 774 778 780 781 784 785 787 788 792 793 794 795 797 799 800 801 802 804 805 807 808 809 810 811 813 814 815 816 817 819 820 821 822 823 824 825 830 832 833 834 835 836 840 841 842 845 846 847 848 851 852 854 855 856 858 859 860 861 863 864 865 866 869 870 871 873 876 878 880 881 882 883 885 886 887 888 891 892 893 894 895 896 897 898 899 900 901 903 905 908 910 911 912 913 914 915 916 918 919 920 922 924 926 927 929 930 931 934 936 937 938 939 942 943 944 945 946 947 948 949 950 956 957 958 961 963 964 967 968 969 970 973 974 976 978 979 981 982 983 984 985 986 988 990 992 994 996 998 999 1002 1003 1004 1006 1007 1008 1011 1012 1015 1016 1018 1019 1021 1022 1025 1026 1027 1029 1030 1031 1032 1033 1037 1038 1039 1043 1044 1047 1049 1051 1052 1054 1055 1056 1060 1061 1063 1065 1066 1068 1069 1074 1075 1076 1077 1078 1081 1082 1083 1086 1087 1088 1098 1099 1102 1104 1105 1106 1108 1110 1112 1113 1114 1115 1116 1117 1120 1121 1122 1123 1127 1128 1130 1131 1132 1134 1137 1139 1142 1143 1146 1147 1148 1149 1150 1151 1152 1155 1161 1162 1163 1165 1166 1167 1168 1172 1173 1174 1175 1176 1178 1181 1182 1183 1185 1187 1188 1190 1192 1193 1194 1196 1197 1201 1202 1204 1205 1207 1209 1213 1214 1219 1220 1222 1223 1225 1226 1229 1231 1232 1233 1238 1240 1241 1242 1243 1244 1246 1250 1251 1252 1254 1255 1258 1259 1260 1261 1262 1263 1264 1265 1266 1268 1269 1271 1274 1277 1280 1282 1283 1284 1285 1289 1290 1292 1293 1295 1296 1297 1298 1302 1304 1305 1308 1309 1313 1317 1318 1320 1321 1322 1323 1324 1325 1326 1328 1336 1340 1343 1345 1347 1348 1349 1351 1352 1353 1354 1357 1358 1359 1360 1361 1362 1364 1365 1366 1367 1369 1371 1372 1373 1374 1375 1378 1380 1381 1383 1385 1386 1387 1389 
821: 0 1 3 4 5 6 7 8 10 12 14 15 18 19 20 21 22 23 24 26 28 29 31 34 35 38 39 43 44 45 47 48 49 50 51 54 55 57 58 59 60 61 62 64 65 67 68 69 73 74 75 80 81 83 86 87 92 94 95 97 98 102 103 104 106 110 111 113 114 115 117 118 119 123 124 128 130 131 132 134 135 138 140 141 142 145 146 147 149 150 155 156 157 158 159 160 163 164 166 167 168 170 172 174 175 179 180 182 183 185 186 187 188 192 193 195 197 201 202 204 206 209 210 211 212 213 214 215 218 219 221 222 223 224 225 226 227 228 230 232 234 235 236 237 239 245 246 250 251 256 257 259 260 262 264 265 266 268 270 271 272 273 274 276 278 279 281 284 287 290 291 292 293 294 296 297 299 303 305 309 310 312 313 315 316 319 324 327 328 329 331 332 333 334 337 340 341 342 344 345 347 348 350 351 354 357 359 362 363 364 366 367 368 370 372 373 374 375 376 378 384 385 386 387 389 392 393 394 395 397 399 400 403 406 407 408 415 416 417 418 420 422 423 425 430 432 433 434 435 436 439 441 443 445 449 451 453 457 458 461 462 463 465 468 469 470 474 475 476 482 484 485 486 487 490 491 492 494 496 498 499 500 501 504 506 507 508 511 512 513 515 516 517 518 519 520 521 526 527 528 529 532 535 536 538 543 546 548 550 552 553 555 556 557 558 560 561 562 563 564 565 566 568 569 570 571 572 574 575 578 583 585 586 587 588 589 590 593 594 596 597 600 602 603 605 607 608 609 610 612 614 615 616 617 618 619 620 621 622 625 626 627 628 629 630 634 638 640 641 642 647 648 650 652 653 654 657 658 659 660 661 663 664 665 666 667 668 669 670 671 674 675 676 677 678 679 680 681 682 686 687 688 690 692 697 699 701 702 703 704 708 709 710 711 716 718 719 722 724 725 728 730 731 732 733 735 736 737 738 739 741 744 747 748 749 751 752 754 755 756 757 758 760 763 764 766 767 768 769 770 771 773 774 775 776 779 782 783 785 786 787 789 791 793 794 797 799 800 801 803 804 805 809 810 811 813 815 816 817 819 820 823 825 831 832 833 836 839 843 844 845 846 847 848 850 853 854 855 856 857 858 861 862 863 864 865 866 867 868 870 871 873 874 877 880 881 882 883 884 886 887 888 889 891 894 895 897 901 903 904 908 909 910 911 914 915 918 919 920 921 922 923 926 928 929 932 934 935 937 938 939 940 941 945 947 948 949 950 951 952 954 955 958 959 960 961 962 963 964 965 968 970 974 975 976 977 978 981 982 984 989 990 991 992 993 996 998 1000 1005 1006 1007 1008 1009 1010 1011 1012 1013 1014 1017 1018 1019 1022 1023 1025 1026 1028 1029 1031 1032 1033 1034 1035 1036 1039 1040 1042 1043 1044 1045 1047 1048 1049 1050 1051 1053 1055 1056 1057 1058 1060 1061 1063 1064 1066 1069 1070 1071 1074 1075 1076 1079 1080 1082 1083 1084 1086 1087 1088 1089 1093 1094 1095 1096 1097 1099 1101 1102 1103 1106 1107 1108 1109 1110 1114 1118 1122 1126 1127 1128 1130 1131 1133 1135 1136 1137 1139 1140 1141 1142 1143 1145 1146 1148 1151 1153 1154 1155 1156 1157 1160 1161 1162 1166 1167 1169 1172 1174 1175 1179 1180 1181 1183 1184 1185 1186 1188 1189 1191 1196 1197 1198 1199 1201 1202 1203 1206 1208 1210 1211 1215 1216 1217 1219 1220 1221 1223 1224 1225 1226 1227 1229 1230 1231 1232 1234 1238 1239 1240 1241 1242 1243 1246 1247 1248 1249 1250 1251 1253 1254 1255 1258 1262 1263 1264 1265 1267 1268 1270 1271 1273 1274 1276 1277 1280 1285 1286 1287 1290 1291 1292 1293 1295 1296 1297 1298 1305 1306 1308 1311 1312 1313 1314 1315 1316 1318 1319 1320 1321 1323 1328 1329 1333 1335 1336 1338 1340 1341 1342 1344 1347 1352 1353 1355 1359 1362 1364 1366 1369 1370 1371 1373 1374 1375 1376 1378 1380 1381 1382 1387 1388 1389 
855: 0 1 2 3 5 6 9 10 11 12 13 16 17 18 22 23 24 25 26 27 28 29 33 34 36 38 39 40 41 42 44 46 47 48 49 50 51 55 57 61 62 64 65 67 69 71 74 75 76 81 82 83 84 85 86 87 88 89 90 91 92 94 96 98 99 102 103 108 109 113 115 117 118 119 120 121 125 126 128 130 131 133 135 136 137 138 139 140 141 142 143 144 146 148 149 150 151 152 153 154 155 157 159 160 164 166 167 168 169 170 173 175 177 180 181 183 186 187 188 190 192 193 194 195 198 199 200 201 202 203 204 206 207 208 209 210 213 216 220 221 223 224 225 227 228 231 233 235 236 237 239 240 247 248 249 251 252 253 254 258 259 260 261 263 264 266 268 269 271 273 276 277 278 281 282 283 284 285 286 288 289 291 292 293 294 295 297 298 299 301 302 303 304 306 307 308 309 310 312 313 316 317 318 319 320 325 326 327 328 331 332 334 336 337 339 340 341 344 346 347 348 350 351 353 354 355 356 357 358 359 362 363 364 366 368 375 376 378 380 381 382 386 387 389 391 392 393 395 396 397 398 399 400 402 404 405 406 407 409 410 411 414 417 418 419 420 422 423 424 425 428 429 433 435 436 438 441 442 444 446 447 448 450 452 454 455 456 457 459 461 463 465 466 467 468 471 472 473 474 475 477 478 479 480 481 484 485 488 489 490 496 498 500 504 505 506 507 508 510 511 512 513 515 516 520 521 522 523 524 526 527 528 529 531 532 533 534 535 536 537 539 541 542 543 544 546 547 551 552 554 555 556 557 558 559 560 561 562 563 564 565 567 568 569 570 571 572 576 579 580 581 584 585 586 588 590 591 592 593 594 595 597 599 600 601 602 604 605 606 607 611 612 614 615 616 617 618 619 620 623 624 625 627 628 629 630 633 634 635 636 637 638 639 640 641 642 644 646 647 648 649 650 652 653 655 656 657 658 659 661 664 665 670 672 673 675 678 680 681 682 683 686 689 690 691 692 693 696 697 703 704 705 706 707 708 709 710 713 714 715 716 718 719 721 722 723 725 726 729 730 731 733 734 735 736 739 740 743 744 747 748 749 752 753 754 757 760 763 764 765 766 768 769 770 772 774 777 778 779 780 782 783 787 788 789 792 793 794 795 796 798 800 804 806 807 811 812 813 815 817 818 819 820 821 822 823 825 826 831 833 838 839 840 841 842 843 845 849 850 851 853 854 856 858 864 865 866 868 869 870 871 872 873 875 876 877 880 881 882 883 888 889 890 891 893 894 896 901 906 907 908 910 912 913 914 916 917 918 919 920 923 924 926 928 930 931 933 934 935 936 937 938 941 942 944 945 946 947 949 950 951 952 955 956 957 962 964 965 966 967 968 970 972 974 975 976 977 982 983 984 987 991 993 994 996 997 1001 1003 1004 1005 1006 1009 1011 1012 1015 1016 1017 1018 1021 1022 1023 1024 1025 1028 1029 1030 1032 1033 1034 1037 1039 1040 1041 1042 1043 1044 1045 1047 1049 1050 1052 1053 1054 1056 1058 1059 1062 1066 1068 1069 1071 1072 1073 1075 1076 1077 1079 1081 1084 1087 1088 1089 1090 1093 1095 1097 1099 1100 1101 1103 1104 1110 1112 1113 1116 1119 1120 1123 1125 1126 1127 1134 1135 1136 1138 1139 1140 1141 1142 1143 1144 1145 1147 1148 1150 1152 1154 1155 1156 1157 1159 1160 1162 1163 1165 1167 1168 1170 1171 1173 1174 1175 1176 1177 1178 1179 1180 1182 1183 1184 1189 1191 1193 1195 1196 1199 1200 1201 1202 1203 1204 1205 1206 1207 1208 1212 1214 1221 1222 1223 1224 1228 1232 1235 1236 1237 1238 1239 1241 1242 1244 1245 1246 1248 1249 1251 1253 1254 1256 1257 1258 1259 1263 1265 1266 1267 1268 1270 1272 1275 1277 1278 1280 1281 1282 1283 1285 1286 1287 1288 1289 1290 1292 1294 1295 1296 1298 1302 1303 1306 1307 1308 1309 1310 1313 1314 1315 1318 1321 1322 1330 1332 1334 1335 1337 1344 1345 1347 1349 1350 1351 1352 1353 1354 1355 1356 1357 1359 1360 1361 1365 1366 1369 1370 1373 1376 1377 1378 1379 1381 1382 1384 1385 1388 1389 
851: 0 1 2 3 6 8 9 12 14 15 16 19 21 25 27 30 32 34 35 36 37 39 43 44 45 48 49 50 51 52 53 59 61 62 64 66 68 71 73 74 75 76 79 80 81 83 84 86 89 91 92 93 95 96 97 100 104 106 109 110 112 113 114 115 116 118 119 120 121 123 124 125 126 127 129 130 131 132 133 135 136 138 139 140 141 142 146 147 150 151 153 154 155 156 157 158 162 163 164 165 167 172 173 175 176 177 181 182 183 187 188 189 190 191 194 195 196 197 199 200 204 205 207 208 209 211 212 213 215 216 218 222 224 227 228 229 230 232 234 235 236 237 238 239 240 242 246 247 248 249 250 253 255 256 258 260 261 262 263 264 265 267 269 270 271 272 274 277 278 280 283 284 286 288 289 291 292 293 294 295 296 297 298 299 301 302 303 304 307 308 309 313 315 316 318 319 320 323 324 325 326 330 331 332 334 336 337 339 340 342 343 344 345 346 348 349 350 352 355 356 357 361 362 364 366 367 369 370 372 373 374 376 377 380 381 382 383 384 386 389 390 392 396 397 399 401 402 404 405 406 407 408 409 411 412 413 415 416 419 421 422 426 428 429 430 431 432 433 436 439 440 442 443 445 446 447 449 451 452 453 454 455 456 458 459 460 463 464 466 469 470 471 472 474 477 482 484 485 486 487 488 490 491 492 494 496 497 501 503 505 507 508 509 511 512 514 515 517 518 520 521 522 524 525 526 529 530 533 534 535 536 537 538 539 540 541 543 544 545 546 547 549 551 552 553 554 555 557 558 560 561 562 563 565 566 567 569 570 572 573 574 575 579 580 583 584 585 586 589 590 591 593 595 597 598 599 600 601 603 604 606 608 609 610 611 612 614 615 616 619 620 621 623 624 627 628 629 630 633 634 635 638 639 641 643 646 647 648 651 652 653 655 663 665 666 667 668 669 670 672 673 675 677 684 687 688 689 690 692 693 694 695 696 697 699 700 701 703 704 705 706 707 711 712 713 714 716 719 720 722 724 725 726 727 728 729 730 731 733 734 735 737 739 742 743 746 748 750 751 752 756 758 759 760 761 766 767 771 772 774 775 778 779 780 781 783 786 787 789 790 792 793 795 796 797 798 802 803 804 807 808 809 812 815 817 820 821 824 827 828 831 832 834 835 837 839 840 841 843 844 845 846 847 849 850 854 855 859 861 862 863 865 867 869 871 873 874 875 876 877 878 881 882 883 884 886 887 889 892 893 895 898 901 904 905 908 909 910 911 912 914 915 916 917 918 919 920 922 924 925 926 929 930 932 936 938 940 943 944 945 946 947 948 952 953 956 957 959 960 961 965 967 968 971 972 973 974 975 976 980 981 983 984 985 987 988 990 997 998 1000 1001 1003 1004 1008 1009 1010 1011 1014 1015 1017 1019 1021 1022 1023 1024 1025 1026 1027 1030 1031 1032 1033 1035 1036 1040 1041 1044 1046 1047 1048 1049 1052 1053 1060 1061 1063 1064 1065 1066 1067 1068 1070 1071 1072 1074 1075 1076 1078 1079 1080 1084 1085 1086 1087 1089 1090 1091 1093 1094 1095 1096 1098 1099 1100 1101 1104 1105 1106 1107 1109 1111 1112 1117 1121 1124 1125 1126 1128 1129 1130 1131 1133 1134 1135 1136 1137 1138 1139 1143 1144 1145 1146 1148 1149 1150 1151 1152 1153 1154 1158 1161 1162 1163 1164 1165 1167 1168 1170 1171 1172 1173 1175 1176 1177 1178 1179 1181 1182 1184 1185 1186 1187 1188 1189 1190 1191 1192 1193 1197 1198 1199 1202 1203 1204 1205 1206 1209 1210 1211 1212 1214 1215 1218 1219 1220 1222 1225 1226 1227 1230 1231 1234 1235 1238 1242 1244 1245 1246 1247 1248 1250 1252 1255 1256 1257 1258 1259 1260 1261 1263 1264 1265 1267 1271 1273 1274 1275 1277 1279 1280 1281 1283 1284 1285 1288 1289 1292 1295 1297 1298 1299 1300 1302 1303 1304 1306 1308 1309 1310 1311 1313 1314 1316 1317 1321 1322 1323 1324 1326 1327 1328 1330 1334 1335 1338 1339 1340 1344 1347 1349 1350 1351 1352 1355 1356 1357 1359 1360 1361 1363 1365 1367 1369 1371 1374 1376 1377 1378 1384 1385 1386 
837: 1 2 3 4 5 7 9 11 14 16 18 19 20 23 24 25 28 30 32 33 34 35 36 37 38 39 40 41 42 43 45 47 50 51 52 54 55 56 58 59 60 62 63 65 66 70 71 75 76 77 79 80 88 89 90 91 95 96 97 101 102 103 105 107 108 109 110 112 114 121 122 124 125 126 127 130 131 132 133 136 138 140 142 143 146 147 150 151 153 154 155 157 158 159 160 161 162 163 164 165 169 172 173 174 175 176 177 178 179 181 182 183 185 186 188 189 190 192 195 196 198 199 200 201 202 203 204 205 211 213 215 217 218 220 221 222 223 226 227 228 229 230 231 232 235 236 237 238 240 242 243 244 245 246 247 249 250 253 254 255 256 258 260 264 265 267 268 271 272 274 275 277 278 281 282 286 287 289 290 292 293 296 297 298 299 300 303 305 306 308 310 311 312 315 317 319 321 322 323 324 325 326 329 332 333 334 335 336 340 341 343 344 345 347 348 351 353 355 357 358 359 361 363 364 367 368 369 370 372 373 374 377 381 382 383 384 387 388 389 391 392 397 398 399 402 403 404 405 407 408 409 410 411 412 413 414 415 416 419 420 423 424 425 426 427 429 430 431 432 433 434 435 438 439 441 442 443 444 446 447 449 450 451 452 453 457 459 460 462 464 465 468 469 471 473 475 476 477 479 481 482 483 487 489 492 493 494 497 498 499 500 501 502 503 504 505 508 509 514 516 517 518 521 522 524 525 527 528 529 530 531 532 533 534 537 538 540 542 545 546 548 549 551 552 553 556 557 558 559 560 561 567 568 569 572 574 575 577 579 580 581 582 583 584 585 587 592 593 597 599 600 601 602 604 606 607 609 610 614 618 619 620 621 625 626 627 628 629 630 631 633 634 635 636 638 642 643 644 645 646 647 648 649 650 653 656 657 658 660 661 662 664 665 666 668 669 672 673 674 675 677 679 680 681 682 683 689 691 692 693 695 697 698 699 700 701 702 703 705 706 709 710 714 715 716 717 720 721 722 724 725 727 729 734 736 738 739 740 741 742 745 747 748 753 754 756 757 760 761 762 764 765 770 771 774 778 779 780 784 785 787 789 790 792 794 796 797 798 802 803 805 806 807 809 812 813 815 817 820 821 822 824 825 826 828 829 831 835 837 838 839 840 843 844 845 847 848 849 851 852 855 856 859 860 862 863 864 867 870 872 873 876 877 879 880 881 882 883 884 885 886 887 889 890 892 893 894 895 896 897 898 900 901 902 905 906 909 910 912 913 914 915 918 919 921 924 929 930 931 934 935 936 939 944 945 946 948 950 951 952 953 955 958 963 969 971 972 973 974 975 976 977 979 982 984 986 988 990 991 992 994 995 997 999 1001 1003 1005 1007 1008 1009 1012 1017 1024 1026 1029 1030 1031 1032 1033 1034 1035 1037 1039 1043 1045 1047 1048 1049 1050 1054 1055 1057 1058 1059 1060 1061 1063 1064 1069 1070 1072 1073 1074 1075 1076 1077 1079 1080 1082 1084 1085 1087 1090 1091 1092 1093 1094 1098 1099 1101 1104 1108 1110 1111 1112 1115 1116 1119 1120 1122 1123 1126 1127 1128 1129 1131 1132 1135 1136 1137 1139 1140 1141 1142 1144 1145 1148 1151 1154 1156 1157 1159 1160 1161 1162 1163 1164 1165 1168 1169 1170 1171 1174 1176 1177 1179 1182 1183 1184 1186 1189 1190 1192 1195 1196 1197 1198 1199 1201 1202 1203 1204 1205 1209 1211 1214 1215 1216 1220 1222 1223 1224 1225 1228 1229 1230 1232 1234 1235 1236 1237 1238 1239 1241 1242 1243 1245 1249 1250 1252 1253 1254 1255 1256 1258 1259 1260 1261 1262 1263 1264 1265 1266 1267 1269 1270 1271 1272 1273 1274 1276 1278 1281 1285 1286 1289 1290 1291 1292 1294 1296 1297 1300 1302 1303 1304 1305 1306 1308 1309 1310 1312 1316 1318 1319 1321 1322 1325 1326 1327 1328 1330 1331 1332 1333 1335 1336 1338 1339 1341 1346 1347 1348 1349 1350 1351 1352 1354 1356 1358 1359 1362 1364 1367 1368 1369 1372 1376 1379 1381 1382 1383 1384 1385 1386 1388 1389 
839: 1 2 3 11 13 14 16 17 18 19 20 21 23 25 28 30 32 33 34 35 37 38 39 40 41 42 43 44 45 46 47 48 49 50 51 52 53 54 56 57 59 60 61 62 63 67 69 70 71 75 76 77 79 81 83 85 88 89 92 93 94 97 98 99 100 101 103 104 105 107 109 110 112 113 115 120 122 126 127 131 133 134 135 136 137 138 140 141 142 143 144 145 146 147 148 151 153 156 159 160 161 164 168 169 170 171 172 173 176 177 178 179 180 181 185 187 189 192 194 195 196 198 199 200 202 205 206 207 208 209 212 214 215 217 219 220 221 222 225 226 229 231 234 235 236 237 239 242 245 247 248 250 256 257 263 264 265 266 267 269 270 272 273 274 275 276 278 279 280 281 282 283 284 285 286 287 288 289 290 292 294 295 296 298 299 300 301 304 305 306 307 308 309 310 316 317 319 323 324 325 326 327 328 329 333 334 336 339 340 341 342 346 348 349 352 354 355 356 358 359 361 362 367 368 371 372 375 376 379 380 381 382 383 385 386 387 388 391 392 394 398 400 401 403 405 406 407 409 411 413 414 416 417 418 419 420 423 424 425 429 430 431 432 433 436 437 438 439 440 441 442 443 444 445 446 447 452 453 454 456 457 461 464 466 468 469 470 471 472 473 474 475 477 479 480 481 483 484 487 488 489 490 491 496 497 498 499 500 501 502 504 506 508 509 510 511 512 513 517 518 519 520 521 522 523 525 527 529 530 531 532 534 536 537 538 541 543 544 545 547 548 549 551 554 555 556 559 566 567 568 569 570 572 573 574 576 577 580 585 586 587 588 590 595 596 597 598 599 600 601 602 603 604 605 607 608 610 611 614 615 622 624 626 627 628 629 630 632 634 635 636 638 639 640 641 642 643 644 646 647 648 649 651 652 653 656 657 659 660 661 662 663 669 672 673 674 676 677 679 680 682 684 685 687 688 690 692 693 694 695 696 697 701 702 704 705 706 708 709 710 711 712 713 714 718 721 722 723 725 726 727 729 730 731 734 738 739 741 742 743 744 745 746 747 750 751 752 753 754 755 757 759 762 767 768 769 773 774 775 777 778 779 781 782 783 784 785 786 787 791 792 796 797 798 800 803 804 805 806 807 808 809 810 812 813 814 815 816 818 819 821 822 824 825 826 827 829 830 831 834 835 836 837 838 839 840 841 842 843 844 847 848 849 851 853 854 855 856 858 860 861 862 863 864 865 867 868 869 870 873 874 877 879 883 885 886 887 889 890 892 893 896 900 902 903 904 909 912 915 917 920 921 922 924 928 929 931 932 934 935 937 940 944 945 947 950 951 952 953 954 959 961 962 964 971 972 973 974 977 978 981 983 984 986 988 989 990 991 994 996 998 999 1000 1001 1002 1004 1006 1008 1009 1013 1015 1016 1017 1022 1023 1024 1026 1027 1029 1030 1033 1034 1035 1036 1037 1038 1040 1042 1045 1046 1047 1048 1049 1051 1056 1057 1058 1059 1060 1061 1062 1064 1068 1072 1073 1076 1077 1078 1083 1087 1091 1093 1094 1100 1102 1103 1104 1106 1108 1109 1111 1112 1113 1116 1117 1119 1120 1123 1125 1126 1127 1128 1130 1131 1132 1133 1135 1137 1140 1141 1145 1146 1148 1150 1151 1153 1155 1157 1158 1160 1161 1164 1165 1169 1170 1171 1174 1176 1178 1179 1180 1184 1188 1189 1191 1194 1195 1196 1197 1199 1200 1202 1203 1204 1206 1207 1208 1209 1211 1212 1213 1216 1218 1219 1220 1221 1223 1227 1228 1229 1230 1232 1233 1237 1241 1242 1243 1245 1247 1248 1249 1250 1251 1252 1257 1259 1260 1261 1262 1264 1265 1266 1267 1268 1273 1274 1276 1277 1278 1280 1282 1283 1284 1285 1287 1288 1289 1291 1292 1294 1296 1297 1299 1302 1303 1306 1308 1309 1310 1311 1312 1313 1315 1317 1318 1319 1320 1321 1325 1327 1328 1329 1334 1335 1336 1338 1339 1340 1341 1342 1343 1346 1347 1348 1350 1356 1357 1358 1359 1361 1362 1363 1367 1368 1369 1371 1372 1373 1374 1375 1376 1379 1381 1382 1383 1386 1387 1388 1389 
813: 3 4 5 6 7 9 10 13 14 18 20 25 26 27 30 31 32 33 34 35 36 39 40 41 44 46 47 49 50 54 55 57 58 59 60 62 63 64 65 68 69 71 72 73 75 76 78 79 80 81 82 83 84 85 88 91 92 93 95 97 99 100 101 102 103 104 105 106 108 109 110 111 119 121 123 127 128 131 133 134 135 137 138 139 142 143 146 147 148 149 151 153 155 159 160 161 162 164 166 168 169 170 171 176 177 179 181 182 183 185 188 189 190 193 196 197 199 200 201 202 207 211 218 221 222 227 228 229 230 231 233 236 237 238 240 241 248 249 250 251 254 255 256 257 259 260 261 262 265 266 267 268 269 272 273 274 276 277 279 281 283 286 287 288 290 294 295 296 297 298 300 301 303 304 305 306 314 316 318 319 320 321 324 325 326 328 330 331 332 333 334 337 339 341 343 346 348 349 350 351 352 357 358 359 360 363 364 365 367 368 370 372 375 376 377 380 381 382 383 385 389 390 391 393 394 396 398 399 401 403 405 406 408 409 410 411 412 413 414 416 417 418 419 420 422 423 425 427 428 430 432 433 434 435 436 438 439 440 442 443 446 449 452 454 455 456 457 458 459 460 461 463 465 468 469 472 474 476 477 478 479 482 483 484 485 488 490 491 492 494 497 500 502 503 504 506 510 515 516 517 519 520 522 524 525 529 531 534 535 536 537 538 540 541 542 544 545 547 548 552 553 555 557 560 563 564 566 568 569 571 574 575 576 577 578 579 581 584 586 588 589 590 591 593 594 596 598 599 600 601 602 603 604 607 609 611 612 613 616 617 619 620 621 623 627 628 629 631 632 634 637 638 640 642 644 646 647 648 649 653 654 655 656 657 660 661 662 663 664 665 666 667 668 669 670 671 672 674 675 676 677 678 679 680 681 683 687 689 690 693 695 697 700 701 702 704 707 708 715 717 718 720 721 722 727 731 732 734 735 736 737 738 740 741 742 744 746 747 750 752 753 754 756 758 759 760 761 762 763 764 765 767 770 772 773 774 776 778 779 780 781 783 784 787 790 794 795 796 797 798 799 801 802 803 804 806 807 808 809 811 815 817 818 819 820 822 823 825 826 827 829 830 831 832 833 834 838 839 841 843 844 845 846 848 849 850 851 852 853 855 857 858 860 861 863 864 865 867 869 874 875 877 878 881 882 884 886 888 890 898 899 902 903 904 905 907 909 910 912 913 914 916 917 920 921 922 924 927 928 930 932 933 937 939 941 945 946 947 948 949 950 952 953 954 955 957 958 959 964 967 968 969 970 971 975 979 981 982 984 985 986 988 990 991 994 995 998 1003 1004 1005 1008 1010 1012 1013 1014 1015 1018 1020 1022 1023 1025 1026 1029 1034 1035 1037 1043 1045 1046 1047 1048 1050 1051 1053 1060 1061 1063 1066 1067 1068 1070 1071 1072 1074 1076 1077 1081 1083 1086 1087 1089 1091 1093 1094 1098 1099 1100 1103 1104 1106 1107 1109 1110 1113 1114 1116 1118 1119 1121 1123 1124 1126 1127 1129 1131 1132 1134 1135 1136 1137 1138 1139 1143 1144 1145 1147 1149 1152 1155 1157 1158 1159 1160 1164 1165 1166 1169 1170 1172 1174 1175 1177 1179 1180 1181 1183 1185 1187 1188 1189 1191 1193 1194 1196 1197 1200 1202 1203 1204 1205 1207 1208 1209 1211 1216 1218 1219 1220 1221 1223 1225 1227 1228 1229 1230 1232 1233 1235 1236 1237 1240 1241 1242 1243 1244 1245 1247 1248 1249 1250 1251 1252 1253 1256 1257 1262 1264 1265 1266 1267 1270 1271 1272 1277 1278 1283 1285 1288 1291 1292 1293 1294 1295 1296 1297 1298 1300 1301 1302 1303 1304 1306 1309 1310 1311 1312 1313 1315 1317 1320 1321 1322 1323 1324 1325 1327 1328 1330 1332 1334 1335 1336 1337 1338 1340 1343 1344 1346 1347 1348 1349 1350 1351 1352 1354 1357 1358 1360 1362 1363 1365 1370 1371 1375 1376 1378 1379 1380 1382 1383 1386 1388 1389 
838: 1 2 3 4 6 7 8 9 10 11 12 13 14 16 17 19 21 22 23 24 25 26 27 28 29 30 34 36 37 38 39 40 41 42 43 44 45 47 49 52 53 54 55 56 57 59 60 61 62 63 66 67 68 69 70 71 74 77 78 79 83 84 89 90 92 96 102 103 104 105 106 107 108 109 113 115 117 118 119 121 122 123 124 126 127 128 129 132 133 134 135 136 137 138 139 143 145 146 147 148 149 151 156 157 158 160 161 163 165 167 169 170 171 172 174 175 179 180 183 184 187 188 191 192 194 197 198 200 202 204 205 206 207 208 209 210 211 212 213 215 217 219 220 224 225 226 229 230 233 234 235 236 238 243 244 245 246 247 248 249 250 251 252 253 255 256 258 259 262 263 264 265 266 267 268 269 272 274 276 278 281 283 284 285 286 290 291 292 294 295 296 298 299 301 302 304 308 309 310 313 315 316 319 321 322 324 325 326 327 328 329 330 334 336 338 339 340 343 345 346 348 349 350 351 352 353 354 355 357 360 361 362 363 367 368 369 372 373 374 375 376 377 378 380 381 384 385 386 389 390 391 393 394 395 397 399 401 403 404 405 407 409 410 411 412 413 414 415 416 417 420 421 422 423 424 426 427 428 430 431 432 433 434 435 436 437 438 440 441 442 445 446 447 449 450 453 457 458 459 461 462 463 465 467 468 471 472 473 474 476 477 479 483 484 485 486 489 490 494 497 499 500 501 502 504 507 508 509 511 512 513 515 516 518 519 520 521 523 524 526 530 535 536 537 538 539 540 541 542 543 544 551 553 555 558 561 563 564 565 567 568 571 572 574 575 576 577 579 584 585 587 590 591 592 593 596 598 599 602 604 607 608 609 611 612 614 616 617 619 620 624 627 628 629 630 631 632 635 636 638 641 643 644 647 649 650 653 654 656 658 659 661 662 665 666 669 670 672 674 675 676 680 682 683 684 686 689 690 692 695 698 699 700 703 704 706 707 709 714 715 716 717 719 720 721 722 723 727 728 730 731 732 736 737 739 740 741 742 743 744 746 747 748 749 750 753 754 756 761 766 768 769 770 773 775 776 777 778 779 780 781 782 783 784 785 786 787 788 789 792 793 794 795 796 797 799 800 801 803 804 805 806 807 809 810 812 813 816 817 818 819 820 821 823 825 826 827 829 831 832 833 836 837 839 841 842 849 850 853 855 856 857 859 860 861 863 864 866 867 868 870 871 872 875 877 878 881 882 883 884 885 888 891 892 894 896 897 898 901 902 903 904 906 910 911 912 913 915 917 922 923 924 925 926 929 932 933 934 936 937 939 941 942 943 946 949 950 953 954 956 959 963 964 965 966 967 968 970 972 973 974 976 977 980 981 982 984 985 986 988 990 991 992 995 997 999 1002 1003 1009 1012 1013 1014 1015 1016 1018 1021 1024 1025 1026 1027 1028 1031 1032 1033 1036 1038 1042 1043 1047 1048 1050 1051 1052 1053 1055 1058 1059 1061 1062 1063 1064 1065 1067 1068 1069 1070 1072 1073 1074 1075 1076 1077 1078 1080 1082 1083 1086 1088 1094 1097 1098 1101 1104 1105 1106 1107 1109 1110 1111 1112 1115 1116 1117 1118 1119 1120 1121 1123 1124 1126 1127 1130 1132 1133 1135 1136 1137 1138 1139 1140 1141 1142 1143 1144 1146 1148 1149 1150 1151 1152 1153 1154 1155 1156 1157 1158 1161 1162 1165 1168 1169 1171 1176 1177 1178 1179 1182 1185 1188 1190 1192 1193 1195 1197 1199 1200 1201 1202 1203 1204 1205 1206 1207 1208 1209 1210 1211 1213 1214 1216 1217 1218 1219 1223 1226 1228 1231 1234 1241 1242 1243 1244 1245 1246 1247 1248 1249 1251 1252 1255 1257 1258 1260 1261 1263 1265 1266 1268 1270 1272 1273 1275 1278 1282 1283 1285 1286 1287 1288 1296 1297 1298 1301 1302 1305 1308 1310 1311 1312 1313 1314 1316 1318 1319 1320 1324 1325 1327 1329 1330 1332 1334 1336 1339 1341 1343 1344 1345 1346 1347 1348 1349 1350 1351 1353 1357 1366 1370 1371 1374 1375 1376 1377 1381 1382 1385 1386 1389 
847: 1 3 4 5 6 7 8 9 10 11 12 13 15 16 18 19 24 25 28 29 30 31 32 33 34 38 41 42 43 44 45 47 49 50 51 53 54 55 56 58 59 61 62 63 64 65 67 69 70 71 72 73 74 79 81 82 83 86 87 88 92 93 95 97 99 100 101 102 103 104 105 106 107 108 109 111 113 116 117 118 123 124 128 129 133 134 135 136 139 140 142 143 145 149 150 151 152 155 156 157 158 159 160 163 164 165 168 169 171 172 175 177 180 183 184 186 187 193 197 198 199 200 201 203 204 207 208 209 210 211 214 218 219 220 222 224 226 227 228 229 232 233 234 236 238 242 243 244 245 247 251 252 253 255 256 263 265 266 267 269 270 271 272 273 274 275 276 277 278 282 283 284 286 287 289 292 293 296 297 298 302 303 307 308 311 314 317 319 320 321 322 323 324 325 326 328 330 331 332 334 335 337 338 339 340 343 344 345 346 349 350 352 353 354 355 357 359 360 361 362 363 365 367 369 370 372 373 374 375 376 377 379 380 385 386 388 389 394 395 397 398 399 400 401 403 405 408 409 411 412 413 414 416 418 421 424 429 431 432 433 434 435 436 437 439 443 444 445 446 448 449 450 451 453 454 456 458 459 460 461 464 466 467 468 469 472 473 475 477 478 479 480 482 484 485 486 488 489 491 493 495 498 499 500 501 503 504 505 507 511 513 514 519 521 522 524 525 526 527 528 530 531 532 533 534 535 536 538 539 541 542 543 544 546 548 549 550 552 553 554 555 556 559 560 562 564 565 566 567 569 570 573 574 575 576 577 578 579 582 583 584 585 586 588 589 591 592 593 594 597 599 600 601 602 603 604 605 606 607 609 610 611 612 614 615 616 617 618 626 629 630 633 634 635 636 638 640 642 645 646 647 649 652 653 654 655 656 657 661 664 665 668 670 671 673 674 677 680 681 682 684 685 686 687 688 689 691 693 694 697 698 700 702 703 706 708 709 710 711 712 714 715 717 718 719 721 722 724 729 730 732 734 735 736 738 740 741 743 744 746 750 753 754 757 759 760 761 763 764 765 767 770 771 772 773 777 778 779 780 781 783 784 786 787 788 789 790 791 792 793 794 797 798 799 805 806 808 809 811 813 817 818 822 824 830 833 834 836 837 839 841 843 844 845 849 850 851 852 853 854 856 857 860 861 862 863 864 865 868 869 870 871 873 874 875 876 878 879 880 881 882 883 884 885 887 888 889 890 891 892 893 894 895 896 899 906 909 910 911 913 914 916 917 918 919 921 923 924 926 927 930 934 935 936 937 938 939 940 941 942 943 944 948 949 950 951 953 955 957 958 959 960 961 964 965 966 967 968 969 970 971 974 975 977 978 979 980 981 982 983 984 985 986 988 990 992 994 996 997 998 1001 1002 1004 1005 1008 1009 1012 1013 1014 1015 1017 1019 1021 1022 1023 1025 1026 1027 1031 1037 1039 1042 1043 1047 1048 1049 1052 1053 1054 1055 1058 1063 1064 1066 1069 1070 1071 1072 1076 1077 1079 1086 1088 1089 1092 1095 1096 1098 1099 1101 1102 1103 1104 1105 1106 1107 1108 1109 1110 1111 1112 1113 1115 1116 1117 1120 1121 1124 1126 1129 1130 1131 1132 1136 1139 1140 1141 1142 1145 1146 1147 1148 1151 1152 1153 1154 1155 1156 1158 1160 1161 1162 1164 1165 1166 1167 1169 1171 1172 1173 1176 1177 1179 1180 1182 1183 1185 1186 1188 1190 1192 1197 1199 1200 1202 1205 1206 1208 1210 1211 1212 1215 1216 1218 1219 1221 1223 1225 1226 1228 1229 1231 1235 1236 1237 1238 1239 1241 1244 1245 1246 1247 1249 1251 1252 1253 1254 1258 1259 1263 1264 1265 1267 1270 1272 1273 1274 1276 1277 1279 1280 1282 1283 1287 1288 1291 1293 1294 1295 1302 1303 1304 1306 1310 1311 1312 1314 1316 1318 1320 1322 1324 1325 1326 1331 1332 1333 1334 1335 1336 1337 1338 1339 1342 1343 1346 1347 1348 1349 1351 1352 1354 1355 1356 1357 1358 1360 1361 1362 1364 1365 1366 1367 1368 1369 1371 1373 1376 1377 1379 1380 1384 1385 1386 1387 1388 1389 
815: 0 1 2 3 5 6 8 9 11 12 13 14 15 19 20 21 22 24 25 26 27 28 29 30 33 34 36 37 38 39 42 45 50 51 52 53 54 58 60 61 65 66 69 72 73 75 78 80 82 86 87 88 89 90 94 98 99 100 102 110 111 112 113 116 117 119 120 121 122 123 124 127 128 129 130 131 132 133 134 135 138 139 140 141 142 143 144 146 151 153 155 157 158 160 164 166 167 169 170 172 174 175 176 177 180 181 183 184 185 189 192 193 194 196 198 199 200 201 202 203 204 211 214 215 216 218 221 222 223 224 226 227 229 231 234 235 237 238 240 242 243 244 245 246 248 250 251 254 255 256 257 259 261 262 265 266 267 269 270 275 276 277 278 279 280 282 284 286 288 289 290 291 299 300 301 302 305 306 307 308 309 310 311 312 313 314 315 317 318 319 321 324 325 326 328 329 333 334 335 336 338 340 341 343 345 346 348 350 351 352 353 354 355 356 359 360 361 365 366 368 369 373 378 379 382 383 384 385 386 388 391 393 394 395 396 397 398 400 401 404 405 408 411 413 414 416 417 420 421 422 428 429 430 431 432 433 434 435 436 438 439 440 443 445 447 448 453 454 456 457 459 460 461 463 465 466 471 472 473 479 480 481 483 485 486 487 488 493 495 496 497 500 502 503 505 507 508 509 510 511 512 513 514 515 516 517 518 519 520 521 523 524 529 530 531 532 533 536 538 539 540 544 545 547 548 549 551 552 553 554 555 557 558 560 561 562 564 568 569 570 571 573 574 575 576 577 578 579 580 581 583 585 590 592 594 595 597 598 600 604 606 609 610 611 612 613 614 615 616 617 618 623 625 629 632 635 637 639 640 642 645 646 652 653 654 655 658 659 660 663 666 667 669 670 676 677 678 679 680 682 684 686 689 690 692 694 695 696 697 702 704 708 709 712 713 714 715 718 719 720 721 724 725 726 727 729 730 731 732 733 734 740 743 746 747 748 749 750 751 754 756 757 758 763 764 766 768 769 772 773 774 775 776 777 778 780 781 782 784 785 786 787 789 793 795 796 797 798 799 800 801 803 805 806 807 808 810 811 812 815 820 821 822 825 826 827 828 829 830 831 832 834 835 836 837 838 839 840 841 842 843 844 847 848 851 853 855 857 858 859 861 864 865 866 869 870 871 874 875 877 882 883 884 885 886 887 890 893 894 896 898 899 901 907 908 910 911 916 917 918 919 921 923 924 926 927 928 929 930 931 932 933 934 935 938 942 947 949 953 955 956 957 958 960 962 963 965 967 968 970 971 972 974 975 976 977 978 981 985 987 989 990 991 992 995 996 1000 1001 1003 1004 1005 1008 1009 1010 1011 1014 1016 1021 1023 1025 1026 1027 1031 1033 1034 1035 1036 1038 1039 1040 1042 1043 1045 1046 1049 1052 1054 1055 1056 1058 1059 1060 1062 1063 1065 1066 1068 1071 1072 1073 1075 1076 1078 1079 1081 1082 1083 1084 1085 1086 1089 1090 1093 1094 1095 1096 1098 1101 1102 1105 1107 1110 1111 1113 1114 1115 1116 1118 1120 1122 1123 1124 1126 1127 1132 1138 1139 1140 1141 1142 1146 1149 1152 1153 1154 1155 1157 1158 1159 1160 1161 1167 1168 1169 1172 1174 1175 1176 1177 1178 1179 1180 1185 1186 1187 1188 1189 1191 1192 1194 1198 1199 1200 1201 1202 1203 1204 1205 1209 1210 1211 1212 1213 1216 1217 1218 1224 1225 1226 1227 1229 1230 1231 1232 1233 1234 1235 1238 1239 1241 1243 1248 1250 1251 1252 1254 1255 1257 1258 1259 1260 1261 1262 1263 1264 1266 1267 1269 1273 1275 1277 1279 1281 1282 1284 1286 1287 1290 1291 1292 1293 1295 1296 1298 1301 1303 1304 1305 1307 1308 1309 1310 1311 1313 1314 1316 1318 1319 1321 1322 1323 1326 1327 1328 1329 1330 1332 1333 1334 1335 1341 1342 1343 1347 1348 1349 1350 1351 1353 1354 1356 1357 1359 1361 1363 1367 1369 1370 1371 1372 1377 1378 1382 1384 1386 
807: 2 6 8 10 12 13 15 18 21 23 24 25 26 29 31 33 34 36 37 39 40 41 42 43 46 48 49 54 55 56 57 58 59 62 64 65 72 73 75 77 78 81 83 85 86 87 88 90 93 96 97 99 103 108 110 112 115 118 122 124 125 126 128 130 131 133 134 135 136 137 138 141 142 145 146 147 148 149 150 152 153 154 159 162 164 165 167 168 174 175 177 178 181 182 184 185 186 188 189 192 194 196 197 200 201 202 203 204 205 206 208 210 211 212 216 218 219 221 223 224 226 227 228 229 230 231 232 234 235 236 237 238 239 241 245 246 247 250 253 254 255 257 259 261 263 268 269 270 274 276 277 278 279 282 284 285 286 287 288 289 290 291 294 295 297 298 299 303 305 307 308 309 311 313 314 315 317 318 319 320 321 323 325 326 327 328 329 331 334 336 338 339 343 344 345 346 347 348 353 354 356 362 363 364 365 366 367 368 370 371 376 378 383 384 385 387 388 389 391 393 394 395 396 403 404 405 407 408 410 411 413 414 415 416 417 418 421 423 425 429 430 431 432 433 434 438 439 440 442 444 445 446 448 449 450 452 453 455 456 458 459 460 464 467 469 470 471 472 478 479 480 483 484 485 486 489 490 492 494 495 498 499 500 502 503 504 505 507 509 510 511 512 513 516 518 520 521 523 524 525 527 528 530 532 533 535 536 538 539 540 541 542 543 545 548 551 553 555 558 560 561 562 563 567 568 569 571 573 578 579 580 581 582 585 586 588 590 592 593 595 596 598 601 602 606 608 609 611 613 614 616 619 620 621 623 624 625 627 628 629 630 631 633 634 635 636 639 640 641 642 643 644 645 646 651 652 653 654 657 658 660 661 662 664 668 669 670 671 672 673 674 675 681 682 684 685 688 689 690 691 693 695 700 701 703 704 705 711 712 714 716 717 718 719 720 722 723 724 729 732 734 735 736 738 739 740 741 746 751 756 757 759 761 762 763 764 767 768 771 772 775 776 779 780 783 785 787 789 791 792 793 794 797 799 801 803 805 808 809 812 814 815 816 818 819 822 823 824 825 826 829 830 833 834 836 838 839 840 846 847 850 853 858 860 861 863 866 867 868 872 874 875 876 877 881 882 883 884 886 887 888 889 890 891 892 893 894 895 896 899 900 901 902 903 906 907 908 911 912 913 914 916 917 919 920 921 922 927 929 930 931 933 935 937 939 940 941 942 944 945 948 949 950 951 952 954 959 960 961 963 970 971 972 973 974 976 978 979 980 981 982 983 984 986 987 988 989 992 995 998 999 1000 1001 1002 1003 1004 1005 1006 1008 1011 1012 1013 1014 1020 1021 1026 1027 1029 1033 1034 1035 1036 1037 1038 1039 1043 1045 1049 1050 1051 1052 1053 1054 1055 1056 1057 1060 1061 1062 1063 1064 1065 1066 1068 1069 1074 1075 1076 1077 1078 1079 1080 1081 1083 1084 1085 1086 1087 1089 1090 1091 1092 1093 1094 1095 1096 1097 1098 1099 1103 1105 1106 1107 1108 1109 1110 1112 1113 1115 1117 1118 1122 1123 1124 1127 1128 1130 1131 1133 1135 1136 1137 1139 1143 1145 1148 1150 1153 1154 1155 1157 1159 1160 1161 1162 1164 1167 1168 1170 1171 1172 1173 1175 1177 1181 1182 1183 1188 1189 1190 1192 1193 1194 1195 1199 1201 1202 1203 1204 1206 1207 1208 1210 1211 1212 1214 1215 1216 1217 1219 1221 1223 1226 1229 1230 1231 1232 1235 1238 1240 1242 1245 1249 1253 1255 1256 1257 1258 1260 1261 1262 1263 1264 1265 1266 1267 1269 1270 1272 1273 1275 1276 1277 1278 1279 1280 1283 1284 1286 1287 1289 1290 1292 1294 1296 1297 1300 1301 1302 1303 1306 1308 1309 1310 1312 1314 1315 1317 1318 1320 1321 1324 1327 1328 1330 1331 1332 1334 1337 1347 1349 1351 1352 1353 1354 1355 1357 1358 1359 1361 1364 1366 1367 1368 1369 1371 1372 1375 1376 1378 1379 1383 1385 1386 1387 1388 1389 
822: 0 1 3 4 5 6 9 11 12 15 16 18 20 21 23 25 26 27 28 29 31 32 33 35 37 40 42 44 46 47 48 49 50 51 52 53 54 55 56 59 62 63 64 66 67 68 70 73 74 75 77 78 80 82 84 88 89 92 97 98 99 100 104 105 106 107 108 109 111 114 115 116 117 118 120 121 124 126 127 128 129 132 135 136 137 139 141 142 144 145 146 147 149 152 153 155 156 158 160 161 163 164 165 166 167 169 170 171 172 174 176 178 179 181 182 183 187 189 190 191 192 193 194 196 198 199 200 202 203 204 205 207 209 210 212 214 215 217 218 219 220 221 222 223 224 226 228 229 230 231 232 234 235 236 239 241 244 245 247 248 249 250 252 254 256 257 258 259 260 261 263 265 267 268 269 271 273 274 277 279 280 285 286 288 289 293 294 295 297 298 300 301 302 304 306 307 309 311 312 314 315 316 317 320 321 322 324 325 326 328 329 331 332 333 336 337 338 339 340 342 343 345 348 349 350 351 354 360 361 364 368 370 371 372 373 374 375 376 377 378 379 383 385 388 390 393 395 396 397 398 404 405 407 408 409 411 413 416 417 420 421 422 423 424 427 432 434 435 437 439 440 441 442 443 444 445 446 447 448 449 450 451 452 455 457 460 463 465 466 467 468 470 472 473 474 475 476 481 482 484 485 486 488 489 493 494 495 497 498 499 500 501 502 504 506 507 508 510 511 512 514 515 516 519 521 522 523 524 525 528 529 530 532 535 536 538 539 540 541 543 546 547 548 550 551 553 557 558 561 564 565 566 568 570 573 574 575 578 579 582 584 586 587 588 589 590 591 595 596 598 599 603 609 613 614 615 616 618 619 620 621 622 624 629 632 633 637 638 639 640 641 643 644 646 648 649 651 652 659 661 662 667 668 670 671 672 675 676 677 679 680 681 682 686 688 689 690 692 693 696 697 698 699 700 701 704 706 707 709 710 712 713 715 717 718 719 720 721 722 723 727 728 729 731 734 737 742 744 747 748 750 754 755 756 757 758 759 763 764 766 767 768 769 771 772 774 775 777 778 782 783 784 786 787 789 792 794 796 801 802 803 805 807 809 811 814 816 818 819 821 822 823 825 829 832 833 837 838 841 842 845 846 848 849 850 852 854 855 856 857 858 859 862 865 867 868 872 873 874 877 879 881 884 885 887 889 892 896 897 898 899 901 902 903 907 908 910 911 912 913 916 917 918 922 923 925 926 927 931 932 933 934 937 938 940 943 944 945 946 948 949 950 951 952 953 954 958 960 961 962 964 965 966 969 972 973 974 975 976 978 979 980 981 984 986 988 989 991 993 994 996 997 1003 1008 1009 1012 1017 1018 1019 1020 1021 1024 1025 1026 1029 1030 1031 1033 1037 1038 1040 1044 1046 1047 1049 1050 1051 1052 1053 1054 1055 1056 1057 1058 1061 1064 1065 1066 1070 1071 1072 1073 1074 1076 1077 1078 1079 1083 1085 1086 1087 1088 1089 1091 1092 1094 1095 1096 1097 1098 1099 1100 1101 1103 1106 1108 1109 1112 1113 1114 1115 1116 1118 1119 1120 1121 1123 1124 1126 1132 1133 1135 1136 1139 1140 1141 1143 1144 1145 1146 1147 1149 1150 1152 1155 1157 1159 1162 1163 1164 1170 1172 1174 1175 1178 1179 1180 1182 1183 1184 1186 1187 1188 1189 1190 1191 1192 1193 1195 1198 1199 1200 1201 1202 1205 1206 1207 1208 1209 1210 1213 1214 1215 1216 1219 1220 1221 1223 1225 1227 1229 1230 1232 1234 1235 1236 1239 1240 1241 1243 1244 1247 1249 1250 1253 1254 1255 1256 1257 1258 1260 1262 1267 1269 1272 1278 1279 1280 1282 1286 1287 1288 1290 1292 1294 1296 1297 1299 1300 1301 1302 1304 1307 1308 1312 1315 1316 1317 1319 1321 1322 1325 1327 1328 1329 1331 1332 1334 1335 1336 1339 1340 1341 1342 1343 1345 1347 1350 1352 1358 1359 1360 1362 1363 1365 1366 1367 1368 1369 1370 1371 1372 1373 1374 1376 1378 1380 1381 1383 1385 1387 1388 
842: 0 2 3 4 6 10 12 13 14 16 17 18 19 21 22 23 24 27 28 29 30 31 35 37 39 40 41 43 44 45 47 48 49 52 56 57 58 61 62 63 64 66 67 68 69 70 71 72 74 75 77 79 80 82 83 85 88 91 93 95 96 98 99 100 102 103 104 105 108 109 111 112 113 116 117 119 121 122 123 125 128 130 132 134 138 140 141 143 146 147 148 151 154 155 156 158 160 162 163 164 165 167 168 169 170 174 177 179 180 182 183 184 186 189 191 192 194 195 200 201 202 204 207 208 211 212 213 214 215 217 218 219 221 222 225 226 227 230 231 232 233 236 237 238 242 244 245 247 249 251 253 254 257 258 260 261 266 267 268 269 272 276 277 281 283 286 287 291 293 294 295 296 297 298 299 300 301 304 305 307 308 310 311 312 314 315 317 318 319 320 322 323 324 326 327 329 330 331 332 333 334 337 338 339 341 342 343 344 345 346 347 348 350 353 354 356 357 358 360 361 363 366 367 369 371 373 375 376 377 378 379 381 383 384 387 391 392 393 395 396 398 399 400 401 402 403 406 407 410 411 412 414 415 416 417 418 421 422 423 424 425 426 428 429 430 431 432 433 434 436 438 440 441 442 443 445 446 447 450 452 453 454 455 456 457 458 460 461 462 463 464 468 469 472 473 475 476 477 478 481 482 484 488 490 491 494 495 496 500 502 503 505 508 509 510 511 516 518 519 520 521 523 524 525 526 527 529 530 532 533 534 535 536 538 539 542 546 547 549 550 551 552 553 554 555 559 561 562 563 564 566 568 569 571 572 573 574 575 577 578 580 582 583 585 587 589 590 591 592 593 594 595 596 597 598 599 601 602 603 606 607 608 613 614 615 616 617 618 620 621 622 623 624 626 629 630 631 634 636 637 638 639 640 642 644 646 647 649 650 651 652 654 655 657 658 660 662 663 669 670 675 677 678 679 681 683 685 686 688 690 692 693 695 696 697 698 699 701 702 704 706 709 711 713 715 716 717 718 719 722 724 725 726 727 730 731 733 735 736 739 740 741 742 743 745 746 747 748 749 752 753 754 758 759 763 765 768 772 774 775 776 777 780 782 784 785 786 788 790 791 792 793 794 797 798 799 802 803 804 805 808 809 810 812 814 816 817 818 819 820 827 831 832 833 836 839 840 841 845 846 847 848 850 851 854 855 856 859 860 861 862 863 864 865 870 874 875 876 877 878 880 883 884 885 886 889 892 893 894 895 896 897 898 899 902 903 904 907 908 909 910 912 913 915 916 918 923 926 929 930 931 932 933 935 936 937 938 939 940 942 946 948 950 951 952 953 956 958 961 964 967 968 971 972 973 975 977 978 980 981 982 983 984 985 988 991 992 994 995 998 1000 1001 1002 1004 1006 1008 1009 1010 1013 1018 1020 1022 1024 1025 1026 1029 1031 1032 1034 1035 1038 1039 1040 1041 1042 1043 1045 1047 1048 1049 1051 1052 1053 1054 1058 1059 1060 1061 1062 1064 1069 1070 1071 1074 1075 1078 1079 1080 1082 1083 1084 1086 1088 1089 1093 1094 1095 1098 1099 1100 1101 1102 1104 1106 1107 1108 1109 1110 1112 1113 1114 1116 1117 1119 1120 1122 1125 1129 1130 1131 1132 1133 1136 1139 1140 1141 1143 1144 1145 1146 1147 1149 1151 1152 1153 1155 1156 1159 1160 1163 1164 1165 1167 1168 1169 1171 1173 1174 1175 1177 1179 1180 1183 1186 1187 1188 1192 1193 1194 1195 1203 1204 1207 1208 1210 1212 1214 1215 1217 1219 1220 1221 1222 1223 1224 1225 1226 1227 1228 1229 1231 1232 1233 1237 1239 1240 1241 1242 1243 1247 1248 1249 1258 1260 1262 1263 1264 1265 1267 1268 1269 1270 1271 1272 1273 1274 1275 1279 1280 1281 1282 1283 1284 1285 1288 1289 1291 1294 1299 1300 1305 1306 1309 1310 1311 1313 1316 1317 1319 1321 1323 1325 1326 1327 1328 1329 1331 1332 1333 1334 1335 1336 1338 1339 1340 1342 1343 1345 1347 1348 1349 1352 1354 1355 1356 1358 1359 1362 1364 1365 1369 1370 1371 1373 1374 1375 1378 1379 1382 1386 1387 1388 
834: 1 2 4 5 6 7 11 12 13 14 15 16 17 19 20 22 23 25 26 27 28 29 31 34 35 36 37 39 40 41 42 45 46 51 52 53 54 55 57 58 59 61 62 65 68 70 71 72 73 74 75 76 77 79 82 83 86 88 90 91 92 93 94 95 96 97 98 100 102 104 107 108 109 112 113 114 115 116 117 119 120 122 127 130 131 132 133 134 136 137 139 141 144 145 147 148 149 150 151 152 153 154 156 157 158 159 160 161 164 165 166 168 173 174 175 176 177 179 180 182 183 193 194 196 197 200 202 203 206 207 210 211 213 214 215 216 218 219 220 221 223 224 229 230 232 233 234 235 236 237 239 242 243 246 247 248 251 253 254 256 258 259 260 261 262 263 264 265 266 267 268 269 270 271 272 273 274 275 276 277 278 279 281 283 284 286 289 290 292 293 295 296 297 299 304 305 306 307 309 310 311 314 316 317 319 320 322 323 325 326 328 329 333 334 336 340 341 342 343 348 350 351 356 357 359 362 365 368 369 375 376 377 381 383 384 386 387 389 390 394 396 397 400 402 403 404 406 408 409 411 413 414 415 416 417 419 420 421 422 424 425 426 428 437 438 443 444 446 450 452 453 454 456 457 459 460 461 462 464 465 466 467 468 469 471 472 473 475 476 477 479 483 485 489 490 491 492 494 496 497 500 501 502 503 504 507 508 509 511 512 513 518 519 521 522 523 525 526 527 529 530 532 533 535 536 538 539 540 542 543 544 546 547 548 549 550 551 554 555 556 557 559 560 561 562 563 564 565 566 567 568 569 572 573 574 575 576 578 579 581 585 586 587 588 590 591 592 595 596 597 598 602 605 608 609 610 611 612 613 616 619 620 621 622 623 624 629 630 632 633 634 635 638 639 640 642 643 645 646 647 650 651 652 653 654 657 658 659 661 662 667 670 671 674 675 676 677 678 680 682 684 686 687 689 690 694 695 699 700 701 702 704 705 707 710 711 715 717 718 720 722 723 724 728 734 737 738 739 740 741 747 749 750 752 753 754 755 756 757 758 760 761 763 764 765 766 767 768 769 770 771 772 773 774 775 776 777 778 782 783 784 787 789 790 792 793 795 796 798 800 801 803 804 805 806 809 810 811 812 813 815 817 819 824 827 828 832 833 834 835 836 837 839 841 843 844 846 851 853 855 856 857 858 859 860 861 862 866 868 869 870 871 872 874 875 877 878 879 880 882 886 887 888 891 892 893 895 896 898 899 900 903 904 905 906 912 913 915 917 921 922 923 928 931 932 933 934 937 938 939 940 946 947 948 951 952 953 955 956 957 961 962 964 965 968 970 975 977 979 982 987 989 993 994 995 998 999 1000 1001 1002 1003 1006 1008 1011 1012 1013 1016 1017 1018 1019 1020 1021 1022 1025 1026 1029 1030 1031 1032 1033 1034 1035 1036 1037 1040 1042 1043 1048 1049 1050 1051 1053 1054 1055 1056 1059 1061 1062 1063 1064 1066 1067 1068 1069 1073 1074 1076 1078 1079 1082 1083 1084 1087 1089 1090 1091 1092 1093 1097 1100 1101 1102 1106 1107 1108 1109 1110 1111 1113 1115 1116 1117 1118 1119 1120 1121 1122 1124 1126 1127 1129 1132 1134 1136 1138 1142 1143 1145 1146 1147 1149 1150 1151 1152 1156 1158 1162 1164 1170 1171 1173 1175 1176 1177 1178 1179 1181 1182 1183 1193 1194 1198 1200 1201 1205 1207 1208 1209 1212 1213 1216 1218 1219 1220 1221 1222 1223 1224 1226 1227 1228 1229 1234 1236 1237 1240 1241 1242 1244 1247 1249 1250 1252 1253 1256 1258 1259 1260 1262 1264 1266 1267 1268 1269 1271 1272 1273 1275 1276 1277 1280 1281 1282 1284 1285 1286 1287 1288 1289 1290 1292 1293 1294 1295 1296 1300 1301 1303 1304 1306 1307 1312 1315 1317 1318 1319 1320 1323 1324 1325 1328 1329 1330 1331 1332 1333 1334 1337 1338 1341 1342 1343 1344 1345 1348 1350 1352 1353 1355 1356 1358 1359 1360 1361 1362 1363 1364 1365 1366 1368 1369 1370 1371 1373 1374 1375 1377 1378 1380 1381 1382 1385 1386 1389 
843: 0 4 5 6 7 8 9 10 11 12 13 15 16 17 18 21 22 24 25 28 29 31 33 34 35 37 38 39 41 42 45 47 48 50 51 52 53 58 60 61 63 64 66 68 70 71 72 74 77 78 80 82 84 86 87 88 89 90 92 94 95 96 99 100 101 106 107 109 110 112 113 114 115 116 117 118 120 121 122 123 126 128 129 130 131 134 136 137 138 140 141 142 143 146 147 150 151 153 154 155 157 158 159 160 162 165 166 172 174 176 177 180 182 185 186 187 188 191 194 195 196 198 199 201 203 205 206 208 210 211 212 216 217 218 220 224 225 226 229 231 235 236 238 239 240 241 244 245 246 247 248 251 252 253 258 259 260 261 262 264 265 269 274 275 276 277 278 279 282 284 286 287 290 292 294 295 296 297 301 303 304 306 307 308 309 313 315 316 318 319 323 324 325 327 328 329 330 331 332 333 334 335 337 338 339 341 344 345 346 347 350 351 352 354 356 358 359 360 361 362 367 369 371 375 376 378 379 380 381 387 388 392 394 398 400 401 402 404 405 406 407 408 409 411 414 415 418 420 422 423 425 426 430 433 437 438 446 447 448 449 450 451 452 453 454 456 457 459 460 461 462 463 464 465 466 467 468 469 470 471 474 475 478 479 480 481 485 487 490 491 492 493 494 496 497 498 499 500 501 502 503 504 505 506 508 510 511 512 513 514 516 517 518 519 521 522 524 525 526 528 529 530 531 532 534 535 537 538 540 542 547 548 552 554 555 558 560 561 562 563 564 565 566 567 568 569 570 572 573 574 575 578 580 581 584 586 588 589 590 591 596 597 599 600 602 603 604 606 607 608 610 611 612 615 618 620 621 624 625 628 629 631 632 633 634 636 638 639 640 641 642 643 645 646 647 648 649 650 652 653 656 658 661 663 664 665 669 671 672 673 674 675 676 677 678 680 681 692 693 696 698 699 700 702 704 705 706 707 709 713 715 716 717 725 726 727 728 729 732 733 734 735 736 738 739 741 742 745 746 747 748 749 750 752 754 755 756 758 762 763 764 767 768 769 771 773 774 775 776 777 778 779 781 783 784 788 789 791 795 796 797 799 800 801 802 803 806 808 809 810 811 812 814 816 817 818 819 820 821 823 824 827 829 830 831 832 833 835 836 837 842 843 844 845 847 848 850 852 855 858 860 861 862 865 867 869 870 871 872 873 874 875 876 879 881 882 883 884 885 886 888 892 893 894 895 896 897 899 900 902 903 904 906 907 908 913 914 915 916 919 920 921 922 924 926 927 929 930 932 934 935 937 938 939 940 941 944 947 949 950 952 953 954 955 956 962 963 964 965 966 969 970 971 973 974 977 978 979 981 982 983 985 986 987 988 990 991 993 995 996 997 999 1000 1001 1002 1003 1004 1008 1010 1013 1014 1015 1016 1017 1018 1020 1023 1024 1025 1026 1027 1028 1030 1034 1036 1037 1038 1039 1040 1043 1049 1052 1054 1055 1056 1057 1058 1062 1063 1064 1065 1066 1069 1072 1073 1074 1075 1076 1077 1079 1080 1081 1083 1084 1086 1087 1092 1094 1095 1096 1100 1104 1105 1107 1108 1109 1110 1111 1112 1114 1115 1117 1118 1120 1124 1126 1127 1130 1134 1135 1138 1139 1140 1141 1142 1143 1145 1148 1149 1150 1156 1157 1158 1159 1160 1162 1163 1164 1168 1170 1171 1173 1174 1177 1178 1180 1181 1182 1185 1186 1187 1188 1189 1190 1191 1192 1193 1194 1197 1199 1200 1201 1206 1208 1209 1214 1218 1219 1221 1222 1223 1224 1225 1226 1227 1229 1231 1232 1234 1236 1237 1238 1239 1244 1245 1246 1248 1250 1251 1252 1253 1255 1259 1260 1261 1262 1263 1264 1266 1267 1270 1273 1274 1275 1276 1277 1278 1279 1280 1281 1282 1285 1286 1290 1291 1293 1295 1296 1299 1300 1305 1306 1308 1309 1310 1316 1317 1318 1319 1321 1322 1327 1328 1329 1330 1331 1334 1336 1337 1338 1342 1343 1344 1345 1346 1347 1348 1349 1351 1352 1354 1359 1363 1364 1366 1367 1368 1370 1371 1372 1373 1374 1375 1376 1377 1378 1380 1382 1383 1385 1386 1387 1388 
852: 0 1 2 3 4 6 7 8 10 12 13 14 20 21 25 26 27 31 34 35 37 39 40 41 42 43 45 46 47 49 50 51 52 53 54 55 56 58 59 60 63 65 68 69 72 73 74 76 77 78 81 82 83 84 85 86 87 89 91 95 97 103 105 106 107 109 110 111 115 116 117 119 120 122 125 128 131 132 134 135 137 139 140 142 144 146 147 148 152 153 154 158 161 164 166 168 169 174 175 177 179 180 181 182 187 188 190 193 194 196 197 198 200 201 205 208 212 213 216 217 221 222 223 224 225 226 227 230 233 234 235 237 240 242 243 244 247 249 250 254 255 257 259 262 263 265 266 267 270 275 277 278 283 284 287 288 290 291 292 293 295 296 297 298 299 301 305 306 307 310 312 315 317 319 320 321 323 326 327 332 333 334 335 338 340 343 344 345 347 351 352 354 356 357 358 361 363 364 366 367 368 369 371 372 373 374 375 376 378 379 380 383 386 387 389 391 392 394 397 398 401 402 405 407 408 409 410 411 412 414 416 417 418 419 421 422 426 429 434 437 439 440 441 443 445 446 447 448 450 452 453 455 456 459 460 461 462 465 466 467 468 469 471 472 476 477 478 479 480 481 482 483 484 485 487 488 489 491 493 494 495 497 500 502 503 504 505 506 507 509 510 511 513 515 516 518 519 520 521 522 523 525 526 527 528 530 531 532 533 536 537 538 539 540 542 545 547 548 550 551 552 553 556 557 558 559 560 562 563 565 566 567 571 572 573 574 575 577 578 580 581 582 586 588 589 590 592 593 594 597 598 599 600 601 602 604 605 607 608 609 610 612 614 615 616 617 618 619 620 623 628 630 632 634 637 638 640 641 643 645 648 649 650 651 652 653 654 655 657 658 660 662 666 667 668 669 670 672 674 678 682 683 684 685 686 687 688 689 690 691 692 694 696 698 699 702 704 706 707 708 711 712 713 714 715 716 719 720 721 722 728 729 730 731 732 736 738 739 740 741 742 743 745 747 748 749 755 756 760 761 763 764 765 766 767 768 769 770 772 773 777 781 788 789 790 791 793 794 795 798 801 802 803 804 805 809 810 811 812 814 815 817 818 819 821 823 824 825 828 829 830 833 834 835 836 838 840 841 842 843 845 846 847 848 849 851 852 854 856 857 858 859 862 863 865 866 871 872 873 874 876 877 878 879 881 882 884 885 886 887 888 889 891 894 895 897 899 900 902 903 907 908 910 911 912 915 916 918 919 921 922 923 924 925 926 927 928 929 930 931 933 938 941 943 944 946 947 949 950 951 952 953 955 956 957 958 960 961 962 963 966 967 968 971 972 973 975 976 977 978 979 981 984 985 988 989 992 994 995 997 1001 1002 1003 1005 1006 1007 1008 1009 1010 1012 1014 1015 1016 1017 1018 1020 1021 1022 1023 1024 1025 1026 1028 1030 1032 1033 1035 1036 1040 1041 1042 1043 1045 1046 1047 1049 1050 1053 1054 1057 1060 1062 1063 1064 1065 1068 1069 1072 1073 1074 1075 1076 1080 1083 1084 1085 1086 1087 1090 1091 1093 1097 1098 1099 1100 1102 1106 1107 1108 1109 1110 1111 1113 1114 1119 1120 1121 1123 1124 1125 1127 1128 1129 1130 1131 1133 1134 1135 1137 1138 1140 1141 1142 1143 1145 1146 1147 1151 1154 1156 1157 1158 1160 1161 1163 1166 1168 1170 1171 1172 1173 1176 1177 1178 1182 1183 1185 1186 1188 1189 1190 1193 1194 1195 1196 1198 1199 1200 1201 1202 1205 1206 1208 1209 1210 1211 1213 1214 1215 1216 1218 1219 1221 1222 1224 1227 1228 1229 1230 1232 1233 1236 1237 1238 1240 1242 1245 1247 1250 1251 1254 1255 1256 1259 1262 1263 1264 1267 1268 1273 1275 1276 1277 1278 1279 1280 1281 1283 1284 1285 1286 1289 1290 1291 1292 1293 1294 1295 1296 1297 1298 1300 1302 1303 1304 1305 1306 1307 1308 1310 1314 1315 1316 1320 1321 1322 1323 1324 1325 1326 1327 1330 1331 1332 1333 1336 1337 1338 1340 1341 1342 1344 1346 1347 1348 1349 1350 1351 1352 1354 1357 1359 1360 1363 1365 1367 1368 1369 1371 1372 1373 1374 1376 1377 1379 1382 1383 1384 1385 1386 1388 1389 
815: 1 3 4 5 7 8 9 11 12 13 15 16 17 18 19 20 21 22 24 25 27 31 33 34 35 36 37 38 39 40 41 43 45 46 47 49 52 55 57 58 59 60 62 65 68 69 80 81 82 85 86 88 91 92 93 95 96 97 100 104 106 112 114 115 117 118 120 121 125 126 129 130 135 136 137 144 146 148 149 151 152 153 154 155 156 158 159 160 161 162 165 169 170 171 172 173 175 178 179 180 182 183 184 185 186 187 192 194 195 196 197 198 199 203 204 205 206 207 209 212 214 215 216 218 219 221 223 224 225 227 230 232 233 237 239 240 241 242 243 244 246 250 253 254 255 259 260 261 262 265 267 268 271 272 273 274 276 277 278 280 281 282 283 284 285 289 292 295 299 301 302 303 304 305 306 307 308 310 311 313 315 316 317 320 321 322 323 324 325 326 327 328 329 330 331 332 333 334 335 336 337 341 342 346 347 349 351 352 354 355 356 357 359 362 364 366 367 368 369 370 372 374 379 380 381 387 393 396 397 398 400 402 403 404 405 406 408 409 410 411 412 417 421 423 424 425 426 428 430 431 435 436 441 442 443 444 445 447 448 449 454 455 457 459 460 461 462 464 465 466 468 471 473 475 479 480 481 483 484 485 486 488 489 490 491 492 493 494 495 498 499 501 502 503 504 506 508 509 511 513 514 518 522 524 525 527 533 536 538 539 540 541 542 543 546 547 548 552 554 555 556 557 560 561 563 564 568 571 572 573 574 577 579 580 581 582 583 587 588 589 590 591 594 595 597 598 600 601 603 604 606 608 609 610 611 612 613 614 615 616 617 619 620 621 622 626 628 629 630 631 632 633 637 639 640 641 644 650 651 652 657 659 660 661 663 665 666 668 671 672 673 675 677 678 680 681 685 686 688 691 693 694 696 697 698 702 703 705 706 709 710 715 717 718 719 722 725 727 730 731 734 736 737 738 742 744 746 747 750 752 753 754 755 757 758 761 763 767 772 774 775 776 777 779 783 784 785 787 788 789 791 794 795 798 799 800 801 803 804 806 810 811 812 814 815 816 821 823 825 826 827 828 832 833 834 837 841 842 844 846 849 854 856 857 859 861 862 863 864 867 869 871 872 873 875 876 877 878 879 881 884 886 888 890 891 892 894 896 897 899 900 902 903 904 906 907 908 910 912 913 914 916 918 919 920 921 924 927 929 931 932 933 934 935 936 937 938 940 941 942 943 945 947 948 949 951 953 955 958 960 961 963 965 966 967 969 970 971 972 973 975 976 983 984 985 986 987 988 992 993 994 996 997 999 1000 1002 1003 1004 1005 1008 1009 1010 1011 1012 1013 1014 1016 1019 1020 1021 1022 1024 1025 1027 1028 1030 1036 1037 1040 1041 1042 1045 1046 1047 1050 1051 1052 1056 1058 1061 1062 1064 1069 1070 1071 1073 1078 1079 1081 1082 1083 1085 1088 1089 1090 1093 1094 1096 1097 1098 1099 1100 1101 1102 1103 1104 1105 1108 1109 1110 1111 1113 1114 1119 1120 1123 1124 1125 1126 1129 1131 1134 1135 1137 1138 1139 1140 1142 1143 1145 1146 1147 1148 1151 1152 1154 1156 1158 1159 1160 1161 1162 1163 1165 1166 1170 1171 1172 1175 1176 1178 1179 1182 1184 1185 1187 1188 1189 1191 1192 1195 1196 1197 1198 1203 1204 1209 1211 1213 1214 1215 1216 1217 1219 1220 1221 1222 1223 1226 1227 1228 1229 1231 1232 1234 1236 1237 1238 1239 1240 1243 1245 1247 1248 1252 1253 1254 1255 1256 1257 1259 1263 1265 1267 1268 1270 1271 1277 1280 1282 1283 1285 1287 1288 1289 1290 1291 1292 1293 1294 1295 1296 1298 1299 1300 1302 1304 1305 1307 1308 1312 1313 1316 1317 1318 1319 1320 1323 1324 1325 1326 1328 1329 1330 1331 1332 1333 1336 1337 1338 1339 1340 1341 1342 1344 1346 1347 1348 1351 1354 1355 1356 1357 1358 1359 1360 1361 1364 1365 1366 1367 1369 1370 1372 1373 1374 1376 1377 1378 1380 1382 1384 1386 1388 1389 
Days = 28
Shift constraints
8 24
8 20
4 24
0 28
4 24
4 5
true
true
Forbidden sequences = 2
3 1 
2 3 

