# Randomly generated data for the integrated task scheduling and personnel rostering problem, skilling=0,600 and tightness=0,600 seed=201600
Tasks = 1444
423 510 20
564 657 1
771 857 26
569 642 13
599 734 6
556 676 26
405 528 5
422 491 25
406 473 16
606 735 25
406 490 6
630 677 21
564 634 18
406 495 24
406 469 22
756 821 22
558 650 1
405 462 20
417 505 20
609 685 17
494 530 27
817 864 7
583 665 16
815 948 13
972 1055 25
557 681 27
555 657 2
420 451 24
750 866 15
650 722 5
772 843 20
412 540 6
750 859 0
974 1050 5
908 948 7
512 578 0
407 470 22
566 694 8
556 624 6
530 605 5
964 1003 9
408 532 17
408 469 10
430 525 12
555 648 1
405 461 3
405 489 22
902 997 20
780 908 15
405 461 6
761 830 21
886 968 14
966 1081 0
759 809 1
682 721 2
753 841 26
450 563 25
591 646 24
750 885 2
555 692 9
776 912 7
407 492 6
570 611 10
760 827 12
417 472 4
409 473 24
842 878 24
499 558 11
750 784 15
556 663 16
412 451 18
752 880 18
764 845 4
757 794 15
409 501 22
615 685 19
671 762 1
433 512 12
444 543 14
692 789 9
492 567 6
567 643 10
406 487 13
1013 1086 19
601 735 5
766 881 20
718 812 12
629 665 6
503 580 22
867 959 15
815 897 25
564 634 14
774 895 8
472 585 10
667 718 11
509 578 13
561 703 21
410 496 13
751 811 8
406 450 10
570 645 6
803 867 23
670 738 16
443 566 11
421 557 4
413 530 0
772 891 0
409 465 2
784 886 15
629 719 19
532 670 17
564 645 7
841 946 26
550 592 20
750 833 4
448 574 20
514 591 24
780 852 25
611 690 12
572 701 27
410 514 20
737 809 17
558 624 11
410 505 3
758 862 18
566 687 16
921 993 7
575 647 19
408 498 12
423 563 20
771 813 11
407 499 21
605 699 9
557 621 4
884 1027 18
414 501 0
665 787 16
947 1037 26
589 679 10
522 587 6
751 830 26
429 527 8
752 803 6
555 614 21
763 825 23
440 534 16
506 611 3
611 683 21
756 820 16
615 743 21
690 734 12
508 554 1
751 778 8
815 881 17
409 493 13
425 473 5
771 818 1
758 809 1
770 828 27
619 702 6
460 505 19
759 828 18
489 574 13
751 813 16
644 753 10
411 483 14
697 771 16
758 877 5
640 713 26
405 482 7
598 650 11
766 889 5
418 484 10
603 694 27
448 509 19
430 547 4
580 660 21
581 676 22
756 854 20
659 689 23
907 1007 17
682 786 23
451 571 18
565 629 10
814 861 4
429 484 26
571 649 1
766 806 10
405 487 14
555 647 15
776 860 25
910 965 20
441 509 24
585 709 17
794 850 26
860 946 16
560 663 19
751 856 7
495 530 16
473 512 22
759 849 21
490 539 22
661 722 7
652 686 1
787 852 2
597 711 24
548 624 24
465 551 10
854 927 1
603 649 6
753 831 13
773 897 16
533 664 8
557 642 19
782 858 0
837 928 7
755 821 6
411 527 22
854 937 21
578 659 20
428 508 19
682 759 27
670 728 3
888 942 22
766 826 18
751 858 18
1041 1145 26
412 556 16
409 487 26
719 814 6
492 575 7
674 735 0
687 762 22
769 844 15
579 646 18
579 650 24
411 501 17
833 911 4
772 833 11
510 599 24
782 875 17
439 563 25
768 890 9
597 701 14
756 827 15
424 502 21
768 828 21
573 682 1
1005 1116 9
926 1011 0
413 534 11
469 605 22
408 482 22
709 778 2
501 580 12
610 660 5
750 828 13
753 815 14
653 724 5
441 558 3
618 690 10
886 958 15
688 749 26
408 530 25
820 883 23
647 712 14
406 478 12
565 696 0
913 1002 20
504 611 13
587 708 9
762 892 19
597 689 3
763 841 6
1029 1131 20
655 730 24
750 850 3
407 441 9
751 822 21
739 860 2
730 852 5
413 514 13
440 536 13
408 490 23
562 641 6
539 620 27
750 869 7
643 733 19
763 879 9
796 903 16
621 730 24
481 543 27
954 1037 19
807 896 6
828 900 20
497 603 23
901 944 5
859 897 11
811 863 17
586 703 20
762 816 16
481 575 13
447 508 27
405 464 18
915 991 1
526 610 20
563 615 14
429 482 10
758 885 9
648 739 15
763 849 17
579 649 16
610 708 22
667 746 19
473 553 6
406 479 5
513 551 19
555 681 13
856 975 18
414 500 14
408 459 23
840 905 11
757 829 22
849 905 27
758 857 17
588 663 12
823 924 16
836 872 1
562 667 17
985 1036 7
492 581 26
481 517 12
559 621 26
727 787 7
838 933 27
896 994 9
662 696 13
468 576 9
410 469 15
516 599 12
415 488 8
621 704 4
757 835 19
558 646 6
573 643 0
756 815 11
880 997 0
551 624 13
559 600 10
851 916 17
948 1013 5
648 722 1
826 893 25
626 746 18
918 985 12
500 582 13
571 662 27
405 450 0
1046 1146 19
557 632 14
668 740 20
890 988 17
675 719 12
603 680 12
715 805 27
955 1024 11
638 683 7
777 826 2
906 966 16
792 866 24
413 489 26
931 994 12
540 639 22
771 864 21
617 681 20
570 612 11
748 808 26
408 485 25
627 701 14
701 762 20
550 601 25
533 574 14
630 711 24
578 675 13
563 625 26
821 903 14
545 631 24
418 505 25
622 666 21
577 671 7
405 451 1
768 831 19
855 925 20
598 688 24
686 733 1
735 838 20
555 670 17
693 767 10
425 524 15
1049 1166 8
1056 1175 5
461 524 3
712 783 24
629 720 1
908 994 11
1042 1114 17
722 795 18
511 582 3
770 837 22
582 681 23
581 689 4
751 825 8
552 607 19
570 635 6
752 844 23
570 628 9
432 483 4
828 938 13
405 476 12
649 701 19
776 843 17
606 678 10
405 500 11
662 750 6
849 934 6
644 719 10
452 539 13
485 577 5
592 709 13
925 1001 20
750 857 22
735 844 19
687 760 1
626 712 26
880 931 3
586 677 27
754 861 6
764 840 21
483 559 16
559 699 5
655 731 9
782 844 5
1082 1132 7
604 666 25
1029 1094 18
667 746 6
887 976 26
626 731 15
830 927 8
593 702 8
904 949 25
711 776 13
790 889 26
579 621 11
763 888 1
805 896 18
734 826 1
655 749 19
594 669 6
524 591 3
451 545 0
696 789 1
785 878 9
849 940 20
432 499 18
649 696 19
857 908 22
581 634 14
833 913 19
852 923 4
812 911 6
575 647 23
869 942 18
703 834 5
582 641 5
536 649 0
1001 1069 11
732 855 12
831 864 26
823 883 26
959 1065 15
578 674 9
850 922 17
934 1001 17
607 681 10
960 1057 3
1003 1095 20
923 967 4
875 955 11
817 948 11
827 921 18
936 1044 6
662 789 0
891 1007 9
807 889 13
480 553 9
828 901 22
928 979 8
966 1007 20
709 788 22
775 810 10
751 870 14
434 492 25
911 948 15
607 668 5
671 725 5
490 610 8
970 1010 4
545 636 11
721 799 14
462 558 25
498 583 10
768 820 23
905 992 25
866 960 6
565 640 4
499 592 7
989 1068 18
953 995 18
545 613 0
684 802 10
792 893 7
485 568 22
849 943 23
785 885 8
539 595 16
802 863 0
1071 1121 27
566 657 4
509 597 27
517 585 12
790 836 11
763 866 15
833 901 8
413 535 12
806 913 10
881 993 7
659 789 11
667 725 8
406 452 5
703 773 19
934 1036 1
948 1036 11
931 1015 18
776 855 9
871 953 23
911 1002 4
653 798 5
630 753 26
735 852 5
655 744 25
1044 1076 22
727 811 1
1037 1140 11
607 676 12
681 763 23
576 658 8
913 1031 8
892 1002 23
751 894 15
409 518 14
813 855 14
580 642 22
632 752 11
589 631 2
521 620 18
812 853 14
766 857 1
644 684 26
560 672 10
662 720 4
1073 1185 7
433 540 25
889 936 1
595 687 11
988 1084 7
568 615 20
465 563 23
1108 1173 3
904 1025 19
805 855 20
640 699 2
1038 1099 18
493 563 10
535 564 17
1038 1103 26
701 802 3
821 925 16
753 816 16
741 823 20
670 801 25
471 514 5
453 569 1
653 688 22
882 974 4
843 935 14
458 571 9
759 831 27
568 619 14
801 859 25
670 783 17
1113 1196 18
752 808 22
582 673 25
674 801 17
693 741 10
583 640 13
840 922 1
888 1012 8
1038 1140 20
925 1037 16
950 1068 15
1100 1197 20
734 789 21
834 906 15
490 586 26
909 1007 9
539 640 12
510 606 21
597 681 12
679 799 10
723 822 9
479 596 15
1053 1096 16
833 970 23
1025 1070 11
495 556 25
656 714 16
722 766 1
970 1023 15
591 665 3
481 566 24
726 776 13
778 842 9
692 765 13
1018 1100 5
577 662 19
871 954 14
846 941 19
833 890 21
636 772 6
922 1028 20
861 990 2
676 723 9
487 544 14
1138 1191 7
933 1020 10
765 878 19
855 961 9
1015 1113 4
594 652 17
952 1061 7
1079 1137 15
975 1096 20
766 859 1
787 891 17
557 690 3
460 546 15
914 1021 19
589 700 12
527 579 22
1011 1088 12
715 757 27
748 848 21
687 745 6
405 469 25
463 545 27
584 685 14
823 906 6
525 619 20
750 819 23
819 892 23
588 649 24
858 920 17
762 828 14
725 792 0
778 879 5
916 1026 5
627 703 20
1043 1122 12
462 516 12
812 905 24
466 538 18
596 703 23
624 732 19
860 925 19
605 678 24
424 527 5
694 757 3
907 983 6
621 693 25
1003 1069 4
516 608 0
500 569 11
934 998 17
647 747 6
793 913 9
646 768 14
1094 1171 11
678 716 17
651 729 13
768 819 23
925 996 18
774 863 6
615 700 20
976 1076 23
687 777 21
958 1066 15
464 595 10
966 1036 15
1040 1118 15
544 670 14
710 799 20
410 466 3
655 769 14
869 988 26
892 952 23
931 998 0
676 777 2
498 533 23
568 673 14
925 1013 1
914 994 6
743 882 10
1066 1162 15
711 821 13
934 1036 27
641 698 22
874 995 9
889 1037 2
944 991 23
704 810 12
420 449 7
649 751 4
760 840 11
749 818 23
795 900 16
884 1002 10
994 1052 8
1034 1100 8
956 1043 24
569 628 11
995 1074 9
794 921 7
709 772 25
573 668 13
635 714 14
934 1028 19
942 1027 22
417 526 22
557 654 2
538 599 18
575 692 25
669 763 6
483 570 2
670 745 14
927 986 15
991 1086 13
656 745 0
847 989 13
913 1013 14
857 906 7
683 768 24
1062 1117 17
533 607 21
753 827 26
587 682 26
950 1040 12
1085 1196 23
812 901 21
915 1032 21
609 748 0
681 766 2
557 646 16
1051 1087 25
606 678 23
962 1038 13
800 894 21
1015 1119 1
810 862 12
581 625 18
810 876 8
865 925 17
725 863 8
586 635 25
1135 1197 4
1073 1120 0
700 814 22
803 849 10
740 806 15
616 762 27
815 948 3
691 755 23
985 1035 9
756 854 4
706 816 10
692 782 7
608 664 21
767 856 23
704 779 4
804 854 3
409 521 1
761 816 20
574 608 20
619 678 8
964 1078 2
1001 1106 6
1066 1137 15
452 492 10
449 571 18
774 846 14
532 614 5
694 824 18
915 1035 24
1024 1119 17
612 704 14
938 1044 13
769 850 3
898 969 9
817 942 21
476 548 18
791 862 22
1059 1154 19
1097 1190 16
860 998 23
845 908 24
801 898 26
876 941 21
925 1002 17
480 614 5
1047 1092 6
769 846 10
872 954 23
625 692 11
1104 1185 18
987 1046 6
601 729 18
957 1093 14
659 738 18
729 806 10
444 533 3
1101 1195 8
1053 1193 8
1023 1061 14
740 852 25
807 887 15
1046 1104 6
818 905 8
810 922 19
575 649 23
831 901 27
596 705 3
771 831 14
605 718 2
622 706 20
818 890 16
628 741 5
778 857 2
633 727 12
918 981 7
826 895 22
1060 1120 8
516 615 4
908 995 22
661 739 18
790 891 13
780 853 4
862 959 14
669 721 4
709 749 23
722 836 20
914 979 7
766 863 2
745 804 14
704 818 11
1079 1124 18
924 1007 20
583 624 9
912 977 0
643 759 12
853 911 4
1004 1121 7
888 977 15
640 760 27
646 709 11
1036 1070 9
769 885 6
1100 1184 20
968 1042 14
1095 1185 9
470 568 25
617 735 5
898 965 2
857 916 21
773 893 3
804 887 4
782 894 2
779 857 12
732 791 12
1002 1074 9
991 1096 13
1069 1144 4
1132 1196 7
1104 1179 13
564 645 23
406 479 8
771 844 9
926 1020 26
550 638 10
1008 1101 0
874 985 7
689 758 9
839 943 11
1014 1089 2
852 935 10
571 640 1
790 885 11
707 807 4
683 748 0
954 1031 21
558 659 5
905 963 3
867 973 2
911 952 4
592 672 25
504 545 15
889 975 3
894 1017 16
899 962 18
850 950 24
867 933 26
693 750 12
834 890 27
943 1040 10
1077 1137 11
663 735 6
939 1044 1
1128 1199 18
719 792 11
1046 1135 24
728 797 17
740 785 4
583 614 11
740 874 8
589 661 22
1007 1149 7
802 863 10
888 957 1
654 729 17
1105 1143 9
995 1075 23
752 817 16
565 659 16
857 974 3
1058 1183 27
637 734 15
1162 1199 15
712 796 11
1147 1198 11
995 1040 22
935 1013 17
414 508 24
672 729 4
618 715 15
821 932 11
655 737 25
434 529 10
759 807 14
770 828 14
551 659 0
869 950 21
695 759 15
501 560 4
1077 1145 5
828 913 1
917 1042 19
829 940 21
890 952 27
665 734 3
813 887 11
1071 1193 23
928 984 8
687 763 16
1078 1156 9
791 864 12
966 1040 21
952 1033 21
434 577 13
965 1039 18
918 965 15
822 893 27
810 862 5
697 845 25
1137 1200 15
839 967 22
777 841 24
752 829 3
740 801 13
926 982 27
628 694 5
719 783 12
952 1043 23
642 697 1
626 746 13
1142 1199 2
585 717 7
859 952 1
609 684 16
754 845 0
829 887 26
808 911 22
704 836 2
761 864 10
779 853 27
919 1041 22
729 780 18
900 930 19
662 766 1
1038 1141 2
654 782 9
523 635 22
780 833 26
1101 1178 22
696 744 23
1142 1197 2
790 913 18
1041 1166 18
805 863 17
933 996 27
518 622 20
628 718 11
599 710 10
917 965 26
934 1044 11
998 1081 18
846 915 5
690 763 21
701 774 1
958 1005 1
962 1011 3
740 823 3
474 583 8
566 632 25
925 1026 17
709 821 19
949 1032 16
603 740 24
776 839 6
776 839 19
919 1014 5
575 663 16
780 843 20
734 782 3
688 782 23
593 651 8
1042 1176 17
832 880 19
629 713 18
811 903 2
963 1047 17
992 1112 13
916 1030 27
526 608 26
867 978 23
583 660 2
706 779 25
792 861 13
693 762 8
827 888 25
711 778 10
618 693 11
689 774 26
894 940 2
975 1031 15
482 559 10
934 1006 15
751 863 0
815 863 22
446 550 0
1010 1126 19
564 622 27
1020 1088 20
744 818 15
812 903 4
657 728 8
980 1043 15
905 1043 6
784 860 10
907 1042 4
641 748 10
943 1033 23
660 787 5
777 864 1
661 758 0
825 951 0
702 793 0
1040 1153 22
788 911 17
755 844 6
746 802 4
645 747 1
515 599 9
645 724 20
437 526 15
775 860 26
918 1041 9
725 802 9
641 734 26
625 737 13
1092 1160 14
814 890 13
714 781 18
537 661 13
726 793 13
756 840 5
971 1039 16
791 841 2
724 787 26
802 874 17
1044 1119 22
950 1009 21
1016 1080 17
781 862 18
975 1055 3
986 1037 24
909 949 16
1146 1199 26
752 837 13
1048 1170 22
912 1041 26
701 766 11
690 762 26
751 826 8
692 747 22
840 930 10
848 917 21
549 596 22
845 950 19
683 766 27
1105 1171 0
879 938 9
942 1036 13
898 1009 8
899 980 26
1120 1192 22
1021 1076 23
674 754 13
506 622 19
928 1053 11
657 729 18
806 854 17
1067 1164 3
721 844 5
1103 1185 14
767 863 21
818 860 12
768 863 8
978 1042 2
1094 1179 17
783 863 26
1062 1166 7
895 1020 22
875 932 12
1039 1084 23
961 1031 10
1068 1189 14
830 862 20
736 825 27
832 965 3
696 766 14
1121 1171 1
1087 1156 23
958 1042 19
613 672 0
895 1017 4
906 993 26
789 849 5
790 839 20
671 769 7
846 895 8
872 909 15
512 635 6
820 903 16
804 865 14
1059 1105 17
1105 1194 6
646 731 13
982 1049 9
954 1019 26
775 859 24
625 658 8
776 823 7
1075 1147 26
1027 1121 26
772 863 19
784 858 9
1007 1072 1
800 860 11
794 851 9
1036 1093 11
1113 1173 19
724 803 19
758 832 6
893 963 13
717 819 6
763 862 5
927 1027 10
749 833 0
569 621 13
800 856 20
723 843 15
685 810 13
792 835 0
602 659 22
1042 1126 19
674 794 0
932 1015 7
1028 1117 24
965 1043 3
903 1016 6
856 933 26
1124 1175 0
849 923 14
1105 1161 1
546 608 15
958 1021 16
1038 1128 16
696 765 24
944 1037 0
713 825 0
1081 1171 1
1025 1121 9
531 661 12
816 905 11
1131 1195 20
798 850 27
442 486 20
804 840 15
1050 1173 9
1153 1198 20
1043 1121 23
737 820 2
865 925 6
956 1023 11
934 1016 14
1101 1186 23
1145 1187 16
1116 1196 11
928 1032 6
913 991 1
985 1039 13
1082 1180 18
1156 1196 12
878 962 21
766 853 27
1058 1199 3
1125 1198 26
844 910 2
769 862 19
893 981 7
651 686 22
949 1040 10
1113 1177 13
937 1059 12
799 850 26
940 1051 12
908 987 11
578 660 10
916 1041 1
1034 1147 21
797 854 18
1125 1193 8
829 896 1
933 1044 2
662 767 21
665 758 16
631 742 13
714 811 24
660 722 22
723 855 16
748 864 22
1072 1172 12
1013 1111 17
963 1021 22
1025 1104 8
1144 1199 4
577 711 25
1087 1165 7
991 1040 1
731 831 7
688 746 22
1051 1145 7
567 647 4
709 813 21
1034 1104 7
948 1039 19
1100 1176 19
746 857 8
1061 1195 22
1031 1169 22
953 1044 4
939 1049 16
438 527 6
755 831 6
962 1042 25
717 822 4
1003 1064 16
782 864 3
1061 1154 11
1024 1159 15
768 813 1
1125 1172 9
841 952 2
969 1019 5
705 835 25
616 713 13
941 1044 19
769 862 12
990 1043 26
764 842 22
661 792 22
789 863 4
796 862 18
1008 1043 23
739 850 13
586 682 6
1060 1093 15
1000 1093 0
756 853 23
727 778 22
880 955 12
797 864 0
991 1049 3
657 792 27
787 861 13
740 818 16
772 850 13
982 1044 2
891 962 23
1093 1163 15
1051 1134 17
756 833 18
952 1043 27
718 793 11
859 944 1
896 988 8
885 971 17
710 784 23
714 849 25
915 1032 19
832 911 14
1044 1121 13
767 824 9
1027 1104 12
921 1015 2
986 1068 16
541 622 7
1084 1171 23
724 817 16
919 1033 17
1087 1179 23
821 927 17
976 1113 3
851 943 5
538 633 10
1117 1194 3
751 851 13
769 860 7
744 808 14
794 862 5
944 1045 1
951 1053 21
818 851 25
927 1040 18
543 581 24
958 1044 9
1153 1199 22
962 1032 15
711 854 11
793 864 11
1039 1147 24
1063 1131 16
1105 1185 8
647 765 19
743 860 25
816 863 19
752 852 22
1021 1096 2
784 880 14
1012 1074 21
1104 1194 6
594 664 24
949 1040 5
834 896 0
977 1036 17
771 842 14
877 1003 9
1088 1199 21
1011 1042 10
822 959 23
604 671 20
1112 1193 12
1155 1194 9
1090 1157 13
907 1026 14
520 618 3
1110 1173 6
958 1024 26
729 862 17
1042 1095 26
955 1030 23
709 840 10
1119 1199 17
1095 1177 21
917 1039 21
692 812 25
921 1044 0
923 1004 21
1051 1177 10
1121 1200 13
832 918 6
1101 1177 2
1113 1199 7
1080 1137 25
796 859 22
783 849 23
962 1034 6
688 798 8
1050 1096 26
766 830 16
955 1027 2
1016 1120 21
774 842 16
1121 1200 23
1160 1189 21
1053 1109 20
952 1008 0
793 863 22
1138 1189 17
717 774 18
1060 1148 19
1114 1194 0
1082 1199 9
1118 1182 5
Shifts = 4
0 0 0 0 0 0
405 0 0 460 0 0
555 0 0 490 0 0
750 0 0 450 0 0
Employees = 20
874: 0 1 2 3 5 6 7 8 11 12 13 16 17 18 19 20 22 25 26 28 29 30 33 34 35 36 37 38 40 43 44 45 46 51 55 57 59 60 62 65 66 67 68 71 72 73 74 75 77 78 80 82 83 84 86 87 91 92 93 96 97 99 100 101 102 105 107 108 109 112 115 116 117 118 122 123 124 131 132 134 135 137 138 143 146 148 150 155 156 157 159 160 162 163 169 170 174 177 178 180 182 183 185 186 189 190 191 193 194 195 196 197 199 201 203 204 205 207 208 209 210 211 214 215 218 219 221 223 224 225 227 228 229 232 233 236 237 238 241 246 248 251 253 254 256 258 260 262 263 266 267 268 269 270 274 275 277 280 281 284 285 286 287 288 290 291 293 294 295 297 301 305 307 310 311 313 314 316 318 319 320 321 322 323 324 325 328 329 330 331 333 335 338 339 340 341 343 345 346 347 349 351 352 353 355 356 359 360 362 365 366 367 369 371 372 373 374 375 377 378 379 380 382 384 386 387 388 389 391 393 394 396 397 400 401 402 403 405 410 411 414 416 417 418 420 422 423 424 426 427 429 430 433 436 438 439 440 441 442 444 446 447 449 451 452 453 454 455 458 460 462 463 464 465 468 469 473 474 477 478 480 481 483 484 487 488 490 492 493 495 497 498 502 504 506 507 509 511 513 515 516 518 521 522 523 525 528 532 534 535 536 537 538 540 543 544 545 546 547 552 554 555 559 561 563 565 566 567 568 569 570 571 572 573 574 575 576 578 579 580 581 584 585 586 587 588 591 592 593 595 598 600 601 602 603 605 610 611 612 613 614 616 617 619 620 621 623 624 625 628 629 631 632 633 634 635 637 639 640 641 642 643 644 645 647 649 651 652 653 654 655 656 657 658 661 663 665 666 667 668 669 670 671 673 674 679 680 681 682 683 684 685 686 688 692 694 695 696 697 699 700 701 702 704 708 711 712 714 715 716 717 719 723 724 726 727 728 729 731 733 735 736 737 738 740 741 742 743 746 747 749 750 751 752 753 754 755 761 762 764 765 767 768 770 771 774 776 778 782 783 785 786 787 788 789 790 791 793 794 797 798 800 802 803 804 806 809 810 812 813 815 816 821 823 827 832 833 834 835 836 837 839 840 842 845 847 851 854 858 860 861 863 865 866 867 868 869 870 871 872 873 874 875 878 879 880 881 882 883 884 885 886 890 893 897 898 901 902 903 904 905 906 907 909 911 912 913 915 916 917 918 919 920 921 923 924 925 926 927 928 929 932 935 936 938 939 941 943 945 946 949 950 951 952 953 954 955 956 958 959 962 964 966 968 969 970 974 976 982 983 984 986 988 990 991 992 993 994 997 998 999 1000 1001 1002 1003 1004 1005 1006 1007 1008 1009 1011 1014 1016 1017 1018 1019 1021 1022 1024 1025 1027 1028 1029 1030 1031 1032 1034 1035 1037 1038 1040 1041 1042 1043 1048 1049 1050 1053 1054 1056 1057 1059 1060 1061 1065 1067 1068 1069 1071 1072 1073 1074 1075 1077 1080 1081 1082 1085 1086 1087 1088 1092 1096 1098 1099 1100 1101 1105 1106 1107 1108 1110 1111 1112 1113 1115 1117 1120 1121 1122 1123 1124 1125 1126 1128 1129 1130 1132 1133 1136 1137 1139 1140 1141 1143 1144 1148 1149 1150 1151 1152 1156 1157 1162 1163 1167 1171 1174 1175 1177 1178 1179 1180 1181 1182 1184 1187 1190 1191 1192 1193 1194 1195 1198 1199 1201 1202 1204 1205 1206 1208 1209 1211 1217 1218 1219 1221 1222 1223 1225 1227 1228 1229 1234 1235 1237 1238 1239 1240 1243 1246 1247 1249 1251 1252 1255 1256 1257 1258 1259 1260 1261 1262 1263 1265 1267 1268 1269 1271 1273 1274 1276 1277 1280 1281 1283 1285 1287 1290 1293 1294 1295 1296 1297 1299 1300 1301 1302 1303 1304 1305 1306 1307 1308 1309 1310 1311 1312 1313 1314 1315 1316 1317 1322 1329 1330 1331 1332 1333 1334 1335 1336 1337 1339 1341 1342 1343 1348 1349 1354 1356 1357 1358 1359 1360 1361 1362 1365 1368 1369 1370 1371 1372 1373 1377 1378 1379 1381 1382 1385 1386 1389 1390 1391 1393 1397 1398 1401 1403 1406 1408 1410 1411 1412 1413 1415 1417 1420 1422 1423 1426 1428 1432 1434 1435 1436 1437 1438 1439 1440 1441 1442 1443 
862: 2 3 4 6 7 8 10 12 14 15 16 17 19 21 22 23 27 28 29 30 31 32 33 34 36 40 43 44 45 47 50 51 56 57 58 62 68 70 74 77 78 79 80 81 82 83 85 86 87 88 89 91 92 93 94 97 99 100 101 104 105 106 107 109 111 114 115 117 118 120 121 122 126 127 128 130 131 133 135 136 137 140 141 143 144 146 147 149 151 152 153 154 157 159 160 162 169 170 171 172 173 175 179 180 181 183 184 185 190 191 192 193 194 197 198 202 206 207 209 210 211 212 215 216 217 219 220 223 224 225 226 230 231 233 235 239 240 241 246 247 248 249 251 253 255 257 258 259 260 261 263 265 266 267 268 271 272 273 274 277 278 279 285 287 289 290 291 292 293 294 295 296 297 298 299 300 301 302 303 306 307 312 313 316 319 320 322 323 324 329 330 333 334 336 337 338 340 342 344 345 348 350 351 352 353 354 355 357 358 359 360 361 362 363 364 365 366 368 369 370 371 373 374 377 379 380 381 383 384 385 386 392 393 398 399 403 405 406 409 413 414 415 416 417 419 420 422 423 424 426 427 431 433 434 435 436 437 441 442 443 444 445 448 450 451 452 453 454 456 457 459 460 461 463 464 468 469 470 472 475 476 477 478 481 484 485 487 488 489 490 491 492 494 498 499 500 502 505 508 510 511 514 517 518 521 522 523 527 528 529 530 531 532 533 534 535 537 538 539 540 542 543 544 546 552 553 554 555 557 561 562 563 564 567 568 570 573 575 576 577 578 580 581 582 585 587 588 590 592 594 595 597 598 599 601 602 603 606 608 609 610 611 614 615 616 617 618 619 621 622 623 624 625 626 627 632 634 635 638 639 640 641 642 643 644 645 646 647 648 649 651 653 657 658 660 661 665 666 667 673 674 675 681 682 683 684 685 686 687 689 692 693 694 696 697 698 699 701 702 703 704 706 707 708 709 710 712 717 719 720 721 722 725 726 728 729 734 735 739 742 743 744 745 746 747 748 749 755 756 757 759 762 763 764 765 766 767 769 770 771 774 775 777 778 779 780 783 784 786 790 791 792 793 794 797 798 799 800 801 802 803 806 813 814 815 817 819 821 822 823 824 825 826 830 834 835 841 842 843 845 848 850 852 854 855 856 857 858 859 860 861 864 865 866 867 868 870 871 872 873 874 877 878 883 884 885 886 889 890 891 894 896 899 900 902 907 908 914 918 919 921 922 923 924 925 926 928 929 932 933 935 938 939 940 941 943 947 948 951 952 953 954 958 960 962 965 974 976 977 978 980 983 987 990 991 992 997 998 999 1000 1001 1002 1003 1004 1006 1008 1010 1012 1014 1015 1017 1018 1020 1022 1023 1024 1027 1030 1032 1034 1035 1037 1038 1039 1040 1041 1042 1043 1044 1046 1048 1049 1050 1051 1052 1057 1058 1059 1060 1061 1062 1063 1064 1065 1066 1068 1069 1070 1071 1073 1074 1076 1077 1078 1080 1083 1086 1088 1090 1092 1095 1096 1097 1098 1100 1102 1103 1105 1106 1109 1110 1112 1113 1114 1116 1117 1118 1119 1121 1122 1123 1124 1128 1130 1131 1134 1135 1137 1138 1139 1141 1142 1143 1144 1148 1150 1152 1153 1159 1161 1162 1164 1166 1167 1169 1170 1172 1173 1174 1175 1177 1178 1179 1182 1186 1187 1189 1191 1195 1196 1197 1199 1200 1201 1204 1205 1206 1207 1208 1209 1210 1211 1212 1213 1214 1215 1216 1217 1218 1219 1220 1221 1226 1227 1229 1230 1235 1238 1239 1241 1242 1243 1244 1245 1248 1249 1250 1251 1252 1253 1254 1257 1260 1262 1263 1264 1267 1271 1274 1275 1276 1277 1278 1280 1281 1282 1283 1285 1286 1288 1289 1290 1292 1294 1295 1296 1297 1298 1299 1300 1301 1303 1304 1306 1307 1308 1309 1310 1314 1316 1317 1318 1322 1323 1324 1325 1326 1328 1329 1330 1332 1335 1338 1339 1342 1343 1345 1348 1351 1353 1354 1355 1356 1357 1358 1359 1360 1362 1363 1364 1366 1367 1368 1369 1370 1371 1372 1373 1375 1376 1377 1378 1379 1381 1383 1384 1386 1388 1389 1391 1392 1395 1396 1398 1399 1400 1401 1404 1405 1412 1413 1414 1415 1416 1418 1420 1421 1422 1424 1426 1428 1429 1430 1431 1432 1434 1438 1439 1440 1441 1442 1443 
903: 0 1 2 4 5 6 7 9 11 12 13 14 15 16 17 18 19 20 22 24 25 27 31 32 35 39 40 42 43 45 46 47 49 51 53 55 56 57 58 59 61 62 63 64 65 67 68 69 72 73 74 75 76 77 78 81 82 83 86 88 90 91 92 93 94 95 97 99 100 102 104 105 106 107 109 110 111 115 117 118 119 120 121 124 125 126 127 129 130 131 133 136 137 138 139 141 142 143 146 148 150 151 152 154 156 157 158 159 160 161 164 166 168 169 171 174 175 176 177 180 181 183 185 187 188 190 191 192 195 197 202 203 204 205 207 208 209 210 213 215 216 217 218 219 221 222 223 224 225 226 227 230 232 233 234 236 237 239 240 241 242 243 244 247 248 249 250 251 254 255 256 257 259 260 261 262 264 265 267 269 270 273 274 275 277 278 279 283 284 285 286 288 291 292 293 294 296 300 301 302 303 304 305 306 307 313 314 315 316 317 318 320 321 322 323 324 328 329 330 331 333 336 337 339 340 341 343 348 350 351 352 354 355 356 357 358 360 361 366 367 368 369 370 371 372 375 376 377 378 379 380 381 382 384 385 386 387 388 389 390 393 394 397 398 401 402 403 404 405 407 408 409 410 411 413 414 415 416 417 418 419 420 423 426 427 428 430 431 433 434 436 437 439 442 444 445 447 448 449 450 454 455 458 459 460 461 463 466 467 468 471 473 474 475 476 477 478 479 481 482 483 484 485 487 488 492 494 495 500 502 503 505 506 508 509 510 512 515 517 520 521 522 523 524 525 527 528 529 530 531 533 536 538 539 541 543 544 545 550 552 553 555 556 557 559 560 564 565 566 568 569 570 571 576 577 578 579 580 582 584 585 586 587 588 590 592 593 596 597 598 600 601 602 603 604 608 609 610 614 616 618 619 620 622 626 629 630 632 634 635 639 640 642 643 644 645 647 649 650 651 653 654 658 659 660 664 665 669 670 671 674 675 677 678 679 682 683 684 685 686 688 689 690 692 694 695 696 702 704 705 707 708 709 710 711 712 713 718 720 721 722 723 725 726 727 729 730 731 732 736 740 741 742 743 747 750 751 753 755 757 758 760 762 765 766 768 769 770 771 772 773 774 775 776 777 779 780 782 783 784 786 787 788 790 791 793 794 798 799 803 805 806 807 809 810 811 812 813 814 815 816 818 819 822 823 824 825 828 829 831 832 833 834 835 837 841 844 845 846 850 851 852 853 855 857 858 862 864 865 868 870 871 872 873 876 880 882 883 884 885 888 889 890 891 893 894 896 897 898 900 903 904 905 906 907 908 909 910 911 915 916 917 920 921 922 923 924 927 928 929 931 932 933 934 935 936 937 938 939 941 942 943 944 945 946 948 949 951 952 953 954 957 958 959 961 964 965 966 968 970 972 973 975 976 977 979 980 981 984 985 986 988 989 990 991 992 993 994 995 997 998 1004 1011 1012 1013 1018 1019 1020 1021 1023 1024 1025 1026 1028 1031 1034 1036 1037 1039 1041 1043 1044 1046 1047 1048 1052 1054 1055 1059 1060 1062 1063 1065 1066 1067 1068 1069 1071 1072 1073 1074 1075 1078 1082 1083 1084 1087 1089 1090 1092 1094 1095 1097 1098 1099 1101 1102 1103 1104 1105 1106 1108 1109 1110 1111 1112 1113 1115 1117 1120 1121 1124 1126 1127 1128 1129 1131 1133 1134 1135 1136 1137 1138 1142 1143 1145 1149 1150 1152 1153 1155 1156 1159 1161 1162 1164 1165 1166 1167 1168 1170 1171 1172 1173 1174 1176 1177 1178 1183 1188 1190 1191 1192 1193 1194 1195 1196 1197 1198 1199 1202 1206 1208 1209 1210 1211 1213 1214 1215 1216 1217 1218 1219 1220 1221 1226 1227 1229 1230 1232 1233 1236 1238 1241 1244 1245 1249 1251 1252 1254 1261 1262 1263 1264 1265 1266 1268 1271 1273 1274 1276 1277 1278 1280 1281 1283 1286 1287 1288 1289 1290 1291 1293 1294 1297 1299 1301 1302 1303 1304 1305 1306 1309 1310 1311 1312 1313 1316 1317 1319 1320 1321 1322 1324 1326 1327 1329 1331 1332 1334 1335 1336 1337 1338 1339 1341 1342 1343 1345 1346 1347 1348 1349 1350 1352 1353 1354 1355 1356 1357 1367 1369 1371 1373 1377 1381 1383 1384 1385 1386 1388 1389 1390 1392 1396 1397 1400 1402 1403 1406 1408 1409 1410 1411 1413 1415 1416 1419 1420 1421 1427 1428 1429 1430 1431 1433 1434 1435 1437 1439 1440 1441 1443 
850: 1 2 3 5 8 9 10 11 12 13 14 15 16 17 18 19 24 25 28 30 31 32 33 35 37 38 40 41 43 45 47 48 49 50 56 57 61 62 64 65 67 68 69 74 75 76 77 78 80 81 83 84 85 86 89 94 96 97 101 102 103 105 107 109 112 113 114 115 116 118 119 120 122 123 128 129 132 134 135 136 137 138 139 142 144 150 151 152 154 157 158 160 168 171 172 173 174 176 178 181 182 183 185 187 188 189 191 192 195 196 198 199 200 201 202 203 204 205 206 207 208 209 210 211 212 215 216 218 221 222 223 224 225 227 228 229 230 235 236 237 240 244 247 249 250 251 252 253 255 256 259 260 261 263 264 265 268 269 271 273 276 277 280 281 282 283 285 288 289 291 292 293 296 297 299 301 302 304 306 307 309 310 313 314 316 318 320 321 322 323 325 326 328 330 331 333 334 336 337 339 341 342 343 344 345 346 347 349 351 353 354 355 357 358 359 360 361 362 364 366 369 371 373 374 376 377 380 382 383 384 387 388 394 396 397 399 401 402 403 407 408 409 410 412 414 417 418 420 421 422 423 424 425 431 433 434 436 439 440 442 443 446 447 448 453 455 456 457 460 461 465 466 467 470 473 477 478 481 482 484 486 488 489 490 491 493 494 495 496 497 500 501 502 503 504 505 508 511 512 513 514 516 518 521 522 523 524 525 526 527 528 529 533 536 539 542 543 544 545 546 548 549 550 551 552 557 558 560 563 564 568 569 570 573 575 578 581 582 584 587 588 589 590 591 592 594 596 599 600 602 603 606 607 608 610 611 613 614 615 616 618 619 620 621 626 630 631 633 635 638 639 641 642 643 644 646 647 650 652 654 656 657 659 660 663 664 668 669 670 671 674 676 677 679 683 684 689 690 691 692 694 695 699 701 703 704 705 706 708 709 710 711 712 713 714 716 719 723 725 726 729 731 739 740 742 745 748 750 751 754 755 756 758 761 763 765 768 769 770 775 777 781 783 784 785 787 788 789 790 791 792 793 795 796 800 801 802 803 806 807 810 812 814 817 819 821 822 823 824 832 833 834 835 836 838 841 842 843 845 846 848 849 851 852 854 858 859 860 861 863 864 867 868 870 871 872 873 874 877 879 880 882 884 886 887 888 890 892 893 895 896 897 898 899 900 902 904 905 907 908 909 911 912 913 914 919 920 921 922 923 925 926 928 929 931 934 935 937 938 939 941 943 948 949 950 951 953 954 955 956 957 958 962 963 965 966 967 969 970 974 976 977 978 979 980 984 985 986 987 990 991 992 994 995 997 1000 1001 1002 1004 1006 1009 1010 1012 1013 1015 1016 1017 1018 1019 1021 1022 1023 1024 1025 1026 1029 1030 1032 1035 1037 1038 1039 1041 1046 1047 1051 1053 1056 1057 1058 1060 1063 1064 1065 1067 1070 1071 1072 1073 1075 1079 1080 1081 1082 1083 1084 1085 1087 1089 1093 1095 1096 1097 1099 1100 1102 1103 1104 1107 1108 1109 1111 1113 1114 1115 1117 1118 1119 1121 1122 1123 1124 1125 1126 1128 1129 1133 1138 1139 1140 1142 1145 1146 1147 1150 1151 1152 1153 1154 1155 1157 1158 1161 1165 1166 1168 1169 1171 1172 1174 1178 1179 1180 1181 1182 1183 1184 1185 1186 1187 1188 1191 1192 1195 1197 1201 1202 1203 1204 1205 1206 1207 1208 1209 1211 1214 1216 1217 1218 1223 1227 1229 1230 1231 1232 1233 1235 1236 1237 1238 1239 1240 1241 1242 1243 1245 1246 1249 1250 1251 1252 1253 1255 1256 1258 1259 1262 1264 1265 1266 1267 1268 1271 1272 1274 1275 1276 1277 1279 1280 1281 1282 1284 1285 1287 1288 1289 1290 1291 1292 1294 1297 1298 1299 1301 1302 1305 1306 1307 1308 1309 1310 1311 1312 1313 1315 1316 1318 1319 1322 1323 1324 1325 1326 1327 1330 1333 1334 1338 1341 1343 1344 1345 1346 1348 1349 1352 1354 1355 1356 1357 1358 1359 1360 1367 1368 1369 1370 1371 1372 1374 1376 1377 1379 1382 1383 1385 1386 1388 1389 1390 1391 1392 1393 1395 1396 1397 1398 1399 1401 1402 1405 1407 1408 1410 1412 1413 1421 1422 1424 1425 1427 1428 1430 1431 1433 1435 1436 1438 1442 
883: 0 3 6 7 8 10 11 13 15 16 17 20 22 23 24 25 30 31 36 39 40 42 43 45 46 47 48 50 51 52 55 56 57 58 59 63 64 65 66 67 68 70 71 72 75 76 77 78 79 80 81 82 83 84 85 86 92 93 95 97 100 101 102 104 107 108 110 111 113 115 116 119 120 121 123 125 126 128 130 131 132 133 134 135 136 137 138 140 141 142 146 148 149 150 152 154 157 160 162 163 164 165 166 168 171 172 174 175 177 178 181 182 186 187 188 190 191 192 194 195 196 198 200 203 204 206 207 208 210 212 213 216 217 222 224 225 226 227 228 229 230 231 232 237 238 239 240 243 245 248 249 250 251 253 254 256 257 258 259 260 262 264 265 266 268 269 270 271 272 274 276 277 278 279 281 282 283 285 286 288 290 291 292 293 296 297 298 301 302 303 304 306 307 309 310 311 312 313 315 316 317 318 319 321 322 325 326 327 330 331 332 333 334 336 338 340 341 342 343 345 346 348 349 350 352 353 354 355 356 357 358 360 362 366 367 369 370 372 373 374 375 376 377 378 379 380 381 382 384 385 386 387 388 390 391 392 393 395 402 403 406 408 409 410 411 414 416 418 419 421 424 425 427 428 430 432 433 434 435 437 440 442 443 444 445 448 452 453 454 459 460 462 463 464 465 466 467 468 469 470 471 472 473 474 475 479 484 485 486 487 488 489 491 499 502 503 506 507 509 510 511 512 514 516 519 521 522 523 524 525 526 528 529 530 531 533 535 537 538 539 540 541 542 545 546 550 551 552 553 554 555 556 557 558 560 563 564 565 567 568 572 573 574 578 580 581 582 584 586 589 591 594 595 596 597 599 600 604 606 607 610 612 614 615 617 618 619 620 622 625 627 628 630 634 636 637 641 642 643 645 646 647 648 650 651 655 656 657 658 659 661 662 666 667 668 670 671 672 673 675 676 677 678 680 681 683 684 685 687 688 689 691 692 694 696 697 700 701 702 707 710 712 713 714 715 716 717 719 723 726 728 729 731 732 733 735 741 745 746 747 748 749 750 752 753 754 755 757 761 762 764 765 766 767 770 772 775 776 779 780 782 783 784 785 786 789 790 794 796 797 798 800 803 804 805 806 808 809 810 814 816 817 819 822 823 826 827 828 829 830 831 833 835 837 838 840 841 842 843 845 847 849 851 852 854 855 857 858 860 861 862 864 865 866 867 868 869 871 873 875 878 879 880 882 883 885 886 887 889 891 892 893 895 896 900 904 906 908 909 912 913 914 915 919 920 921 923 924 925 926 927 928 929 930 933 934 935 938 939 942 943 944 945 946 948 949 951 954 955 958 959 960 961 964 966 967 969 970 971 972 973 978 979 980 982 984 985 987 989 992 994 996 997 1001 1002 1003 1004 1006 1008 1011 1014 1015 1016 1017 1018 1020 1021 1022 1023 1024 1026 1027 1028 1032 1035 1036 1038 1039 1040 1043 1044 1045 1046 1049 1051 1052 1053 1054 1056 1058 1059 1060 1062 1063 1064 1066 1067 1069 1074 1075 1080 1082 1083 1084 1085 1086 1092 1095 1099 1100 1103 1104 1105 1106 1107 1112 1113 1114 1116 1119 1120 1121 1123 1124 1125 1127 1128 1129 1131 1134 1135 1138 1139 1141 1142 1145 1146 1147 1149 1150 1151 1152 1153 1154 1156 1157 1158 1159 1160 1162 1163 1164 1165 1166 1167 1168 1169 1170 1171 1173 1174 1176 1177 1178 1179 1183 1186 1188 1189 1191 1192 1193 1194 1196 1197 1198 1199 1200 1202 1203 1206 1208 1209 1210 1212 1215 1216 1217 1218 1219 1220 1221 1223 1225 1226 1227 1229 1230 1231 1233 1234 1235 1236 1240 1243 1245 1246 1247 1248 1249 1250 1251 1254 1255 1258 1259 1262 1265 1266 1267 1272 1274 1275 1276 1277 1278 1279 1280 1281 1282 1283 1284 1286 1287 1291 1292 1293 1295 1297 1298 1300 1301 1303 1305 1306 1310 1311 1312 1313 1314 1315 1321 1322 1323 1324 1327 1330 1331 1333 1335 1337 1340 1341 1342 1344 1345 1349 1350 1351 1352 1353 1355 1356 1357 1359 1361 1362 1364 1365 1366 1367 1371 1372 1373 1374 1375 1378 1383 1384 1385 1389 1390 1391 1394 1397 1399 1401 1402 1403 1404 1407 1410 1412 1415 1417 1419 1420 1421 1422 1423 1424 1425 1427 1428 1429 1433 1435 1436 1437 1438 1439 1440 1442 
866: 3 5 8 9 10 11 12 13 14 15 16 18 21 23 27 32 33 34 36 37 38 40 41 43 44 46 47 48 49 51 55 58 60 61 65 66 67 68 70 71 72 73 74 76 77 78 79 81 83 86 90 91 93 94 95 96 100 102 103 104 107 108 111 112 113 115 116 117 118 120 122 124 125 127 128 129 130 133 135 139 141 142 145 146 147 148 154 155 157 158 159 160 161 164 165 166 167 168 169 170 172 173 174 175 176 177 180 182 183 185 186 188 191 192 193 195 196 197 199 200 201 202 205 207 208 209 211 212 213 214 218 219 221 222 224 228 229 231 233 234 237 238 239 240 241 242 245 246 248 249 250 252 254 261 262 263 264 266 268 269 270 273 276 280 281 282 284 285 286 288 289 298 300 302 303 305 306 307 308 309 310 311 313 314 317 318 319 320 321 322 324 325 326 328 330 331 333 336 337 338 339 340 341 343 344 345 346 347 351 354 359 360 362 363 365 368 369 373 374 378 379 382 383 384 386 387 388 389 390 392 393 395 398 400 402 403 404 407 409 411 412 413 414 418 419 420 421 422 423 425 426 428 430 431 433 434 437 439 440 441 443 444 447 448 449 450 452 453 454 455 457 461 462 463 465 466 467 468 469 473 474 475 476 477 482 485 487 490 492 493 494 496 506 508 509 511 512 513 515 516 518 519 520 521 525 527 528 531 532 535 536 537 538 540 541 544 545 547 549 552 553 554 556 559 560 562 565 566 569 570 574 575 576 579 580 581 582 583 584 585 587 589 591 592 595 596 597 599 601 602 604 605 606 608 612 613 614 616 617 618 620 621 622 623 624 625 626 627 628 630 634 635 637 640 642 643 645 646 647 651 654 658 659 660 663 664 667 670 673 674 675 677 678 679 681 682 684 687 688 690 692 693 696 698 699 706 707 708 710 711 713 718 720 721 723 724 725 726 728 730 732 733 734 738 739 740 741 743 748 749 750 752 754 755 756 757 758 759 760 761 762 763 765 769 770 772 773 776 777 778 779 781 782 783 784 786 788 790 792 793 794 795 796 797 798 799 803 805 806 807 808 809 813 818 819 821 822 826 828 829 830 831 833 835 839 840 842 843 844 847 848 849 853 854 856 857 860 861 863 865 867 870 871 872 877 878 879 880 883 886 887 888 889 891 892 893 894 897 900 902 903 905 906 909 910 911 913 914 915 917 918 919 920 921 922 924 925 926 927 929 930 932 933 934 935 937 938 941 942 943 944 945 948 949 951 952 953 954 956 957 958 961 963 964 965 966 968 970 972 974 975 977 978 980 981 982 983 984 986 987 989 990 993 994 998 1000 1001 1003 1004 1006 1007 1009 1011 1012 1013 1014 1016 1018 1019 1022 1025 1028 1029 1030 1033 1035 1036 1037 1039 1040 1041 1042 1043 1047 1048 1049 1050 1051 1054 1055 1060 1061 1062 1063 1064 1065 1066 1067 1068 1069 1070 1072 1073 1074 1076 1077 1080 1081 1082 1087 1091 1092 1093 1096 1097 1098 1100 1104 1105 1108 1109 1114 1116 1117 1118 1119 1120 1121 1122 1123 1124 1125 1126 1127 1128 1129 1130 1133 1134 1135 1136 1138 1141 1142 1143 1144 1145 1146 1147 1148 1149 1151 1153 1154 1156 1157 1158 1160 1161 1163 1164 1165 1166 1168 1169 1172 1174 1175 1176 1177 1180 1181 1182 1184 1185 1187 1188 1189 1191 1192 1194 1196 1198 1199 1201 1202 1203 1205 1206 1207 1208 1209 1211 1214 1216 1217 1220 1221 1222 1223 1225 1226 1227 1229 1231 1232 1233 1234 1237 1238 1240 1241 1242 1243 1244 1245 1246 1249 1251 1252 1253 1254 1255 1256 1258 1259 1260 1262 1264 1272 1273 1275 1276 1277 1278 1281 1282 1285 1287 1289 1290 1293 1295 1296 1300 1304 1306 1307 1308 1309 1310 1311 1312 1313 1314 1319 1320 1321 1322 1323 1324 1326 1327 1329 1330 1333 1335 1336 1343 1347 1350 1351 1353 1354 1356 1358 1359 1360 1362 1363 1365 1366 1369 1370 1371 1372 1373 1377 1379 1381 1382 1383 1385 1386 1387 1388 1389 1390 1393 1396 1397 1398 1399 1400 1401 1402 1403 1404 1405 1406 1407 1408 1409 1410 1411 1412 1413 1415 1416 1417 1418 1419 1421 1424 1427 1428 1429 1430 1432 1433 1434 1435 1437 1440 1441 1443 
884: 0 1 3 4 5 6 7 8 10 14 15 16 17 18 19 20 21 26 27 29 30 31 32 37 38 40 42 44 45 47 49 50 51 52 55 56 57 58 59 60 61 62 63 64 66 67 68 69 71 74 75 77 78 80 82 84 86 87 88 89 90 91 92 97 98 99 102 103 105 106 108 109 110 111 112 114 116 117 118 119 120 123 125 126 127 128 129 132 133 135 136 137 141 142 147 148 149 150 151 152 153 156 157 159 161 162 163 164 165 166 168 169 171 172 173 174 176 177 178 180 181 183 185 186 187 190 193 194 195 200 201 203 204 206 207 209 210 211 212 213 214 220 221 223 224 226 230 235 236 238 241 243 245 246 248 251 254 256 257 258 261 263 264 265 266 267 268 269 270 271 274 276 278 280 282 284 285 286 288 289 291 292 294 295 297 298 300 302 303 304 305 307 309 311 312 313 316 317 320 322 323 324 325 327 328 329 330 331 332 333 334 335 341 342 344 346 348 352 353 354 358 361 364 366 368 369 371 372 374 377 379 380 381 382 383 384 387 389 390 392 393 394 396 397 399 400 401 402 403 404 405 406 407 409 410 412 415 416 417 418 422 426 428 429 430 432 435 436 438 441 443 445 446 447 450 451 453 454 455 456 457 458 460 461 462 465 466 467 470 472 473 475 478 481 482 483 484 486 489 490 491 494 495 496 497 500 502 506 507 508 509 510 511 512 516 517 518 521 523 525 528 529 530 531 533 534 537 539 541 542 544 545 547 549 550 552 556 557 558 559 560 561 562 565 566 567 568 569 570 571 573 576 577 579 580 582 583 584 587 588 592 593 594 595 600 602 605 606 607 610 612 615 616 617 618 619 620 621 622 623 625 626 629 630 631 632 635 636 638 639 640 642 643 644 645 646 649 651 653 654 656 660 661 662 667 668 670 671 672 673 675 676 677 679 680 681 682 683 684 685 686 687 688 690 692 693 695 696 697 700 701 702 703 705 712 713 714 715 716 717 718 720 721 722 724 732 733 735 736 738 739 740 741 742 743 744 748 749 750 751 752 755 757 758 759 760 763 764 765 766 767 768 770 771 774 775 777 778 779 783 784 785 788 789 790 791 792 794 796 797 800 801 802 803 804 805 806 807 808 810 811 812 814 815 816 820 822 823 824 825 826 827 829 830 831 833 834 836 837 839 842 843 844 845 848 849 850 851 852 853 854 856 857 859 860 862 863 868 869 871 873 875 879 882 883 884 885 887 889 891 892 895 896 897 899 900 902 903 904 905 906 907 910 912 914 917 918 920 921 923 924 925 926 927 930 932 933 934 935 936 937 939 942 944 946 948 949 950 951 952 953 954 956 958 962 963 964 965 967 968 969 970 972 973 974 975 976 978 979 982 983 985 987 988 990 991 992 994 995 997 1000 1002 1003 1005 1007 1008 1009 1010 1012 1013 1014 1015 1017 1019 1020 1022 1025 1026 1027 1030 1031 1032 1033 1034 1035 1036 1039 1042 1045 1046 1047 1048 1050 1051 1053 1056 1059 1060 1062 1065 1066 1067 1069 1070 1071 1074 1077 1078 1079 1080 1081 1083 1084 1086 1087 1091 1093 1095 1096 1099 1100 1101 1103 1107 1109 1110 1112 1113 1114 1115 1116 1117 1120 1121 1125 1128 1129 1130 1131 1133 1134 1135 1138 1139 1142 1143 1144 1145 1146 1147 1150 1153 1154 1155 1156 1157 1158 1159 1162 1164 1165 1169 1172 1173 1174 1175 1179 1181 1184 1186 1188 1189 1193 1194 1196 1198 1199 1202 1203 1205 1206 1207 1208 1210 1213 1215 1216 1217 1218 1219 1220 1223 1224 1226 1227 1228 1229 1230 1232 1235 1236 1237 1240 1241 1242 1243 1244 1245 1247 1249 1250 1254 1256 1258 1261 1264 1265 1266 1269 1270 1271 1272 1273 1274 1275 1277 1279 1281 1282 1283 1285 1286 1287 1290 1293 1297 1298 1300 1301 1302 1303 1304 1305 1306 1307 1308 1309 1313 1316 1317 1319 1320 1321 1329 1331 1334 1335 1336 1338 1339 1340 1342 1344 1349 1350 1351 1354 1355 1358 1359 1360 1363 1364 1365 1366 1368 1369 1370 1371 1372 1373 1374 1375 1378 1379 1382 1383 1385 1386 1390 1391 1393 1394 1395 1397 1400 1401 1402 1404 1405 1407 1408 1410 1413 1414 1416 1417 1418 1419 1420 1422 1423 1425 1426 1430 1431 1432 1433 1435 1436 1439 1441 1442 1443 
891: 1 2 3 4 5 6 7 9 10 11 12 13 14 16 17 18 19 20 21 22 23 24 26 27 28 32 33 34 35 36 38 40 41 42 43 44 48 50 51 52 54 56 61 63 64 65 67 69 70 73 74 75 76 77 78 82 83 84 85 86 87 89 91 93 94 95 97 98 99 102 105 106 108 110 111 112 115 116 117 123 124 126 127 129 130 133 136 137 138 139 140 142 143 145 148 150 152 156 159 161 163 164 167 169 170 171 173 175 178 179 181 183 184 185 186 187 189 190 192 193 194 197 198 199 200 201 202 203 205 209 210 211 213 215 216 217 220 221 222 223 225 226 232 233 236 241 243 246 247 248 249 251 252 255 256 263 264 267 268 269 271 274 276 277 279 280 283 284 289 291 292 294 299 300 301 303 307 308 309 310 311 312 315 316 317 318 319 320 321 322 323 325 326 327 328 329 331 333 334 336 337 338 340 341 342 343 344 346 347 348 352 353 354 357 358 360 361 362 364 365 366 367 369 370 371 372 374 375 376 377 378 380 381 383 384 385 390 391 392 393 394 396 397 398 400 401 402 403 405 407 408 409 411 412 413 419 420 421 422 423 425 427 429 430 433 436 440 441 444 446 447 448 449 450 454 455 456 457 462 464 465 467 468 469 472 473 475 476 480 481 482 483 484 485 486 487 491 493 494 495 498 499 501 503 505 508 511 512 515 516 518 519 521 522 523 525 526 527 529 530 531 532 534 535 539 541 542 543 544 546 547 548 549 550 551 552 553 554 556 557 559 560 561 563 564 565 566 567 568 569 570 572 573 576 580 581 582 584 587 588 590 591 592 594 595 596 597 598 599 600 601 602 603 604 606 607 608 609 610 611 612 613 615 619 620 623 625 626 627 628 629 631 632 633 634 635 636 638 639 641 643 649 651 652 653 654 657 658 659 660 662 665 666 667 670 671 672 674 678 680 685 686 688 689 695 698 699 700 701 703 704 706 709 713 715 716 717 718 720 721 724 725 726 729 730 731 732 734 735 736 738 739 740 741 742 744 745 748 749 750 752 753 755 757 758 759 762 763 765 766 769 771 772 774 776 777 778 779 780 784 785 786 792 793 795 797 801 802 803 804 805 806 807 808 809 812 813 815 817 819 821 822 824 825 826 830 831 832 833 835 836 837 839 840 841 844 845 846 847 848 852 854 855 856 858 859 861 863 865 866 869 870 871 872 873 876 877 879 881 883 884 886 889 892 894 895 896 897 898 899 900 901 902 904 905 906 911 913 914 915 918 921 922 923 924 925 926 927 928 929 930 935 936 937 938 939 940 942 944 945 946 950 951 953 954 955 957 958 959 961 962 963 964 965 966 968 971 972 973 977 978 979 980 981 982 983 984 985 987 988 989 990 992 993 995 997 998 999 1000 1001 1002 1005 1007 1008 1010 1013 1015 1017 1019 1020 1022 1023 1027 1028 1029 1030 1031 1032 1033 1034 1037 1039 1042 1043 1044 1045 1046 1048 1053 1058 1059 1060 1063 1064 1066 1068 1069 1070 1071 1072 1074 1075 1076 1078 1080 1081 1082 1083 1084 1085 1086 1090 1092 1094 1096 1097 1101 1102 1104 1105 1106 1107 1108 1109 1110 1111 1112 1114 1115 1116 1118 1120 1123 1126 1128 1129 1132 1133 1134 1135 1136 1137 1142 1145 1150 1152 1153 1154 1155 1156 1157 1159 1161 1162 1163 1165 1167 1169 1170 1172 1173 1176 1177 1178 1179 1180 1181 1182 1183 1184 1185 1187 1188 1190 1191 1192 1194 1195 1201 1202 1204 1206 1207 1208 1210 1211 1213 1215 1216 1217 1220 1222 1223 1226 1227 1228 1229 1230 1231 1234 1235 1236 1237 1239 1240 1241 1243 1245 1246 1247 1251 1252 1253 1255 1258 1259 1260 1262 1263 1264 1265 1270 1272 1273 1277 1278 1279 1281 1283 1284 1285 1286 1288 1290 1292 1293 1294 1296 1297 1299 1300 1302 1303 1304 1305 1306 1307 1308 1309 1310 1311 1312 1313 1315 1316 1318 1320 1321 1323 1325 1326 1328 1329 1333 1334 1335 1336 1337 1339 1341 1344 1345 1346 1348 1352 1355 1356 1357 1358 1359 1360 1362 1363 1364 1365 1366 1369 1370 1372 1373 1375 1376 1378 1379 1382 1383 1384 1385 1386 1387 1389 1390 1392 1393 1394 1395 1399 1400 1401 1403 1404 1406 1408 1411 1412 1414 1415 1416 1417 1419 1420 1422 1426 1428 1429 1431 1432 1439 1440 1441 1442 
862: 3 4 7 8 9 15 18 19 20 22 24 28 29 30 31 32 33 35 36 37 38 39 40 42 44 48 49 50 52 55 56 59 60 62 64 66 68 70 71 72 73 74 75 80 83 85 86 87 88 90 91 93 95 96 99 101 102 106 107 108 109 110 112 113 114 115 116 117 118 119 120 123 126 127 128 131 132 133 134 135 136 138 142 145 147 148 149 151 153 155 156 158 161 162 163 164 168 170 172 174 175 176 177 178 181 182 183 184 185 188 189 190 191 193 194 196 199 201 203 204 205 207 210 211 212 213 214 215 216 217 220 224 225 227 228 230 231 232 234 235 237 238 244 247 250 251 252 254 256 259 260 261 262 263 264 266 267 268 271 274 275 277 281 282 284 285 286 290 291 292 293 294 295 297 299 300 301 302 303 306 308 310 311 312 316 317 322 323 325 327 328 329 330 331 334 336 337 339 341 342 344 345 346 350 351 358 359 362 363 364 365 366 367 368 371 374 375 379 380 381 383 384 386 387 390 392 394 395 396 397 398 399 400 401 402 403 404 405 406 407 408 409 412 413 414 415 416 418 420 424 425 427 428 429 432 433 435 436 437 438 439 441 443 444 445 446 447 448 449 450 451 453 454 455 456 458 459 461 464 465 466 467 468 469 470 471 473 474 476 477 478 480 481 483 485 486 487 489 490 491 492 493 494 496 497 498 499 501 503 504 507 510 512 514 516 518 521 522 523 525 527 528 537 538 540 542 543 547 551 552 553 554 556 557 559 561 563 564 565 567 568 569 571 572 573 574 575 578 579 580 583 586 588 590 593 594 596 597 598 600 607 610 613 614 617 618 619 621 622 627 629 631 632 634 635 637 638 642 643 644 646 647 648 649 651 652 653 655 656 657 658 659 660 663 664 666 668 669 670 672 674 675 676 677 678 679 681 682 684 685 686 687 688 689 691 693 694 695 696 698 699 701 702 703 704 709 710 712 713 715 716 721 722 723 726 727 728 729 734 735 736 739 740 742 743 744 745 746 747 749 750 751 753 754 755 756 759 761 762 764 768 769 770 771 772 773 778 779 781 783 784 785 786 787 789 790 791 792 795 796 797 798 799 801 806 808 810 811 812 813 814 815 816 817 818 819 820 821 822 823 824 826 828 832 835 836 837 839 840 841 844 845 848 849 850 851 852 853 854 855 856 859 860 862 863 865 872 874 876 877 878 879 882 887 888 890 892 894 895 896 897 898 899 903 904 905 907 910 911 913 914 915 916 917 918 919 920 926 927 928 929 930 931 933 934 936 938 943 944 945 947 948 949 951 954 957 958 959 960 961 962 964 965 966 967 968 970 973 974 976 977 978 979 980 981 982 985 987 988 989 990 991 997 999 1000 1003 1005 1007 1008 1010 1012 1015 1017 1018 1022 1023 1027 1029 1031 1035 1036 1039 1040 1041 1042 1043 1044 1045 1047 1048 1051 1052 1054 1057 1058 1060 1062 1063 1064 1068 1069 1070 1071 1075 1076 1078 1081 1083 1084 1085 1086 1090 1091 1092 1093 1094 1095 1097 1098 1101 1102 1103 1104 1106 1107 1109 1110 1111 1112 1113 1115 1116 1117 1119 1121 1122 1123 1124 1126 1128 1132 1134 1135 1136 1137 1139 1141 1142 1143 1146 1147 1148 1149 1150 1152 1153 1154 1155 1161 1162 1163 1165 1166 1167 1168 1169 1170 1172 1174 1176 1177 1179 1180 1183 1184 1185 1186 1189 1190 1192 1196 1201 1202 1207 1208 1209 1210 1211 1212 1213 1214 1216 1217 1221 1222 1223 1224 1225 1226 1227 1228 1232 1234 1237 1240 1241 1243 1244 1248 1250 1253 1254 1255 1256 1257 1259 1261 1265 1267 1268 1269 1271 1272 1274 1275 1276 1279 1280 1282 1284 1285 1286 1289 1290 1291 1292 1294 1295 1296 1297 1298 1300 1301 1302 1303 1306 1309 1310 1313 1314 1319 1320 1322 1325 1326 1327 1328 1329 1330 1332 1335 1336 1338 1342 1345 1346 1348 1349 1350 1351 1353 1354 1355 1356 1357 1361 1362 1363 1366 1367 1368 1370 1371 1372 1374 1375 1379 1380 1381 1386 1387 1388 1390 1392 1393 1394 1395 1398 1400 1401 1402 1403 1405 1406 1412 1413 1415 1416 1422 1424 1427 1428 1429 1432 1433 1434 1436 1437 1439 1440 1441 1443 
832: 2 5 10 12 14 17 19 22 24 25 27 28 29 30 31 32 33 34 35 37 41 42 43 45 46 47 48 50 51 52 55 56 60 62 63 64 67 68 70 73 74 75 76 77 78 80 82 83 85 86 87 88 89 92 93 94 95 96 98 99 100 107 110 111 112 113 114 115 116 117 118 120 121 122 123 124 125 126 127 128 130 131 132 137 138 143 146 147 149 150 151 152 153 154 157 159 160 161 162 164 166 167 171 172 173 174 175 176 178 184 186 190 191 193 195 197 199 200 202 203 204 205 208 209 210 211 212 214 216 218 219 221 224 225 226 227 228 230 234 235 236 241 244 246 247 249 250 252 253 254 255 262 263 264 266 267 270 271 272 273 274 275 276 277 278 285 286 287 290 291 293 296 298 300 301 304 305 306 308 309 312 315 316 319 320 321 323 325 326 327 330 331 332 333 336 337 339 341 342 343 347 349 350 351 353 356 357 366 369 375 376 377 378 379 380 381 382 383 384 389 390 391 392 393 394 395 396 397 400 401 402 403 407 408 409 410 411 413 417 419 421 422 424 426 427 432 433 434 435 436 437 439 440 442 444 446 447 448 449 452 453 454 455 458 459 460 461 463 465 470 472 474 476 477 479 485 486 487 488 489 490 494 495 496 497 498 502 503 506 508 509 512 513 514 515 517 518 520 522 524 526 528 531 533 534 537 539 540 541 542 544 545 546 547 551 554 555 557 558 559 560 561 562 563 565 567 569 570 571 572 575 576 577 578 584 585 587 588 592 593 594 597 598 599 600 601 603 605 608 609 614 616 617 618 619 624 625 626 628 630 631 632 633 634 635 636 637 639 640 642 644 645 647 649 653 654 656 657 658 659 660 664 665 666 667 669 671 673 674 675 676 680 687 688 690 691 693 696 698 701 703 704 708 709 710 713 714 715 716 718 720 722 723 725 726 727 728 730 733 734 735 736 737 738 741 743 744 749 750 752 757 758 759 760 761 765 766 767 769 770 771 772 774 775 780 782 785 787 790 791 794 795 796 797 799 800 801 802 803 804 805 806 807 809 810 811 812 814 817 818 819 822 824 825 830 831 832 833 835 836 838 839 842 843 846 847 848 851 854 855 856 858 860 861 863 866 869 871 872 874 876 877 878 881 883 886 890 896 897 898 899 900 902 903 904 905 906 907 908 909 910 911 912 913 914 916 918 921 922 925 926 928 929 931 932 933 934 935 943 944 945 946 947 952 953 954 955 957 958 959 962 964 965 967 969 971 974 975 977 979 980 981 982 983 985 986 987 990 991 993 996 997 1002 1003 1005 1006 1007 1008 1010 1012 1015 1017 1018 1019 1020 1022 1023 1025 1028 1029 1030 1032 1034 1035 1036 1038 1040 1041 1042 1043 1045 1046 1051 1052 1053 1055 1056 1058 1059 1060 1063 1064 1065 1066 1067 1068 1069 1071 1072 1073 1074 1075 1077 1079 1080 1081 1082 1083 1085 1087 1089 1091 1092 1093 1096 1097 1099 1105 1106 1110 1112 1116 1117 1121 1122 1123 1124 1125 1127 1128 1129 1130 1132 1133 1134 1137 1138 1139 1140 1141 1142 1144 1145 1146 1147 1148 1151 1153 1155 1156 1157 1159 1161 1162 1164 1165 1166 1169 1171 1173 1174 1175 1178 1179 1180 1182 1184 1185 1186 1191 1192 1194 1195 1196 1198 1201 1202 1204 1205 1207 1208 1211 1212 1214 1215 1216 1217 1219 1220 1221 1222 1224 1225 1227 1228 1230 1232 1233 1234 1240 1242 1244 1245 1246 1247 1249 1250 1251 1252 1257 1258 1270 1271 1274 1275 1276 1280 1282 1285 1286 1287 1288 1290 1291 1296 1297 1299 1301 1306 1307 1311 1315 1317 1319 1322 1323 1325 1326 1329 1330 1331 1332 1333 1334 1336 1337 1338 1339 1340 1342 1343 1346 1347 1350 1353 1354 1356 1357 1359 1360 1361 1362 1367 1368 1372 1373 1374 1377 1380 1381 1383 1384 1385 1386 1388 1389 1391 1392 1393 1395 1398 1399 1401 1403 1404 1405 1406 1407 1408 1409 1410 1412 1413 1414 1415 1416 1417 1418 1419 1422 1423 1426 1427 1429 1430 1431 1433 1434 1436 1439 1442 1443 
848: 0 1 2 3 5 6 7 8 9 13 14 16 17 20 22 26 27 28 29 31 32 35 37 41 42 43 44 46 47 48 49 50 53 55 56 57 58 59 64 66 67 69 70 72 73 74 75 76 77 78 81 82 84 85 86 89 90 91 92 93 94 97 99 100 102 103 105 107 111 113 114 117 119 121 125 127 128 130 131 132 133 134 135 136 140 141 142 143 144 145 147 148 153 155 159 160 161 163 164 167 169 170 172 173 174 176 177 180 181 182 183 184 186 189 192 193 196 197 198 199 205 206 207 210 211 212 213 214 215 216 217 219 220 221 223 225 227 228 229 230 235 236 238 239 240 242 243 244 245 246 249 250 252 253 255 256 257 258 259 260 261 262 263 264 265 267 268 269 272 273 274 275 276 278 279 281 282 283 287 291 294 295 297 298 299 300 303 304 305 306 307 311 312 313 316 317 319 320 321 322 323 324 326 327 328 329 330 333 334 335 336 339 341 343 345 347 348 349 350 351 352 356 358 359 360 361 365 366 368 369 371 372 373 376 378 380 383 385 386 387 388 390 391 392 394 396 399 400 401 402 404 410 411 416 418 420 421 422 424 426 427 429 433 435 436 437 438 440 441 442 443 444 445 448 449 452 453 454 455 457 458 459 461 462 464 466 468 471 472 473 475 476 479 481 484 488 489 491 493 494 495 496 497 498 501 503 504 505 506 510 512 513 515 517 518 519 521 525 527 528 530 534 535 536 537 539 540 543 544 547 549 550 556 558 559 560 563 564 565 566 568 570 573 574 575 576 577 578 579 584 586 587 589 591 592 593 595 596 599 600 602 606 607 610 611 612 613 620 621 623 624 626 628 629 630 631 633 634 635 636 637 638 639 641 643 646 652 654 656 657 658 660 661 662 663 667 668 671 673 674 675 677 680 681 682 683 686 687 690 691 695 696 697 698 701 705 706 707 709 712 715 716 717 718 719 720 721 724 725 726 727 728 729 732 734 735 736 745 748 749 750 751 754 755 756 758 759 760 762 763 764 767 773 774 775 776 777 778 780 781 782 785 787 788 789 791 792 793 796 797 798 799 800 801 802 803 804 805 808 810 811 813 814 817 818 820 822 823 824 826 827 828 829 830 831 833 838 839 840 841 843 844 845 848 853 854 855 856 858 859 860 862 864 865 868 870 871 872 875 876 877 878 879 880 881 882 884 888 892 893 894 895 896 898 899 900 903 905 906 908 909 913 914 915 916 918 919 920 921 923 924 925 927 929 935 936 937 938 940 941 942 943 944 945 950 951 954 955 958 961 962 963 966 967 968 969 970 973 974 976 977 978 979 980 982 985 986 987 988 989 990 991 997 998 999 1002 1003 1004 1007 1008 1009 1011 1015 1021 1022 1023 1024 1025 1026 1027 1029 1030 1032 1033 1035 1036 1039 1040 1044 1047 1050 1052 1053 1057 1059 1060 1062 1063 1065 1067 1069 1071 1074 1076 1077 1078 1079 1081 1082 1085 1086 1089 1092 1094 1095 1098 1099 1100 1102 1103 1104 1110 1111 1113 1114 1116 1118 1120 1123 1125 1127 1129 1130 1132 1133 1134 1136 1139 1141 1142 1145 1146 1147 1149 1150 1151 1152 1153 1154 1156 1158 1159 1162 1163 1164 1165 1166 1167 1168 1169 1170 1174 1175 1176 1178 1180 1181 1182 1183 1184 1185 1186 1187 1189 1191 1196 1202 1203 1204 1205 1207 1208 1209 1210 1213 1214 1215 1218 1220 1224 1226 1227 1228 1229 1231 1234 1235 1237 1241 1242 1244 1246 1247 1248 1249 1250 1253 1256 1257 1258 1261 1262 1263 1265 1267 1269 1270 1274 1276 1277 1278 1279 1280 1282 1285 1287 1290 1292 1296 1297 1299 1300 1303 1305 1306 1309 1310 1311 1314 1317 1320 1321 1324 1328 1330 1331 1334 1335 1337 1339 1340 1341 1343 1345 1346 1349 1350 1351 1352 1353 1354 1356 1358 1362 1363 1365 1368 1373 1374 1375 1377 1378 1379 1381 1383 1385 1386 1387 1388 1390 1391 1394 1395 1396 1397 1398 1400 1401 1402 1403 1404 1405 1406 1408 1409 1410 1412 1413 1414 1415 1416 1417 1418 1419 1422 1423 1425 1427 1428 1431 1432 1433 1434 1435 1437 1438 1441 1443 
864: 0 2 4 6 7 8 9 11 16 19 22 23 24 25 28 30 33 35 36 38 39 48 52 53 54 55 56 58 59 60 61 62 65 67 68 69 70 71 72 74 81 83 86 87 90 93 95 97 99 100 101 102 103 104 105 106 108 110 112 114 115 116 118 119 120 121 123 124 125 126 127 129 130 134 136 137 138 139 141 142 145 146 148 153 155 157 159 160 161 163 164 165 166 169 170 171 172 173 176 177 178 179 181 183 187 191 192 194 195 196 197 200 202 204 207 210 213 214 216 218 219 220 221 224 226 229 231 232 233 235 237 238 239 240 243 244 246 248 250 251 254 255 256 260 261 265 266 268 269 270 271 274 276 279 280 282 283 285 287 289 293 298 300 302 303 304 305 306 307 309 311 312 314 315 316 318 319 320 321 323 325 326 327 329 330 333 336 337 338 340 341 342 343 345 346 347 349 350 352 353 354 355 357 359 360 361 364 367 368 369 370 371 372 373 376 380 381 383 384 385 386 388 389 390 391 392 394 395 396 402 405 406 407 408 409 410 411 412 413 414 417 418 419 421 423 424 425 427 428 430 431 432 433 434 435 437 438 439 440 441 442 444 448 449 451 452 453 454 455 456 457 459 460 461 463 465 467 469 470 473 476 477 482 483 485 486 487 489 491 492 494 495 497 498 500 501 502 503 505 506 507 509 511 512 513 515 516 517 518 520 521 523 526 528 530 532 533 537 538 541 542 543 544 546 547 548 550 552 553 556 557 558 559 560 562 563 564 567 568 569 570 572 574 575 576 577 578 579 580 581 583 585 586 591 593 594 595 596 599 600 601 603 604 607 608 610 611 612 613 614 615 616 617 618 619 621 623 625 627 629 631 632 633 635 636 637 638 639 640 643 645 646 649 652 653 654 655 656 657 658 659 660 662 665 666 669 670 671 672 673 674 675 677 679 681 682 683 685 687 689 690 693 694 696 697 698 699 700 701 703 704 705 708 710 711 712 715 717 719 720 721 723 724 725 726 728 730 731 736 738 740 741 745 748 749 750 752 753 754 759 760 761 762 763 764 766 769 771 772 774 775 776 778 779 782 783 785 788 792 796 797 798 799 800 801 802 803 804 806 809 811 814 817 819 820 822 825 828 829 830 831 833 834 835 840 841 843 844 846 850 851 854 856 857 859 860 861 862 866 868 869 872 874 876 877 878 879 883 884 885 886 887 888 890 891 894 895 896 897 900 902 904 905 906 907 908 910 912 913 914 920 922 926 927 929 935 937 939 943 944 945 947 950 951 955 956 957 960 961 962 967 968 969 970 972 975 976 977 980 982 983 984 985 992 995 996 997 998 999 1000 1002 1003 1004 1005 1006 1007 1008 1010 1011 1012 1013 1014 1015 1016 1017 1018 1019 1020 1024 1025 1026 1027 1028 1029 1030 1035 1036 1037 1038 1039 1040 1041 1042 1044 1045 1046 1047 1048 1050 1051 1052 1053 1054 1055 1056 1057 1059 1061 1063 1065 1066 1067 1071 1072 1073 1074 1076 1078 1079 1080 1081 1083 1084 1086 1087 1089 1090 1094 1095 1097 1099 1103 1104 1105 1106 1108 1110 1111 1114 1117 1119 1120 1122 1123 1124 1125 1126 1127 1133 1134 1136 1138 1139 1140 1144 1145 1149 1150 1151 1152 1156 1159 1160 1164 1166 1167 1168 1169 1170 1172 1174 1177 1178 1179 1180 1181 1182 1184 1185 1186 1187 1188 1189 1190 1191 1194 1196 1197 1198 1201 1203 1204 1206 1207 1208 1209 1210 1216 1220 1222 1223 1224 1225 1228 1230 1232 1235 1237 1238 1239 1241 1246 1247 1248 1249 1252 1253 1257 1259 1260 1261 1262 1263 1264 1266 1267 1268 1269 1270 1273 1275 1276 1278 1280 1283 1284 1286 1288 1289 1290 1293 1295 1296 1297 1300 1301 1303 1305 1306 1307 1309 1310 1311 1312 1313 1315 1317 1318 1319 1320 1321 1322 1323 1324 1326 1327 1328 1329 1330 1331 1333 1336 1338 1339 1340 1343 1344 1345 1347 1348 1351 1353 1359 1361 1365 1366 1369 1373 1374 1375 1376 1379 1381 1382 1383 1385 1386 1387 1390 1391 1393 1394 1395 1396 1397 1398 1400 1401 1402 1403 1405 1406 1408 1411 1412 1413 1416 1417 1419 1423 1425 1426 1428 1429 1431 1432 1433 1435 1437 1439 1440 1441 1442 1443 
845: 1 6 7 9 10 11 12 13 16 17 20 21 22 23 24 26 27 28 30 32 33 35 38 39 40 42 43 44 45 46 47 48 49 51 52 54 57 61 62 66 67 68 69 70 72 73 74 75 77 78 79 84 85 86 87 89 90 92 94 95 96 97 98 99 100 103 109 110 112 113 116 118 121 123 124 125 129 131 132 133 134 135 136 137 139 140 141 144 148 149 153 154 156 157 159 160 161 162 164 165 166 169 170 171 173 174 175 177 179 181 182 187 191 192 199 201 202 207 208 210 211 212 213 214 215 217 219 220 221 222 223 224 226 227 230 231 232 233 234 235 239 240 242 243 245 247 252 253 254 255 259 260 261 262 263 265 267 268 269 272 275 277 278 279 280 281 282 284 285 286 287 289 290 291 292 293 295 296 297 298 299 301 302 305 306 307 310 313 314 317 318 322 323 331 335 339 340 341 344 345 347 350 352 353 354 356 357 360 361 362 364 365 366 368 370 372 375 377 378 379 381 382 385 391 392 394 395 398 399 400 403 406 408 410 411 412 413 415 416 418 419 420 422 423 425 426 427 429 430 431 432 433 434 436 438 439 440 442 443 447 450 451 452 454 455 457 459 461 462 463 467 468 469 470 471 473 477 478 480 483 485 490 491 493 494 497 499 501 502 507 508 509 511 513 516 518 519 520 522 523 528 530 531 532 533 538 539 542 544 545 546 547 548 549 550 551 553 555 558 559 560 562 563 565 568 570 572 575 576 580 581 583 584 589 591 594 595 600 601 603 605 606 607 609 610 611 612 613 615 617 619 623 624 626 627 631 633 635 637 638 641 643 645 646 647 648 649 650 653 655 656 657 661 662 663 664 665 667 670 672 675 676 678 679 680 682 683 685 688 689 690 691 693 695 696 697 703 704 705 706 708 710 714 716 717 718 719 721 724 726 727 728 729 730 733 734 735 736 737 741 744 746 748 750 751 752 753 755 759 763 766 768 769 770 771 772 773 776 777 778 781 782 783 784 785 787 789 791 792 793 794 796 798 799 801 803 804 805 807 810 811 812 813 814 817 818 819 820 822 824 825 828 829 830 836 839 840 841 842 844 846 847 848 850 854 858 859 861 863 864 865 867 868 871 872 873 875 876 877 878 880 882 884 886 887 889 890 891 892 893 894 896 897 898 902 904 909 910 913 914 916 919 920 921 924 925 926 927 931 933 934 935 937 943 948 949 950 951 952 955 958 959 960 961 962 964 965 968 969 970 972 974 976 978 979 980 981 982 985 986 989 991 992 993 994 995 996 997 998 1000 1003 1004 1005 1007 1008 1010 1012 1013 1014 1016 1017 1019 1020 1021 1022 1023 1024 1025 1026 1028 1030 1031 1032 1033 1034 1035 1036 1039 1040 1042 1043 1044 1045 1047 1048 1049 1050 1051 1052 1053 1055 1056 1062 1063 1065 1070 1071 1073 1074 1075 1077 1081 1083 1091 1094 1095 1096 1097 1099 1100 1101 1102 1104 1105 1106 1107 1108 1109 1110 1111 1112 1113 1114 1115 1116 1117 1118 1120 1123 1124 1125 1127 1128 1130 1133 1136 1138 1140 1142 1145 1146 1147 1148 1149 1150 1152 1153 1154 1155 1156 1157 1161 1163 1166 1167 1173 1174 1175 1178 1179 1180 1181 1182 1183 1184 1185 1190 1191 1192 1193 1194 1195 1196 1197 1200 1203 1205 1208 1210 1211 1212 1213 1214 1215 1216 1217 1218 1221 1224 1226 1227 1228 1229 1230 1231 1232 1234 1236 1237 1238 1239 1240 1242 1249 1250 1253 1254 1255 1258 1261 1262 1263 1264 1265 1266 1267 1268 1271 1272 1275 1276 1277 1280 1281 1284 1285 1286 1287 1288 1289 1291 1293 1295 1299 1300 1301 1303 1304 1305 1306 1307 1310 1311 1312 1315 1316 1317 1318 1321 1322 1323 1324 1326 1328 1332 1334 1337 1338 1339 1340 1341 1342 1343 1344 1346 1347 1348 1349 1351 1354 1356 1357 1360 1363 1366 1367 1368 1369 1371 1372 1373 1374 1375 1379 1382 1384 1386 1387 1389 1390 1391 1392 1393 1394 1395 1396 1397 1398 1399 1400 1401 1402 1406 1407 1408 1409 1411 1413 1415 1416 1417 1418 1419 1421 1425 1427 1428 1429 1431 1432 1433 1435 1436 1440 1443 
856: 2 4 5 7 8 10 12 13 15 16 17 18 19 21 22 23 25 26 27 29 31 32 33 34 37 39 41 45 46 47 51 53 54 57 59 60 62 65 66 67 68 69 70 73 74 77 80 81 82 83 84 85 86 88 89 92 93 94 95 98 100 101 102 103 104 107 110 111 112 113 114 115 117 120 121 122 123 124 125 127 128 130 131 134 135 136 137 140 141 142 143 147 148 149 150 151 152 153 154 158 159 161 162 163 164 165 166 167 170 171 172 174 177 178 180 182 183 185 189 191 193 194 196 197 206 207 208 209 211 218 221 225 226 228 231 234 235 236 237 239 241 243 244 245 247 248 249 250 252 253 255 256 257 260 262 264 265 268 270 272 277 279 281 283 284 288 290 291 292 294 297 300 301 304 305 306 307 309 311 314 318 320 321 324 325 327 328 329 332 335 336 338 339 340 342 346 347 349 355 359 360 362 364 367 368 371 373 374 375 377 378 380 381 383 385 386 387 388 390 391 392 393 397 398 399 402 403 404 408 409 411 414 415 417 418 419 423 424 425 426 427 428 430 432 433 435 436 438 439 440 441 442 444 445 447 448 449 450 452 454 455 457 458 461 462 463 466 467 468 469 471 472 473 474 476 478 479 482 483 486 487 488 489 492 493 494 497 499 500 503 504 505 507 508 510 511 512 514 515 516 517 518 520 521 523 524 525 530 532 534 535 536 537 540 541 542 544 545 546 547 548 551 553 555 557 559 560 561 562 563 564 565 566 567 568 569 571 573 574 575 576 579 580 581 582 583 584 587 588 589 590 591 592 593 594 596 598 600 601 604 605 606 608 609 611 612 613 614 616 618 619 620 621 622 626 627 629 631 632 633 634 635 636 638 643 644 645 647 649 650 653 656 657 658 665 666 668 670 671 672 673 674 675 676 677 678 680 683 685 687 688 689 690 692 697 699 700 702 703 704 707 710 713 714 715 716 717 718 719 720 722 724 730 731 733 738 739 740 741 742 744 746 748 749 750 751 752 753 754 755 756 758 759 762 763 764 766 768 769 771 773 774 775 780 781 783 790 792 794 797 798 799 800 801 802 804 805 806 809 812 813 814 816 819 820 825 826 829 831 832 835 838 839 843 845 846 847 848 851 852 854 855 856 857 858 859 860 861 863 866 870 872 875 876 878 885 887 888 889 890 891 892 893 895 897 898 901 902 904 905 907 909 910 912 913 915 917 918 920 925 926 927 928 929 930 931 933 935 937 938 939 945 946 948 950 952 956 957 959 962 963 965 966 967 968 969 975 977 979 980 981 982 983 984 985 987 988 990 992 993 994 996 997 998 1004 1005 1008 1009 1010 1012 1014 1015 1016 1019 1020 1022 1024 1026 1027 1028 1029 1030 1031 1034 1035 1036 1037 1038 1039 1041 1042 1043 1044 1045 1046 1048 1049 1050 1052 1053 1054 1057 1058 1060 1061 1062 1064 1067 1070 1074 1075 1076 1077 1078 1081 1082 1086 1088 1089 1092 1093 1094 1095 1096 1097 1098 1100 1101 1102 1103 1104 1105 1106 1107 1108 1109 1112 1113 1116 1118 1119 1127 1128 1130 1131 1132 1133 1134 1136 1138 1140 1142 1143 1144 1148 1150 1152 1153 1155 1157 1158 1159 1160 1161 1162 1163 1166 1167 1169 1171 1172 1173 1174 1177 1179 1180 1181 1182 1184 1186 1187 1188 1190 1192 1193 1195 1196 1197 1200 1201 1204 1205 1206 1207 1208 1210 1214 1215 1216 1217 1218 1219 1220 1222 1224 1228 1229 1230 1233 1235 1236 1237 1240 1242 1243 1244 1246 1247 1251 1252 1256 1258 1259 1261 1262 1263 1265 1266 1267 1268 1269 1271 1272 1273 1274 1275 1276 1280 1281 1283 1284 1285 1286 1287 1288 1289 1291 1293 1294 1295 1296 1298 1300 1301 1302 1304 1307 1311 1312 1313 1314 1315 1316 1319 1320 1321 1323 1325 1326 1333 1334 1335 1336 1341 1342 1343 1344 1345 1349 1350 1351 1353 1354 1356 1358 1359 1361 1362 1363 1365 1366 1368 1372 1374 1375 1377 1378 1379 1380 1382 1383 1384 1385 1386 1388 1389 1390 1392 1394 1396 1397 1398 1399 1402 1404 1405 1409 1411 1412 1413 1415 1419 1421 1423 1424 1427 1428 1430 1433 1434 1435 1436 1437 1439 1441 1442 
870: 4 7 8 9 11 13 14 18 19 20 21 22 23 24 25 26 27 28 32 35 36 37 38 39 41 42 43 45 46 47 48 49 51 52 53 55 56 57 58 60 62 63 65 69 72 74 79 81 82 83 84 87 88 90 94 97 99 100 101 104 105 107 110 111 113 114 118 120 122 123 124 125 126 131 134 135 136 137 141 146 147 149 152 153 154 156 157 159 161 163 164 167 170 171 173 175 176 178 179 180 182 183 184 186 187 188 189 191 192 193 194 196 197 198 199 200 201 202 205 206 207 211 212 214 215 217 218 220 223 224 225 228 229 236 237 239 242 244 247 248 250 252 253 254 255 256 257 258 259 261 262 265 267 268 270 273 274 276 277 279 280 282 283 284 285 286 287 288 289 290 291 292 293 294 295 297 301 303 304 305 306 307 308 309 310 313 314 315 316 317 318 319 320 321 322 324 325 326 328 330 332 333 334 335 338 339 340 343 344 345 346 347 348 350 351 352 354 356 357 358 359 360 361 363 364 367 368 370 376 378 380 381 383 386 391 397 398 401 402 406 407 408 412 413 414 415 416 417 418 422 425 427 428 429 432 433 434 435 436 437 439 443 444 445 446 448 449 454 455 456 457 458 460 462 463 465 466 467 468 469 470 472 473 474 478 480 483 487 488 489 490 491 492 494 496 498 500 501 503 504 505 506 508 509 511 514 515 517 518 520 524 525 526 529 530 531 532 533 534 535 536 539 540 541 543 544 546 550 552 553 555 556 559 560 563 564 566 567 568 569 572 573 574 576 577 578 579 580 581 583 584 591 592 593 595 596 598 599 600 601 603 604 606 607 609 610 612 613 614 616 617 618 619 622 624 628 629 631 632 634 636 637 638 640 642 643 644 646 647 650 651 652 655 656 657 661 662 664 665 666 667 670 671 672 673 675 676 677 679 680 683 685 687 689 691 692 693 694 695 696 697 699 702 703 704 705 706 709 711 714 716 717 718 719 720 722 724 725 726 727 728 729 730 731 735 736 737 742 743 745 746 747 749 753 754 755 756 758 759 760 761 762 763 764 765 767 769 771 773 775 776 777 778 779 780 781 783 784 785 787 788 791 792 796 798 800 802 805 806 807 808 809 810 811 812 815 816 817 818 819 820 823 825 827 828 831 832 833 834 836 837 838 839 840 842 844 847 848 849 851 852 853 854 855 856 858 859 860 861 863 864 866 869 870 873 874 875 876 878 880 881 883 885 886 888 890 895 898 899 900 901 902 903 904 905 906 907 908 913 914 915 916 919 920 922 924 925 926 927 929 932 933 935 936 937 940 941 946 947 949 950 954 955 956 957 959 960 962 965 967 968 969 970 972 974 975 977 978 979 983 984 986 988 990 991 993 994 995 997 998 999 1001 1005 1007 1008 1009 1013 1016 1017 1018 1020 1021 1024 1025 1026 1027 1028 1029 1030 1031 1032 1033 1034 1035 1038 1039 1041 1043 1044 1046 1047 1048 1049 1050 1051 1053 1054 1057 1058 1059 1062 1066 1067 1069 1072 1074 1075 1076 1077 1080 1083 1086 1087 1088 1089 1090 1092 1093 1095 1096 1097 1098 1099 1100 1101 1103 1104 1105 1108 1109 1110 1111 1112 1114 1115 1116 1118 1120 1123 1124 1125 1127 1128 1130 1131 1133 1139 1141 1143 1144 1146 1147 1150 1151 1152 1153 1155 1156 1157 1159 1160 1165 1166 1168 1169 1171 1173 1174 1176 1177 1178 1179 1180 1182 1184 1185 1187 1189 1190 1193 1196 1197 1198 1201 1203 1205 1206 1207 1211 1215 1217 1219 1221 1222 1223 1225 1228 1233 1234 1235 1237 1238 1239 1241 1242 1243 1244 1245 1246 1247 1248 1249 1251 1252 1254 1256 1257 1259 1261 1262 1263 1264 1266 1267 1271 1273 1274 1275 1281 1282 1283 1284 1285 1286 1287 1288 1291 1293 1294 1295 1296 1297 1298 1301 1303 1305 1306 1309 1310 1311 1312 1314 1316 1322 1323 1327 1328 1330 1333 1334 1336 1337 1338 1340 1341 1342 1343 1345 1347 1348 1350 1353 1354 1356 1357 1358 1359 1360 1362 1363 1366 1367 1372 1373 1375 1376 1379 1380 1381 1386 1388 1389 1390 1393 1394 1396 1397 1399 1404 1405 1406 1408 1411 1413 1414 1415 1417 1420 1421 1423 1426 1427 1429 1431 1432 1434 1436 1437 1439 1440 
856: 1 3 4 8 11 12 13 14 15 20 21 25 26 27 28 30 32 33 35 36 38 39 40 41 42 47 48 49 50 52 53 54 55 56 60 63 65 69 71 72 73 75 76 77 80 82 83 84 89 92 93 94 95 97 98 100 101 104 105 106 108 109 111 113 116 122 124 129 130 132 133 134 135 137 139 140 141 153 154 155 156 157 158 160 161 162 165 166 167 169 170 171 172 173 174 178 179 180 181 182 185 186 187 189 191 193 194 197 198 199 200 201 202 204 207 209 212 213 214 215 217 219 220 221 223 224 225 226 228 229 230 232 235 236 238 239 241 242 243 244 246 247 250 252 253 254 259 260 261 262 263 268 274 275 276 277 279 280 283 285 289 290 292 295 296 297 300 301 302 304 307 313 316 317 318 320 321 322 323 324 326 331 332 335 336 337 342 343 345 346 347 348 350 352 353 355 356 357 362 365 367 368 370 373 375 376 377 379 380 383 385 387 389 393 394 395 398 399 400 402 404 405 407 408 410 412 413 414 416 417 419 421 422 423 424 425 426 428 429 433 434 438 439 441 442 444 445 446 447 448 449 452 454 457 458 459 462 464 465 466 467 470 471 474 476 477 479 480 481 484 485 486 493 497 499 500 504 505 508 509 510 512 513 514 518 519 520 521 522 523 527 528 529 530 531 532 533 534 536 537 539 541 543 544 549 551 552 554 555 556 558 562 563 565 566 567 569 570 571 572 573 574 576 577 581 583 584 585 586 587 590 592 595 596 597 598 599 600 603 605 607 609 610 611 612 613 614 615 617 620 621 622 623 624 625 626 627 628 629 630 631 632 633 634 635 636 637 639 640 642 644 646 648 649 650 651 652 654 655 656 659 661 662 663 664 665 666 667 668 669 672 674 676 678 680 683 684 685 686 687 689 690 692 693 694 695 696 697 700 701 702 704 706 707 709 710 712 713 714 715 716 717 718 719 720 721 722 724 725 726 727 728 729 731 733 735 737 738 741 743 744 745 746 747 748 750 751 754 755 757 758 759 760 761 763 764 765 766 769 770 772 773 776 777 780 782 784 786 787 790 792 793 794 796 800 801 802 803 804 805 807 808 811 812 813 814 816 817 820 821 822 823 824 825 826 827 829 830 831 836 837 838 839 841 842 843 845 846 849 853 854 856 857 858 862 864 865 869 870 872 873 877 878 879 880 882 884 885 886 887 888 889 892 893 895 896 901 902 903 904 906 908 910 911 917 920 922 923 924 926 927 928 931 932 934 935 936 937 941 942 943 945 946 950 951 952 955 956 957 958 959 960 961 962 964 966 968 969 971 973 977 979 980 981 982 984 985 986 988 989 992 993 994 995 996 997 999 1000 1002 1004 1006 1007 1008 1009 1010 1011 1013 1016 1018 1023 1025 1026 1027 1030 1032 1034 1035 1037 1039 1041 1043 1044 1046 1047 1048 1050 1051 1052 1053 1054 1055 1058 1059 1060 1061 1063 1068 1071 1072 1073 1074 1078 1080 1083 1084 1086 1087 1088 1090 1091 1093 1094 1099 1101 1106 1109 1111 1112 1113 1114 1117 1118 1121 1122 1124 1125 1129 1130 1131 1135 1137 1140 1141 1142 1144 1145 1146 1147 1148 1149 1150 1151 1152 1157 1162 1163 1164 1165 1166 1168 1169 1171 1173 1174 1175 1179 1180 1181 1184 1185 1186 1188 1190 1192 1194 1195 1198 1199 1200 1201 1204 1205 1210 1212 1215 1216 1218 1222 1223 1226 1227 1229 1230 1231 1232 1233 1234 1235 1236 1237 1240 1241 1242 1243 1244 1245 1246 1247 1248 1250 1251 1252 1253 1254 1257 1259 1260 1261 1262 1263 1265 1266 1267 1268 1269 1270 1271 1272 1273 1275 1276 1277 1278 1279 1280 1281 1282 1283 1284 1285 1286 1288 1291 1295 1296 1298 1299 1301 1302 1305 1306 1309 1310 1312 1313 1314 1315 1316 1321 1322 1323 1325 1326 1327 1329 1330 1332 1337 1339 1340 1341 1342 1343 1347 1349 1350 1353 1354 1357 1359 1360 1361 1362 1363 1364 1367 1368 1371 1372 1373 1374 1376 1377 1381 1385 1387 1390 1391 1392 1394 1396 1398 1400 1402 1404 1405 1407 1409 1410 1414 1419 1420 1424 1425 1426 1427 1428 1430 1432 1433 1434 1435 1436 1437 1440 1442 
888: 0 1 3 5 6 7 8 10 11 13 14 15 16 17 18 20 21 22 23 25 26 28 30 31 32 33 36 37 38 39 40 42 44 45 46 47 50 51 53 54 55 57 58 59 63 65 66 68 70 71 72 73 74 75 76 77 78 79 83 86 90 91 93 94 95 97 98 99 102 103 109 110 114 115 116 117 119 120 121 125 127 128 129 130 131 132 133 134 137 138 140 142 144 146 147 148 149 150 152 154 156 159 160 162 163 164 165 166 167 168 171 172 173 175 176 179 180 182 184 185 186 188 190 191 192 194 195 196 197 198 200 202 203 204 205 206 207 208 209 213 215 216 217 219 223 224 227 229 231 232 233 234 237 238 239 240 241 244 245 246 248 250 251 252 253 254 256 257 258 259 260 262 263 265 267 269 270 272 273 277 278 279 280 281 282 283 284 285 289 290 292 293 298 299 304 307 308 310 311 313 314 315 316 318 319 320 322 323 325 330 331 332 334 335 336 339 341 345 346 347 348 349 353 354 357 358 359 360 361 362 363 367 369 370 371 372 374 377 379 380 381 382 385 386 387 388 391 392 393 396 397 399 400 401 402 405 406 407 411 412 413 415 416 417 418 419 420 421 422 423 424 425 426 430 432 433 435 437 440 441 443 445 446 447 448 449 450 452 453 454 456 457 458 460 462 464 465 467 470 472 473 474 475 477 478 480 481 483 484 487 488 489 490 491 492 494 495 497 498 500 502 503 504 505 507 512 514 516 517 518 519 520 521 522 526 530 531 533 535 536 537 539 540 541 542 546 547 549 550 553 554 555 556 558 560 561 563 565 566 567 571 572 573 574 575 577 580 581 584 585 586 587 589 590 591 592 593 595 597 598 600 604 606 612 613 614 616 618 619 620 622 624 628 629 631 634 638 639 641 644 645 651 653 654 655 656 657 658 659 662 663 664 666 667 670 672 675 677 678 679 683 684 685 688 691 695 696 698 699 700 702 703 704 705 706 707 708 711 712 715 717 719 720 721 725 726 728 729 731 732 733 735 737 738 741 742 743 745 747 748 749 750 751 752 753 754 755 756 757 760 761 763 765 766 768 769 770 774 775 776 777 779 782 783 784 788 789 790 791 792 793 794 795 796 797 799 801 802 803 805 806 807 808 809 811 812 813 814 815 817 818 819 822 823 824 825 826 828 829 830 833 835 836 838 839 841 843 844 845 846 848 849 853 854 856 857 859 865 867 868 870 871 872 873 876 879 880 881 883 888 891 895 896 897 902 903 904 906 907 909 913 914 915 917 920 921 922 924 926 927 930 931 932 935 936 937 940 941 942 943 944 946 949 951 952 953 954 955 961 962 963 964 965 968 971 972 973 974 976 978 979 980 986 989 991 992 993 995 998 999 1000 1001 1003 1004 1006 1008 1009 1011 1012 1013 1015 1016 1017 1021 1023 1024 1025 1026 1027 1029 1030 1031 1035 1036 1038 1039 1040 1041 1042 1043 1046 1047 1050 1051 1052 1053 1054 1056 1057 1059 1060 1061 1062 1064 1065 1066 1068 1070 1074 1077 1078 1079 1080 1082 1083 1084 1085 1089 1090 1091 1093 1096 1097 1098 1100 1102 1104 1105 1107 1108 1112 1115 1118 1120 1121 1122 1123 1125 1126 1129 1136 1138 1140 1141 1142 1144 1147 1148 1149 1150 1151 1152 1154 1157 1158 1160 1161 1162 1163 1164 1168 1169 1170 1171 1172 1174 1175 1176 1178 1179 1180 1182 1183 1184 1185 1186 1187 1188 1189 1190 1192 1193 1194 1198 1201 1205 1206 1207 1211 1213 1214 1215 1216 1217 1219 1224 1225 1226 1227 1228 1229 1230 1231 1232 1233 1234 1236 1237 1239 1240 1241 1244 1246 1252 1254 1259 1260 1261 1262 1264 1265 1267 1269 1272 1275 1276 1277 1278 1279 1282 1284 1286 1287 1288 1289 1290 1291 1292 1293 1294 1296 1297 1299 1300 1302 1305 1306 1308 1310 1311 1314 1317 1318 1319 1320 1321 1322 1324 1326 1327 1328 1329 1330 1331 1332 1333 1334 1335 1336 1337 1339 1342 1343 1344 1345 1346 1347 1350 1353 1355 1356 1357 1363 1364 1365 1366 1367 1368 1371 1374 1375 1377 1378 1379 1380 1381 1382 1383 1385 1386 1388 1389 1390 1391 1392 1393 1394 1395 1397 1398 1400 1402 1404 1405 1406 1407 1408 1409 1411 1412 1413 1415 1418 1420 1421 1422 1424 1429 1432 1433 1435 1436 1437 1438 1440 1441 1442 1443 
855: 1 2 3 4 5 6 8 9 10 11 12 13 14 17 19 20 21 22 24 25 26 27 29 30 31 33 34 35 38 39 40 41 43 44 46 47 48 50 51 53 54 55 56 58 59 63 64 65 66 67 68 70 72 73 74 77 78 79 81 82 83 85 87 88 89 92 94 95 98 99 100 101 102 103 104 105 107 108 111 112 115 117 119 122 124 125 126 127 128 129 130 131 132 133 134 135 138 139 141 142 143 144 145 146 147 148 149 150 151 153 154 155 156 158 159 161 163 164 166 168 169 170 171 172 174 176 177 178 179 180 182 183 185 186 187 189 190 192 194 195 198 199 200 201 202 203 204 205 206 210 213 214 215 217 219 225 226 227 228 229 234 235 236 237 238 239 240 241 242 244 246 248 249 252 253 255 257 258 259 260 261 265 267 268 269 270 271 272 273 277 280 281 283 284 285 287 288 290 291 292 293 296 297 298 299 301 302 304 307 310 311 316 317 318 321 322 323 325 326 329 330 331 333 335 336 340 341 346 348 349 351 353 355 356 357 358 359 360 362 363 364 365 367 368 370 372 373 374 379 380 381 383 384 388 389 393 395 398 399 403 406 407 408 409 411 413 414 418 420 424 425 426 427 429 430 431 432 433 434 435 437 439 440 442 443 445 451 452 454 456 457 459 461 463 464 466 467 470 471 472 473 474 475 477 478 480 481 483 485 487 489 492 496 497 498 499 500 503 504 508 510 511 512 516 517 518 520 521 524 526 527 528 529 531 532 533 534 535 538 539 540 543 544 551 552 553 554 555 557 559 560 561 562 565 567 569 570 576 577 578 580 582 584 588 592 594 595 597 598 599 600 601 602 604 606 607 609 611 613 615 616 618 619 620 621 622 624 625 626 627 628 629 631 632 634 635 636 637 640 644 645 646 649 650 652 656 657 659 660 661 663 665 667 668 669 670 672 674 675 676 678 680 684 685 686 687 688 690 692 693 696 698 702 704 705 707 709 710 711 712 713 714 715 717 718 720 721 722 724 725 726 728 730 731 732 733 735 736 737 738 739 741 744 748 750 752 754 755 756 759 760 762 763 765 766 767 768 769 770 772 775 780 781 782 783 785 786 789 792 793 796 800 802 804 806 808 809 810 811 812 813 814 816 817 822 826 828 829 830 837 838 841 842 843 844 845 846 847 849 854 857 858 859 860 863 864 865 866 867 869 870 872 874 876 877 879 880 881 884 885 886 887 889 890 891 892 893 896 897 898 900 901 902 903 904 905 906 907 909 910 912 915 916 917 922 927 929 930 931 933 936 937 938 940 941 942 943 948 949 950 954 955 957 959 960 961 962 966 967 968 969 970 972 973 975 976 979 981 983 984 985 988 989 994 996 997 998 999 1001 1002 1004 1005 1006 1007 1008 1011 1013 1016 1019 1020 1021 1023 1024 1027 1028 1029 1030 1031 1032 1034 1035 1036 1037 1038 1039 1040 1041 1043 1045 1046 1047 1049 1051 1052 1053 1056 1057 1059 1060 1061 1062 1063 1065 1067 1068 1069 1071 1074 1076 1077 1079 1081 1083 1084 1087 1088 1089 1090 1093 1094 1096 1098 1100 1103 1107 1108 1109 1110 1111 1114 1115 1119 1120 1122 1123 1124 1128 1129 1131 1132 1133 1135 1136 1137 1138 1141 1143 1145 1146 1149 1153 1155 1156 1157 1158 1161 1162 1165 1166 1167 1168 1169 1170 1172 1174 1175 1178 1179 1181 1184 1185 1187 1190 1191 1197 1199 1200 1203 1204 1206 1213 1218 1220 1221 1224 1225 1228 1232 1233 1234 1235 1237 1242 1243 1246 1247 1249 1250 1253 1255 1257 1258 1260 1261 1264 1265 1267 1268 1270 1271 1272 1275 1276 1277 1279 1280 1282 1283 1290 1291 1292 1293 1295 1296 1298 1299 1300 1302 1305 1307 1308 1311 1313 1314 1315 1316 1317 1319 1320 1321 1322 1325 1327 1328 1329 1330 1333 1336 1339 1341 1343 1345 1348 1349 1354 1356 1358 1359 1362 1363 1365 1366 1367 1368 1370 1374 1375 1376 1377 1381 1382 1383 1384 1386 1387 1388 1389 1391 1393 1396 1399 1402 1403 1404 1405 1406 1408 1409 1412 1413 1414 1417 1420 1424 1426 1428 1429 1430 1431 1433 1435 1436 1440 1442 1443 
872: 0 1 2 3 4 5 6 7 9 10 12 13 14 15 16 17 18 20 21 22 23 24 27 30 31 32 34 35 36 37 39 42 43 47 49 50 58 59 60 63 64 65 67 68 70 71 74 77 78 80 81 82 83 85 88 89 90 91 92 93 95 96 98 100 104 106 108 109 111 112 113 116 118 119 122 123 125 126 127 128 129 131 133 135 136 137 138 139 140 141 143 144 147 148 149 151 153 155 156 159 160 161 162 163 165 166 168 169 172 174 175 176 177 178 181 182 183 184 186 187 189 190 192 193 194 198 199 200 201 202 203 204 205 207 208 209 210 211 213 214 215 216 219 220 221 222 223 224 225 226 228 229 230 231 232 233 235 236 237 238 240 241 242 244 245 247 248 249 251 254 255 257 258 260 261 264 265 266 275 277 279 280 281 282 283 284 285 288 289 292 294 295 296 297 299 301 302 303 304 305 306 307 308 310 311 313 314 316 317 319 324 326 328 331 334 335 336 337 338 340 341 343 345 346 347 354 357 359 360 361 362 363 364 365 367 368 369 370 371 372 373 375 377 378 379 382 383 385 387 389 390 391 393 394 395 396 398 399 401 402 403 404 406 407 408 410 412 414 415 418 419 420 423 424 425 427 428 429 430 431 433 434 435 436 437 438 439 440 442 443 444 447 451 455 456 457 459 460 461 462 463 464 465 466 467 468 475 476 477 478 479 480 482 483 485 487 490 491 492 494 495 496 498 499 501 502 505 506 507 508 509 510 511 512 513 514 515 517 518 520 522 523 524 526 530 531 537 538 542 543 545 546 547 549 550 551 555 556 557 558 563 565 567 569 570 573 574 575 576 577 579 580 581 583 585 587 591 594 595 596 597 599 600 601 602 603 604 605 606 608 609 610 611 613 614 615 617 618 621 622 625 626 627 628 629 631 632 633 635 636 639 640 641 643 644 647 649 652 653 654 656 657 658 659 660 661 662 663 675 676 679 680 681 682 684 686 690 691 692 694 695 696 697 698 703 706 707 710 713 714 715 717 719 721 724 725 726 728 729 731 734 735 738 740 742 743 744 745 746 749 751 752 754 756 758 759 760 764 765 767 769 770 773 774 779 784 785 786 787 789 791 792 794 797 799 800 801 805 806 808 810 812 813 814 815 816 818 822 823 825 827 828 829 830 832 833 834 835 836 837 838 839 840 843 848 850 851 855 860 861 862 863 864 866 867 869 871 872 874 875 876 879 880 881 882 884 885 886 888 889 891 892 893 897 898 899 901 902 903 904 906 908 911 912 917 918 919 920 921 923 925 928 929 930 931 932 934 935 936 937 939 940 942 943 944 946 947 948 949 950 953 954 955 957 958 961 962 963 964 965 967 968 969 970 973 974 975 979 982 983 984 985 986 987 994 995 997 1000 1004 1007 1008 1010 1014 1015 1016 1018 1019 1020 1021 1023 1026 1027 1030 1032 1033 1035 1036 1038 1039 1040 1042 1043 1046 1047 1048 1049 1050 1052 1053 1054 1056 1060 1061 1062 1064 1065 1066 1067 1069 1070 1072 1073 1074 1075 1077 1079 1080 1083 1085 1086 1090 1091 1092 1093 1094 1095 1098 1100 1102 1104 1106 1108 1110 1111 1113 1114 1115 1118 1119 1121 1122 1124 1128 1129 1133 1134 1135 1138 1139 1140 1144 1145 1147 1149 1150 1151 1154 1155 1157 1158 1159 1161 1162 1166 1169 1170 1171 1172 1178 1179 1180 1181 1182 1183 1184 1185 1188 1190 1191 1193 1194 1195 1196 1197 1198 1199 1202 1204 1206 1207 1211 1212 1214 1215 1216 1218 1219 1220 1221 1222 1224 1225 1228 1229 1231 1232 1233 1235 1236 1238 1239 1240 1242 1245 1250 1251 1252 1256 1258 1260 1261 1262 1266 1267 1268 1269 1272 1273 1275 1276 1277 1280 1282 1284 1287 1289 1290 1291 1292 1297 1298 1300 1302 1303 1304 1307 1308 1310 1311 1313 1314 1315 1316 1317 1318 1319 1320 1321 1323 1328 1329 1333 1335 1336 1339 1344 1347 1348 1351 1352 1355 1356 1359 1360 1361 1363 1364 1366 1370 1371 1373 1375 1376 1378 1379 1383 1385 1387 1388 1391 1392 1393 1394 1395 1397 1401 1402 1403 1406 1407 1408 1409 1410 1411 1412 1413 1416 1417 1419 1421 1424 1426 1427 1429 1430 1432 1437 1439 1440 1441 1442 1443 
867: 0 1 3 5 6 8 9 11 12 13 15 16 18 19 22 23 24 25 26 28 29 31 32 33 35 36 37 40 41 43 44 45 46 47 49 50 51 52 53 56 57 60 61 62 63 64 66 67 69 71 74 77 78 79 80 81 83 86 87 88 89 90 92 94 96 98 101 102 103 104 105 106 108 110 111 114 117 118 119 122 123 124 125 127 128 129 131 134 136 137 138 140 143 146 147 148 149 150 151 155 158 160 164 168 169 171 172 174 176 177 179 181 182 184 185 186 187 189 190 193 194 195 198 199 200 203 204 205 208 209 216 217 218 219 222 223 230 232 235 239 240 241 243 245 246 247 248 254 255 256 257 258 259 260 261 262 264 265 267 268 269 270 271 272 273 275 276 277 278 279 283 285 286 288 289 291 293 294 296 297 299 300 301 302 303 307 308 309 310 311 313 314 315 316 317 318 321 322 324 326 327 328 329 330 332 334 335 336 337 338 339 340 342 343 344 347 348 350 351 355 356 358 359 360 361 362 363 364 365 366 368 370 371 372 373 375 376 379 380 381 383 385 386 387 389 390 391 392 393 395 396 397 398 399 401 402 403 404 405 406 407 408 410 412 413 418 419 421 423 424 426 428 430 431 432 433 434 436 438 440 441 442 443 444 445 446 449 452 453 454 455 456 458 459 460 462 463 467 470 473 475 477 478 479 480 482 483 484 485 486 487 489 490 492 493 494 495 496 500 502 503 504 505 506 510 511 512 513 514 515 521 522 523 524 526 527 528 530 531 535 538 543 544 546 548 550 551 557 558 560 562 571 572 574 576 580 583 584 587 589 592 595 596 598 602 603 604 605 609 611 612 613 616 617 618 621 626 628 629 630 631 632 633 634 636 637 638 639 640 641 643 644 645 646 647 648 649 651 652 653 654 656 658 659 660 663 665 666 668 671 672 673 674 675 677 679 686 687 690 692 693 694 697 698 699 701 704 705 707 708 709 710 712 713 714 718 719 720 722 724 726 729 732 733 736 738 740 741 744 746 748 752 753 754 757 758 760 765 766 767 768 770 771 772 773 774 777 782 784 786 789 792 793 796 799 801 803 805 807 809 812 813 814 815 817 819 820 821 822 823 824 825 826 827 828 829 835 837 838 839 841 843 846 847 848 849 850 852 853 856 858 860 863 868 871 872 873 874 875 876 877 878 881 882 883 884 885 887 888 889 890 892 896 899 900 901 902 903 909 910 911 913 914 915 918 922 925 927 928 931 936 937 938 940 943 945 947 948 949 951 953 955 956 957 958 961 962 964 965 966 967 968 970 971 972 973 974 975 976 978 981 982 983 984 985 987 989 990 991 992 993 994 995 997 998 999 1000 1002 1003 1004 1005 1009 1011 1012 1014 1019 1020 1021 1023 1024 1025 1027 1030 1031 1033 1036 1039 1040 1041 1042 1045 1046 1047 1048 1051 1052 1055 1058 1059 1060 1061 1062 1063 1064 1065 1067 1068 1069 1070 1071 1073 1074 1076 1077 1078 1079 1080 1081 1083 1084 1085 1086 1087 1088 1089 1091 1093 1097 1098 1099 1103 1104 1105 1106 1107 1108 1109 1111 1112 1116 1118 1120 1121 1125 1127 1129 1136 1140 1141 1143 1144 1145 1147 1148 1150 1152 1154 1157 1158 1159 1161 1163 1164 1165 1166 1167 1169 1170 1172 1174 1176 1177 1178 1180 1181 1184 1185 1186 1190 1191 1192 1196 1197 1199 1201 1202 1205 1206 1207 1209 1210 1211 1213 1214 1216 1217 1220 1221 1222 1223 1225 1226 1229 1231 1234 1238 1239 1240 1241 1242 1243 1244 1245 1246 1247 1248 1249 1250 1251 1253 1256 1259 1260 1262 1263 1267 1269 1270 1271 1272 1273 1274 1278 1280 1285 1286 1287 1288 1290 1292 1293 1294 1295 1296 1297 1300 1301 1303 1304 1305 1306 1307 1308 1310 1311 1312 1316 1318 1319 1320 1321 1322 1323 1325 1328 1329 1331 1332 1333 1335 1338 1339 1340 1342 1343 1344 1345 1347 1349 1351 1353 1355 1360 1362 1364 1365 1368 1370 1378 1380 1382 1383 1384 1385 1386 1387 1388 1389 1392 1393 1395 1396 1397 1398 1399 1400 1402 1403 1404 1405 1406 1407 1408 1409 1410 1411 1413 1414 1415 1416 1420 1423 1425 1426 1428 1429 1430 1433 1434 1435 1436 1437 1438 1440 1441 1442 1443 
Days = 28
Shift constraints
8 24
8 20
4 24
0 28
4 24
4 5
true
true
Forbidden sequences = 2
3 1 
2 3 

