# Randomly generated data for the integrated task scheduling and personnel rostering problem, skilling=0,300 and tightness=0,900 seed=30240
Tasks = 2223
632 700 2
631 690 1
405 492 24
409 457 15
631 674 26
720 785 4
787 874 5
480 584 15
636 736 2
632 762 19
634 736 19
407 539 21
415 502 9
733 795 11
760 827 23
631 701 25
658 760 7
631 685 3
652 693 13
406 518 13
720 843 10
405 487 11
675 751 26
638 745 8
420 484 5
414 458 25
775 812 16
409 459 12
630 698 4
475 587 11
412 505 21
412 491 4
633 706 17
722 806 19
720 806 0
722 808 10
640 725 24
630 734 13
703 802 10
409 491 1
633 751 3
634 746 0
725 839 22
406 471 8
634 701 10
631 693 17
408 536 8
630 756 17
416 505 8
630 661 17
745 824 17
751 871 26
630 658 20
407 493 11
724 794 25
724 770 27
647 781 24
724 808 11
632 722 3
631 709 1
723 782 25
785 824 4
536 625 8
634 754 24
406 507 24
411 543 10
405 503 11
405 545 9
408 490 10
634 740 5
630 706 10
405 475 0
702 817 25
503 561 11
634 736 16
562 627 11
723 759 12
723 803 9
720 797 12
766 829 17
406 474 2
475 551 2
630 688 24
405 456 7
636 682 7
406 482 22
720 790 23
633 737 22
725 845 9
634 715 0
405 514 20
405 518 22
408 515 23
406 492 3
720 753 14
407 465 12
634 686 1
416 473 0
731 840 6
508 564 24
711 778 10
630 677 26
630 698 10
426 480 15
729 834 16
720 795 9
405 461 1
631 704 26
720 790 11
406 487 3
476 540 12
723 800 21
802 847 21
405 471 21
722 822 9
728 797 16
799 903 11
471 573 26
481 547 0
723 825 13
405 465 6
634 714 18
783 860 25
632 746 11
810 910 11
722 782 8
720 759 22
405 548 16
406 491 23
416 486 8
743 848 23
773 882 27
409 450 19
472 596 6
630 719 16
715 851 18
632 706 4
698 769 4
653 743 13
826 897 17
422 499 23
635 697 7
735 804 2
406 466 9
722 777 18
741 793 22
707 762 2
720 777 1
637 692 13
405 486 21
634 724 8
649 735 0
415 529 13
417 542 7
760 832 16
769 849 4
720 795 20
405 490 15
630 690 10
405 478 8
725 783 26
844 917 10
641 760 16
723 770 7
532 611 13
721 838 15
405 501 10
491 571 1
732 782 14
483 538 22
411 470 16
733 842 25
405 498 20
661 741 17
799 883 23
777 813 1
764 862 12
899 1015 17
596 663 6
407 512 27
405 465 23
524 593 13
411 512 15
910 977 19
630 687 17
720 803 22
722 797 27
405 489 22
720 775 14
720 792 20
818 914 25
720 764 4
810 917 10
411 490 23
405 460 19
405 468 14
793 863 20
630 701 7
483 580 19
868 919 12
630 698 20
631 679 18
720 811 26
408 526 16
727 782 19
487 566 21
632 688 24
405 505 9
406 524 18
636 730 3
412 516 6
482 597 16
630 716 7
755 820 24
631 692 17
725 801 2
526 607 18
644 742 2
506 561 21
405 462 23
630 689 8
698 775 20
688 777 7
720 792 20
730 824 16
635 690 5
505 612 18
632 712 2
647 686 8
804 864 9
630 741 6
476 536 0
690 774 8
721 807 24
639 770 4
725 831 8
747 834 2
508 559 4
911 961 11
692 772 1
743 808 6
788 846 18
409 488 12
707 808 10
541 628 12
411 486 5
457 538 7
505 638 9
698 772 24
406 505 25
630 712 18
693 826 13
726 831 13
599 678 13
834 891 8
710 819 1
468 537 14
634 687 26
465 540 12
630 720 25
408 504 25
643 738 9
823 906 9
584 680 19
515 585 20
636 694 24
471 546 9
630 687 4
801 894 27
844 941 16
635 735 22
410 481 14
790 886 11
688 747 4
568 650 21
720 796 0
811 879 26
472 559 8
687 821 3
524 591 25
806 930 0
555 668 2
639 737 11
630 665 3
809 875 10
406 540 17
721 823 5
834 942 5
638 737 2
782 808 8
727 813 9
632 728 13
740 834 0
720 767 3
721 775 12
408 483 7
717 752 18
722 807 6
720 750 12
496 563 23
417 543 1
515 639 27
585 643 20
722 848 15
849 981 2
412 506 23
410 481 10
722 803 10
418 482 13
634 710 21
419 518 11
743 811 13
411 468 20
691 742 18
635 757 6
826 887 13
630 700 4
721 835 7
825 881 12
739 781 22
665 704 3
409 509 1
985 1078 5
515 596 1
630 735 8
405 484 15
630 759 1
630 725 11
759 850 1
406 466 14
905 960 11
509 606 23
638 740 12
695 729 24
720 818 9
630 703 7
407 480 17
505 575 25
413 500 25
510 604 8
819 880 9
405 471 1
643 738 18
413 458 16
648 780 2
635 706 3
841 934 16
407 498 27
643 718 12
783 902 19
760 793 7
781 901 7
700 763 4
721 821 4
810 883 24
687 723 17
954 1000 16
789 898 22
927 1010 25
627 707 18
488 532 5
540 576 17
881 998 9
1000 1083 16
498 567 20
716 749 7
999 1100 9
630 748 4
577 697 17
721 850 5
785 839 12
471 514 14
405 539 14
543 649 10
538 611 7
813 882 24
635 739 24
750 813 27
518 622 22
800 891 25
720 794 20
639 714 9
409 506 0
567 695 24
405 469 15
412 480 25
740 812 10
776 874 14
721 791 18
412 501 10
650 788 21
737 787 6
630 707 11
695 783 17
816 880 6
632 715 12
828 902 13
723 837 16
630 678 16
630 679 21
884 979 27
806 862 19
636 719 6
753 794 8
813 880 9
729 812 18
721 797 13
659 739 16
548 591 16
592 687 16
543 626 7
406 479 27
640 743 2
637 714 25
405 474 21
725 787 1
630 666 23
701 771 24
794 875 20
630 748 18
635 733 21
608 711 25
465 566 23
751 831 3
788 914 21
637 711 16
631 680 19
588 702 20
832 892 3
749 820 7
631 723 23
517 560 6
458 565 25
849 887 4
886 953 23
632 702 19
797 841 0
696 764 24
510 614 9
828 882 25
773 864 1
766 813 24
406 446 10
706 833 26
784 884 17
492 578 19
699 810 17
754 799 2
691 816 5
687 753 1
764 870 4
427 538 2
407 480 21
539 668 14
893 997 25
721 787 7
481 607 17
407 471 17
768 838 22
411 487 5
729 817 26
820 876 24
541 585 12
820 869 24
720 812 25
879 967 14
766 871 15
618 698 9
834 948 17
637 721 15
724 818 12
807 887 9
494 559 3
982 1077 2
634 663 5
774 863 0
913 981 9
721 757 19
723 835 8
706 766 3
720 860 19
845 935 25
872 989 4
634 685 19
845 897 22
431 469 17
681 745 26
519 569 27
405 460 5
785 856 4
559 621 8
1017 1088 25
414 486 19
769 814 16
1021 1091 17
720 838 1
539 658 22
490 593 22
470 588 15
474 510 20
863 950 19
652 742 5
727 796 26
492 562 25
538 629 2
720 807 26
702 782 19
732 801 3
665 742 6
434 511 22
886 983 11
732 854 13
407 486 14
820 945 10
624 709 11
631 733 12
607 686 17
969 1022 14
420 492 18
863 936 20
565 651 23
463 522 1
918 972 10
819 925 5
631 763 25
475 569 21
412 500 22
742 781 16
549 613 9
630 682 25
410 478 3
523 657 1
630 700 22
659 766 20
808 847 26
730 814 3
763 816 4
742 813 5
527 613 10
942 1019 16
685 765 19
822 892 4
502 570 10
633 714 27
563 631 6
949 1018 17
687 724 17
637 713 20
405 544 13
797 866 13
991 1081 4
614 725 10
725 803 20
405 521 3
660 723 27
637 727 27
632 710 9
724 831 0
408 481 16
721 804 11
720 775 18
736 847 19
427 506 5
482 562 14
891 946 12
564 611 21
411 493 27
893 977 4
527 594 0
728 763 9
652 758 21
646 736 7
472 520 1
883 971 24
636 689 0
553 624 9
832 942 0
537 576 14
663 730 1
864 904 1
809 949 6
405 501 27
820 883 1
843 914 22
480 594 21
723 851 7
1082 1150 4
815 897 3
770 833 3
806 881 22
799 863 22
490 549 8
613 742 8
635 697 3
813 884 5
492 573 23
688 732 8
599 691 0
490 614 11
916 997 7
753 864 18
465 540 16
768 869 20
573 638 4
638 726 6
603 672 16
405 502 2
411 544 0
824 914 4
722 803 18
486 579 27
820 894 7
847 906 26
693 747 17
734 865 2
501 589 27
875 972 20
901 931 22
838 899 1
715 796 20
743 833 15
715 811 27
748 806 24
612 674 21
677 774 21
507 581 27
409 452 12
644 680 21
617 685 11
661 731 23
415 532 20
764 880 2
838 906 7
853 916 15
707 801 11
755 842 1
779 911 21
823 917 3
546 612 0
495 593 12
576 681 14
727 788 6
725 800 16
829 888 18
726 793 27
853 965 5
701 796 7
408 526 1
595 713 22
893 959 8
405 510 6
935 1035 22
848 977 21
630 731 15
622 759 22
481 514 16
955 1089 12
407 490 6
484 564 7
795 920 20
950 1036 19
999 1072 25
691 808 21
790 910 7
411 491 14
723 810 17
654 705 10
692 808 0
749 816 18
720 803 20
661 717 22
764 852 25
949 1086 6
893 956 9
753 829 14
732 792 27
724 812 17
961 1030 8
725 762 17
412 486 2
524 594 5
409 491 4
491 610 6
571 688 25
728 823 15
713 782 20
725 791 11
713 840 22
632 740 0
499 586 14
736 804 21
700 806 22
725 804 3
782 874 2
814 887 13
781 840 18
730 780 9
816 887 10
729 804 24
613 690 6
731 775 1
747 797 4
493 592 27
847 984 12
635 761 18
565 649 7
566 618 23
741 798 17
580 635 27
716 824 25
885 1022 1
741 835 15
412 510 2
596 675 21
691 748 10
490 571 15
572 651 1
607 663 18
815 899 0
720 772 21
984 1109 9
816 899 18
405 493 3
592 667 27
660 732 23
733 805 12
751 858 12
566 625 25
937 992 25
739 814 9
406 453 15
722 794 18
878 932 2
447 522 10
768 867 18
936 981 0
728 836 17
832 892 16
770 847 9
571 652 10
802 916 11
409 478 27
596 665 5
908 974 7
841 922 16
843 968 0
608 683 23
762 822 21
656 711 10
822 939 26
788 881 6
939 1010 26
473 546 21
833 941 26
952 1033 10
1109 1188 9
858 895 4
522 633 10
492 589 4
683 740 25
492 560 15
418 510 26
576 631 25
855 962 13
769 847 3
919 992 3
840 914 22
807 873 10
673 776 16
808 931 18
810 920 26
706 779 4
963 1012 13
724 815 5
737 824 8
678 773 16
884 943 22
669 744 2
712 798 16
1007 1085 7
903 989 13
845 927 6
767 833 17
754 876 17
722 768 13
650 704 7
710 770 9
735 793 15
829 912 14
871 956 13
700 823 19
781 898 2
920 1036 20
920 955 27
496 603 11
748 796 4
685 740 13
780 894 4
824 850 21
655 731 7
720 788 18
635 770 14
787 893 1
681 739 14
541 675 1
502 583 22
747 805 18
603 691 27
725 824 11
750 829 2
419 480 1
794 929 20
980 1042 7
721 799 9
689 724 26
748 820 10
979 1051 27
720 842 12
888 954 4
894 1027 3
622 697 8
1019 1081 25
932 1024 6
405 489 24
785 847 14
667 769 27
867 925 22
810 909 11
698 814 10
932 982 22
854 909 25
418 485 22
806 943 3
808 877 2
566 640 16
908 966 26
803 864 20
839 929 15
635 745 14
799 945 18
777 841 16
1046 1085 22
643 711 20
498 615 5
959 1051 13
894 980 13
428 517 3
1026 1138 14
799 874 4
518 562 14
865 952 20
872 918 9
753 810 12
866 950 2
478 565 17
544 647 1
699 767 7
743 785 19
813 942 1
418 477 24
686 794 1
771 837 9
813 902 12
1107 1181 25
783 835 20
906 998 24
674 796 14
945 1033 5
867 924 27
619 687 9
690 783 23
924 957 9
932 996 26
820 929 10
810 925 21
698 805 8
763 843 19
887 993 7
542 602 0
943 1056 0
929 1007 15
583 703 17
932 976 18
739 836 14
745 859 25
1036 1109 20
797 903 20
727 845 22
494 551 1
717 804 22
817 885 16
677 751 5
619 730 23
748 803 8
818 880 27
690 792 25
488 529 5
492 567 24
630 726 2
511 575 26
769 842 14
535 647 24
510 584 6
746 830 26
968 1062 26
869 979 12
567 620 24
829 913 2
897 960 6
852 965 18
520 598 11
685 729 11
815 874 5
865 945 18
678 730 16
808 887 20
850 958 19
789 863 6
489 568 3
784 860 24
835 928 0
746 865 22
414 453 25
918 1038 10
721 830 1
1112 1183 12
817 882 4
801 885 16
909 956 11
491 589 20
465 524 23
1020 1061 26
634 763 26
624 691 13
939 982 20
881 930 9
929 969 10
876 980 10
690 758 0
977 1009 21
914 1019 4
765 884 5
620 760 24
776 856 26
802 872 11
977 1058 4
723 826 6
712 801 10
833 912 1
772 868 7
838 962 15
603 652 11
926 1007 20
706 760 7
570 686 14
824 908 15
867 917 18
922 973 2
1013 1117 21
746 827 6
943 1044 22
691 748 6
831 943 13
922 1034 19
783 906 16
955 1024 27
787 868 23
899 966 16
871 931 26
497 600 22
418 476 15
942 1037 1
511 612 25
714 815 9
639 691 10
879 943 26
408 521 15
652 716 1
805 910 22
983 1060 20
800 865 9
918 989 1
961 1036 11
604 672 0
930 992 9
798 862 14
730 863 24
905 959 3
731 842 26
772 885 24
858 945 12
418 490 24
1058 1086 0
1065 1188 20
862 913 14
772 874 7
882 909 4
1036 1100 19
954 1016 4
933 981 26
747 841 2
840 906 9
887 963 6
406 461 11
503 620 14
574 697 3
478 567 8
653 722 11
572 633 15
846 904 9
539 624 23
877 955 4
1038 1120 10
516 587 24
560 602 3
744 818 23
720 770 16
1030 1113 20
826 888 6
904 989 9
867 946 19
999 1083 12
636 668 27
914 990 14
467 537 12
983 1100 22
510 602 23
716 753 25
598 664 12
876 909 5
728 863 0
804 859 2
547 675 16
899 983 1
722 823 15
847 987 1
907 966 20
1115 1185 20
517 576 2
985 1083 12
907 1005 2
834 913 17
994 1084 18
812 859 19
550 630 8
983 1057 0
983 1056 11
995 1113 9
405 502 12
1028 1116 16
405 524 13
1092 1176 17
704 775 3
736 802 3
606 673 15
992 1059 14
750 832 12
1051 1121 13
479 552 27
723 815 12
460 505 5
804 936 24
874 979 9
803 869 7
548 657 21
407 455 5
1059 1139 14
587 673 12
811 913 17
832 898 21
664 748 18
870 938 24
867 1000 0
930 1008 20
792 873 18
429 499 19
865 943 18
731 830 23
521 611 1
728 847 23
779 826 27
798 904 1
635 756 27
977 1082 23
834 901 6
962 1089 19
870 948 26
812 908 25
769 872 13
831 947 9
968 1032 0
1063 1187 26
922 995 16
693 792 9
816 874 10
620 661 0
758 854 6
405 530 23
703 752 3
1034 1086 5
760 841 27
895 975 1
582 691 23
870 1004 20
772 893 14
644 698 4
1009 1095 15
711 802 20
1033 1112 10
633 720 15
406 459 3
640 730 4
836 878 14
471 539 17
602 670 11
554 609 27
1037 1156 19
480 549 3
682 744 16
622 683 14
796 869 8
996 1060 9
706 781 3
589 701 19
485 606 10
867 926 23
875 965 24
806 865 8
512 599 15
924 1046 16
825 914 8
990 1098 1
502 564 10
825 914 19
748 836 6
672 748 0
769 813 7
980 1073 15
517 597 22
736 799 23
906 979 9
1012 1049 13
795 887 15
1130 1184 10
896 974 4
1015 1086 26
786 845 19
479 584 15
850 937 1
755 832 0
1117 1187 9
937 990 24
1019 1116 4
1052 1086 13
761 890 3
568 625 8
700 807 27
984 1110 1
768 831 25
763 862 16
749 812 18
807 914 22
603 735 15
630 694 24
684 770 14
504 605 2
465 557 3
586 657 15
984 1055 9
826 910 27
744 853 27
933 1021 2
943 1079 26
914 978 22
731 825 23
855 953 6
721 793 27
591 694 22
981 1089 9
1028 1088 3
997 1083 16
904 996 14
811 889 2
774 912 11
980 1072 2
1033 1136 0
563 595 15
1089 1186 5
1060 1186 4
795 881 7
615 733 25
694 772 14
1116 1190 4
1064 1182 26
797 842 14
870 998 21
862 956 25
901 1004 18
563 620 14
963 1059 11
727 838 25
706 768 7
799 863 17
647 715 27
843 910 2
712 756 17
677 781 21
872 944 13
881 965 2
493 625 18
940 1030 23
885 946 17
747 814 13
1064 1100 9
847 972 3
793 895 20
630 745 12
491 557 2
530 597 23
564 647 10
910 1004 25
589 649 24
787 868 18
735 793 4
784 898 3
1044 1167 23
706 852 17
765 836 19
611 745 10
849 945 14
863 956 17
731 784 16
998 1042 3
736 827 11
711 775 9
969 1020 11
636 682 21
610 715 23
836 899 8
801 910 10
820 935 12
821 866 23
723 815 21
865 935 6
571 694 21
948 1055 14
863 948 9
635 707 8
1027 1131 6
810 919 8
819 869 17
997 1089 7
740 826 13
1124 1187 13
738 859 4
824 889 24
837 911 20
806 947 3
1099 1149 15
988 1085 18
722 767 15
626 726 25
780 846 10
775 865 19
849 902 14
967 1040 6
544 672 17
961 1050 6
860 940 25
514 585 16
1023 1087 1
1085 1188 23
810 906 17
865 935 23
864 934 19
1090 1185 7
853 955 17
881 979 8
947 1050 9
955 1005 24
780 839 7
720 805 4
719 801 23
728 818 6
681 761 17
647 694 5
658 734 1
695 840 21
845 906 14
1109 1190 20
770 873 16
1086 1189 22
905 1004 1
963 1048 19
887 971 15
582 629 26
666 714 21
793 898 25
633 764 26
864 995 4
745 819 12
881 967 2
764 850 17
778 883 3
694 785 24
830 901 26
962 1101 9
920 950 12
1102 1187 1
598 643 15
765 851 0
544 620 13
887 949 24
588 650 15
817 898 21
813 934 21
1048 1185 6
604 702 22
758 824 17
869 984 7
597 627 4
817 892 7
532 619 20
869 943 7
553 623 1
984 1086 22
732 810 23
819 862 12
972 1089 15
806 858 16
795 898 18
895 1023 0
959 1017 17
728 845 10
720 856 20
902 997 8
858 957 0
732 853 2
721 821 27
632 778 13
960 1088 0
1016 1089 4
842 909 0
477 574 24
893 951 2
930 1049 0
899 993 13
912 987 7
785 863 24
834 938 23
909 981 20
928 1027 22
862 906 12
938 1024 1
425 521 23
488 585 15
708 747 8
415 502 20
974 1089 4
748 867 10
753 836 11
557 627 3
980 1089 10
654 758 3
954 1036 6
779 856 13
904 1015 12
1151 1185 15
1101 1189 9
515 600 3
762 830 7
615 705 5
1023 1086 0
607 653 3
736 798 19
620 709 1
837 913 6
699 758 22
826 894 23
825 905 6
983 1087 8
750 858 8
1102 1188 19
952 1011 6
645 724 16
962 1041 9
794 910 4
953 998 24
549 619 21
1047 1100 22
591 670 27
875 962 10
940 1010 25
524 611 13
621 718 14
711 772 10
935 1029 12
772 901 14
605 706 3
532 585 23
836 980 17
611 659 7
906 977 12
846 901 7
721 791 20
845 914 11
927 993 21
1020 1065 11
571 624 2
405 516 24
503 631 20
876 973 17
806 844 12
461 558 11
793 840 26
957 1025 17
1021 1120 12
873 939 16
630 679 3
684 782 21
661 733 0
589 624 24
630 704 4
677 794 27
697 803 23
792 862 27
669 769 23
980 1061 1
890 954 16
688 739 11
406 457 5
1083 1173 7
502 598 19
1056 1138 11
683 772 21
906 1029 14
838 923 3
1016 1080 24
559 657 3
956 1087 26
895 944 16
793 868 3
735 854 25
917 988 7
910 990 5
458 598 5
963 1018 10
649 780 24
1054 1088 9
1110 1188 1
687 823 16
886 1015 16
947 1025 3
919 977 18
671 800 24
792 867 9
883 921 3
759 822 22
865 912 16
840 913 21
536 644 5
665 744 7
1025 1089 1
608 702 2
1007 1088 1
717 806 2
505 622 12
1080 1174 1
483 568 13
960 1086 27
586 708 16
856 912 25
783 919 26
969 1007 10
648 767 15
814 911 18
600 682 20
807 911 23
466 535 5
714 777 2
1040 1081 6
965 1089 3
1101 1175 26
1051 1182 6
845 911 26
1057 1096 0
584 700 6
833 901 17
992 1082 24
744 829 11
1008 1071 20
977 1107 18
1030 1088 14
643 703 27
908 1040 25
737 817 8
620 690 13
646 748 5
1087 1188 22
1058 1186 14
558 648 11
972 1072 20
900 950 23
829 889 25
838 933 15
650 733 15
803 876 27
523 645 15
1005 1087 20
607 664 5
791 875 20
727 796 16
989 1083 1
882 1003 22
727 854 8
987 1087 7
977 1029 12
1042 1085 22
713 785 1
1006 1088 24
624 712 12
914 987 15
925 1050 15
845 909 19
923 1028 26
890 990 6
969 1072 2
492 570 19
688 769 12
848 916 23
646 752 8
830 912 2
916 1024 21
522 588 3
872 965 11
1109 1187 18
896 982 19
654 755 3
646 703 20
816 909 9
773 903 12
704 791 27
994 1035 5
453 538 19
891 1016 24
675 738 27
625 765 8
994 1086 13
1033 1069 21
974 1057 10
774 835 8
898 1007 7
1020 1103 24
627 771 9
952 1015 23
574 628 19
827 886 5
1060 1188 10
765 846 8
887 989 10
948 1056 18
857 970 20
714 755 13
837 925 11
914 995 22
888 999 5
927 1022 11
721 848 7
1097 1149 5
1013 1110 25
991 1073 10
700 761 6
611 736 13
933 1025 15
1028 1096 26
671 798 5
516 608 24
760 851 24
911 1007 2
1014 1086 4
945 1007 7
659 757 7
759 865 8
971 1032 20
539 611 5
1061 1189 27
680 740 3
649 786 24
830 911 11
990 1056 13
551 640 12
1025 1089 17
823 914 16
770 815 15
898 977 3
1136 1189 0
719 817 3
943 1037 18
891 1004 17
597 668 1
773 858 21
650 738 11
972 1023 3
925 1035 11
1104 1187 24
972 1038 2
708 763 16
854 932 7
878 923 20
980 1053 17
604 678 23
573 635 19
786 877 21
1008 1082 2
638 704 19
593 661 23
946 1017 13
791 843 24
1077 1124 25
1039 1083 2
980 1105 17
859 914 8
736 802 13
585 667 27
828 917 13
929 969 5
740 842 20
955 1042 4
1035 1091 11
854 975 22
884 954 18
1151 1186 4
784 841 10
630 699 18
1002 1080 21
877 973 18
1002 1083 21
763 829 16
802 860 3
1002 1102 0
1073 1137 20
1018 1075 17
844 942 12
919 1009 25
900 958 18
830 914 23
802 914 13
894 939 7
942 1020 26
1134 1174 0
845 951 26
757 798 7
548 613 0
738 818 27
917 992 23
807 904 16
916 997 4
631 672 25
1005 1089 23
647 695 10
973 1076 16
709 834 4
662 733 15
803 860 20
510 617 20
869 973 8
1032 1108 20
1056 1096 17
1062 1182 9
716 790 5
899 972 25
781 822 7
797 905 27
776 827 9
796 892 4
794 916 9
1106 1186 17
998 1080 21
1120 1186 11
573 719 13
923 1006 20
851 914 8
914 1020 12
951 1028 23
709 834 18
926 984 8
920 986 13
410 506 24
734 843 0
757 845 22
1037 1128 1
1008 1076 7
999 1086 4
761 829 6
934 1004 19
701 747 18
742 781 0
1030 1086 3
939 1015 7
998 1060 8
757 789 13
952 1003 20
1017 1127 23
860 914 20
979 1034 16
795 863 5
1091 1160 27
628 688 20
945 1012 13
625 711 2
1025 1081 15
831 904 11
742 816 3
621 698 0
826 921 27
692 777 13
735 829 25
924 1025 21
976 1024 24
982 1105 22
913 972 2
981 1069 18
800 901 5
626 743 21
813 862 23
789 899 13
1061 1128 11
848 912 0
997 1078 7
895 984 18
1041 1144 11
1098 1188 17
1156 1189 19
892 1005 4
824 955 24
863 929 24
544 599 5
527 589 24
600 682 22
1100 1188 9
870 998 27
597 693 14
859 910 10
649 714 19
1040 1089 18
1127 1187 25
1121 1188 16
667 735 12
761 899 22
711 849 5
684 762 22
929 1012 27
854 983 7
952 1049 12
868 913 23
864 910 17
719 800 19
753 826 18
717 779 1
1139 1188 20
786 889 18
723 789 14
829 914 6
854 959 10
785 910 1
738 805 11
733 847 15
1009 1049 19
693 788 19
806 861 19
1079 1185 26
749 869 15
672 728 27
608 705 24
823 910 7
989 1038 7
1017 1089 17
1005 1086 24
892 997 24
1093 1186 3
1036 1169 12
860 909 10
980 1089 10
1015 1089 7
717 791 21
717 789 12
989 1023 13
699 755 10
799 869 7
544 593 25
929 1010 24
847 916 19
878 915 14
854 912 25
838 906 18
777 836 13
848 972 19
757 841 5
923 1045 3
1117 1174 9
847 912 12
727 813 13
713 823 12
875 931 21
1072 1136 20
835 924 8
968 1070 16
1007 1076 14
714 799 20
723 827 11
1007 1088 7
737 803 12
727 787 11
1008 1089 10
954 1078 26
662 744 23
784 875 16
705 814 24
531 570 23
896 996 5
942 1009 12
841 934 8
826 882 3
882 986 16
777 832 9
995 1088 22
870 914 24
793 912 14
819 914 15
1132 1188 22
1013 1107 13
702 790 14
737 848 1
638 725 1
1050 1101 15
669 760 1
1052 1184 19
746 813 23
632 716 24
858 906 5
755 857 10
985 1073 19
900 993 18
967 1004 20
800 864 14
1120 1187 10
815 905 11
1051 1137 19
875 912 10
673 785 25
576 716 23
988 1067 8
964 1091 18
659 786 3
956 1079 25
1015 1087 17
589 678 3
889 1000 5
975 1085 8
944 1085 3
1028 1087 13
1008 1088 24
1139 1188 19
808 869 23
1139 1189 14
965 1046 17
1029 1089 12
1079 1179 13
847 914 15
704 790 0
1060 1176 18
803 913 24
1071 1188 8
909 1015 4
734 841 1
805 920 4
971 1091 2
830 913 3
906 1002 17
833 911 9
822 914 22
902 980 26
505 582 5
843 911 24
1120 1187 21
1010 1076 16
808 914 12
939 1058 16
1046 1086 3
1027 1101 13
978 1074 3
784 895 0
694 778 10
814 914 24
1003 1060 20
662 808 24
1029 1076 2
1058 1103 6
576 709 2
1014 1089 27
763 902 1
981 1089 26
1100 1183 18
937 1056 7
1009 1089 12
625 712 23
1050 1121 12
946 1001 12
1098 1185 26
924 1019 8
1031 1086 8
827 914 27
998 1089 27
621 759 27
780 912 1
1122 1186 12
982 1074 5
919 1011 9
851 914 24
769 839 15
966 1068 18
648 726 15
692 793 20
786 834 3
1069 1172 11
855 918 20
1075 1188 18
684 740 23
948 1014 3
1006 1070 5
726 804 23
856 914 16
1040 1090 25
650 775 12
1029 1129 27
744 830 23
755 823 2
951 1058 22
987 1096 15
1024 1086 24
877 992 5
1060 1123 20
1059 1132 16
1012 1074 15
1008 1089 18
791 889 19
1042 1116 9
1029 1098 23
811 906 2
775 875 1
966 1089 11
1005 1090 4
990 1053 7
1031 1114 3
602 707 5
893 983 21
818 909 20
718 822 23
827 898 23
805 914 11
856 943 25
786 832 25
1109 1189 13
1082 1170 21
844 917 27
970 1084 5
868 914 9
872 934 16
625 752 5
1120 1182 3
1124 1189 12
1101 1182 15
836 913 4
909 1008 11
1062 1186 8
811 935 27
877 913 15
951 1090 23
804 887 8
859 938 27
835 904 15
781 857 21
765 830 15
799 869 0
771 840 23
1138 1190 11
1101 1188 2
765 827 3
607 665 19
840 914 15
704 841 22
619 747 20
870 914 7
876 944 16
678 771 3
747 823 7
966 1067 27
895 936 0
1083 1187 15
842 906 1
769 910 5
680 771 19
921 1040 4
829 912 3
988 1082 2
1018 1088 10
780 899 10
1015 1089 4
1036 1117 5
881 956 27
832 907 15
1009 1088 25
1109 1189 22
856 908 13
834 912 7
914 1006 19
934 1059 21
1077 1126 27
889 998 19
818 904 23
999 1079 19
870 911 0
1121 1187 9
1128 1189 1
1007 1124 18
1017 1069 12
779 899 22
879 913 14
1013 1126 9
1111 1187 25
1024 1088 3
875 939 3
1020 1087 26
1020 1088 8
854 909 2
582 716 5
1116 1187 23
974 1086 18
750 826 20
1085 1163 12
980 1086 24
1002 1089 17
950 1080 25
997 1086 6
1076 1156 5
718 789 2
898 946 19
1075 1189 10
1046 1082 17
1098 1189 25
673 756 5
1004 1087 25
739 819 27
914 996 13
821 903 13
1104 1181 15
999 1089 5
1026 1083 16
858 911 21
712 771 5
980 1048 26
945 995 3
1044 1180 16
1001 1088 21
877 914 23
1007 1089 19
1139 1188 14
1002 1085 13
877 958 27
1003 1088 5
794 913 27
1050 1088 26
911 1018 18
931 978 19
1109 1189 20
1043 1086 3
716 822 5
939 979 27
776 822 18
1002 1081 27
748 838 21
1070 1187 12
1044 1115 4
772 910 27
1010 1049 24
1131 1163 23
811 891 23
824 919 18
847 913 5
823 914 12
1101 1189 22
1114 1187 6
944 1024 16
959 1067 9
829 913 20
921 1014 18
1095 1183 27
772 842 3
866 913 19
1010 1081 20
1136 1190 20
804 904 20
796 905 21
1088 1189 3
1117 1189 5
1011 1085 11
723 794 26
898 989 7
776 889 20
999 1081 3
708 768 19
590 694 15
996 1086 13
838 913 21
1081 1186 16
1099 1186 2
1054 1137 7
1123 1189 20
1128 1180 9
950 1040 19
838 903 9
1007 1127 20
1154 1189 11
1118 1186 13
874 937 23
974 1054 19
829 897 18
1054 1084 19
769 850 13
1003 1082 22
979 1089 19
1065 1189 7
801 907 25
973 1057 2
731 861 15
825 913 2
1089 1181 18
1025 1089 16
892 1000 8
940 999 0
794 912 5
950 1034 16
1079 1151 16
1000 1081 18
1005 1089 8
728 833 19
939 1058 23
878 1002 7
819 912 27
1129 1188 11
1044 1094 19
701 762 15
1103 1189 0
791 856 12
781 900 15
1054 1086 0
833 912 25
805 878 2
840 945 23
946 1007 23
1062 1189 22
810 901 15
822 915 5
1026 1077 21
1074 1159 16
1006 1123 7
1057 1130 12
806 888 26
1115 1186 4
831 911 11
963 1089 27
1000 1047 20
1050 1089 24
773 899 5
962 1089 27
1132 1189 6
742 813 24
1071 1172 20
965 1052 24
1048 1089 4
1009 1088 23
831 912 23
863 914 15
837 911 16
832 914 25
1068 1186 18
1091 1187 8
940 1045 8
877 912 1
842 914 3
1023 1089 11
835 914 3
1135 1186 27
835 906 19
856 994 12
858 914 10
1127 1188 20
1095 1177 19
828 904 27
999 1082 7
839 914 13
872 913 23
965 1049 10
1015 1071 18
1087 1180 18
1041 1159 2
791 890 12
829 914 24
848 904 22
919 971 27
977 1089 27
786 913 19
1132 1188 7
999 1089 12
869 912 8
795 896 19
874 975 13
814 899 13
1138 1189 7
1132 1189 16
1072 1178 9
991 1081 20
1006 1085 0
Shifts = 4
0 0 0 0 0 0
405 0 0 510 0 0
630 0 0 460 0 0
720 0 0 470 0 0
Employees = 20
695: 1 5 6 10 11 19 29 30 35 40 42 45 46 47 48 54 58 59 61 69 70 71 72 73 75 76 79 80 83 88 90 92 93 101 105 106 109 118 122 123 127 129 134 135 137 138 139 143 150 156 157 158 174 182 183 185 186 188 190 192 196 199 201 211 212 218 219 222 225 235 236 237 238 242 244 249 250 254 257 259 262 265 266 270 272 275 278 281 284 288 291 292 295 297 300 301 303 306 307 308 309 310 311 313 318 319 326 327 331 333 337 340 345 347 348 357 362 368 375 376 379 381 384 391 394 395 396 397 410 415 417 423 426 447 448 454 458 459 460 463 469 476 480 483 489 491 492 494 497 501 517 523 528 532 534 544 545 547 548 550 557 561 566 568 571 574 582 584 587 592 608 614 615 616 619 620 627 628 631 633 637 646 647 648 651 654 655 659 661 663 665 669 672 678 680 681 694 695 703 712 713 714 722 723 725 726 732 733 734 738 744 749 750 751 754 755 760 761 765 766 767 768 772 774 775 781 782 783 784 790 798 804 805 808 810 812 814 815 816 823 824 826 828 830 838 841 845 852 853 859 861 862 864 865 868 869 870 873 875 877 878 886 894 895 896 897 908 909 911 916 918 921 923 926 930 932 936 937 940 946 951 953 956 959 965 968 972 976 978 986 989 990 991 992 995 998 1000 1005 1010 1011 1016 1017 1019 1020 1021 1025 1026 1029 1031 1036 1042 1046 1051 1054 1056 1058 1061 1067 1074 1075 1090 1091 1092 1093 1099 1103 1112 1118 1122 1124 1129 1130 1133 1136 1139 1140 1141 1142 1143 1144 1145 1146 1147 1148 1150 1151 1152 1154 1155 1161 1162 1163 1167 1172 1177 1178 1179 1184 1186 1192 1193 1194 1199 1202 1206 1211 1212 1218 1220 1223 1224 1225 1226 1229 1232 1233 1235 1238 1240 1242 1245 1248 1254 1262 1263 1266 1267 1268 1271 1273 1275 1277 1279 1281 1283 1284 1286 1291 1292 1293 1294 1307 1309 1310 1311 1312 1313 1314 1315 1317 1318 1319 1321 1325 1327 1332 1335 1336 1337 1338 1345 1346 1349 1355 1360 1362 1366 1370 1372 1378 1383 1385 1387 1388 1389 1390 1396 1402 1410 1411 1412 1415 1420 1422 1424 1426 1427 1429 1432 1436 1437 1439 1444 1446 1453 1454 1455 1456 1470 1471 1472 1473 1474 1479 1480 1482 1486 1487 1489 1492 1494 1495 1500 1505 1507 1512 1514 1517 1519 1526 1531 1538 1545 1547 1548 1554 1560 1561 1573 1576 1585 1586 1587 1589 1595 1597 1598 1599 1601 1602 1604 1608 1610 1613 1614 1618 1620 1621 1624 1625 1626 1627 1630 1644 1646 1648 1650 1652 1653 1656 1659 1661 1664 1665 1666 1667 1673 1675 1677 1678 1680 1681 1682 1686 1689 1690 1694 1696 1697 1707 1712 1713 1714 1717 1720 1724 1729 1730 1731 1732 1735 1737 1745 1747 1755 1758 1761 1774 1777 1778 1779 1783 1790 1796 1802 1803 1807 1811 1813 1814 1821 1823 1834 1835 1843 1847 1850 1851 1852 1853 1854 1861 1862 1863 1865 1867 1869 1874 1883 1885 1887 1888 1897 1907 1912 1913 1914 1915 1916 1919 1927 1930 1933 1934 1935 1940 1941 1956 1958 1960 1963 1965 1966 1967 1972 1981 1982 1983 1984 1987 1989 1991 1994 1996 1999 2000 2004 2007 2008 2014 2018 2021 2022 2023 2024 2025 2027 2030 2041 2047 2049 2054 2056 2058 2061 2063 2064 2066 2067 2068 2069 2079 2081 2082 2091 2093 2099 2101 2103 2104 2105 2114 2115 2116 2118 2120 2125 2129 2130 2131 2138 2140 2144 2148 2149 2157 2161 2163 2164 2169 2171 2175 2176 2180 2181 2183 2186 2188 2196 2201 2203 2207 2211 2215 2218 
674: 3 8 9 14 17 19 21 28 40 41 43 47 51 52 53 56 57 59 60 63 67 72 76 77 82 83 86 96 97 99 107 108 110 114 115 117 123 136 142 147 152 154 160 161 166 168 169 170 171 175 181 190 191 193 194 197 200 201 203 205 206 209 210 215 218 221 222 223 230 231 234 238 239 247 248 249 256 261 262 266 267 278 283 293 299 305 312 315 321 323 329 331 335 337 343 348 351 352 355 356 357 363 369 372 375 377 380 381 387 390 392 399 402 403 415 417 420 425 431 438 439 440 442 444 446 449 450 452 453 454 460 462 472 475 478 488 494 495 496 497 498 505 506 507 508 513 515 521 522 523 526 528 529 534 540 541 544 548 549 567 569 575 579 581 587 591 599 604 608 609 612 624 633 635 636 648 649 652 664 665 675 681 687 692 694 702 703 708 711 712 714 716 720 725 732 733 741 746 747 751 752 754 755 757 761 762 768 769 772 774 775 780 783 786 790 793 794 798 801 803 811 813 814 816 819 826 828 832 834 835 839 854 855 858 859 865 866 869 870 872 876 878 879 881 882 883 887 888 890 899 900 902 903 904 909 910 912 913 916 918 922 927 928 929 931 933 940 941 943 949 950 953 956 960 964 966 967 971 974 976 979 980 981 984 985 988 993 994 995 996 1000 1003 1005 1006 1011 1016 1023 1029 1031 1032 1033 1040 1042 1046 1048 1054 1058 1059 1062 1063 1064 1065 1068 1071 1073 1075 1076 1082 1091 1093 1095 1111 1115 1125 1128 1129 1135 1136 1137 1139 1142 1147 1148 1149 1156 1161 1164 1168 1177 1178 1182 1185 1191 1192 1193 1196 1200 1210 1212 1213 1214 1217 1218 1219 1227 1229 1230 1234 1235 1237 1238 1242 1248 1250 1252 1253 1255 1263 1265 1268 1273 1281 1283 1287 1289 1293 1294 1295 1298 1301 1306 1310 1311 1312 1317 1318 1319 1321 1325 1326 1328 1330 1333 1339 1340 1341 1342 1348 1352 1357 1363 1364 1368 1369 1374 1379 1380 1381 1384 1386 1388 1389 1391 1399 1402 1412 1413 1416 1417 1421 1427 1430 1435 1439 1441 1442 1447 1448 1450 1451 1452 1453 1457 1462 1474 1476 1477 1481 1485 1490 1491 1496 1497 1499 1500 1501 1504 1507 1509 1510 1511 1516 1519 1520 1522 1526 1530 1533 1535 1537 1539 1542 1543 1544 1545 1546 1547 1548 1551 1558 1559 1560 1561 1565 1571 1573 1574 1579 1582 1587 1590 1600 1601 1606 1607 1610 1612 1616 1620 1625 1627 1635 1638 1641 1642 1643 1645 1648 1649 1653 1655 1656 1657 1665 1668 1671 1676 1681 1683 1689 1690 1695 1697 1698 1700 1701 1704 1708 1709 1713 1715 1718 1728 1731 1732 1740 1743 1745 1749 1753 1754 1757 1758 1764 1765 1767 1770 1774 1775 1777 1779 1782 1785 1786 1788 1790 1793 1794 1795 1796 1798 1802 1807 1810 1812 1814 1818 1820 1824 1831 1832 1839 1845 1846 1848 1849 1853 1854 1858 1864 1867 1872 1874 1875 1877 1881 1887 1888 1890 1891 1892 1895 1899 1902 1904 1906 1913 1915 1920 1921 1925 1926 1928 1929 1932 1934 1940 1942 1946 1948 1955 1959 1961 1968 1976 1979 1980 1983 1989 1994 1995 1996 1998 2002 2006 2009 2011 2014 2023 2051 2056 2060 2063 2066 2071 2074 2075 2082 2083 2086 2089 2094 2096 2098 2099 2100 2105 2108 2111 2112 2114 2116 2122 2124 2125 2127 2129 2131 2135 2137 2138 2143 2148 2153 2154 2156 2160 2163 2165 2168 2173 2177 2179 2184 2185 2194 2196 2199 2200 2201 2205 2207 2208 2213 
631: 5 9 11 21 30 31 32 34 38 42 46 47 49 51 52 56 65 67 69 73 76 77 78 79 87 89 95 102 115 118 120 123 125 126 130 136 140 141 144 145 150 151 152 154 157 161 162 165 175 180 183 188 198 202 203 206 207 209 210 211 219 222 223 225 226 227 230 234 237 239 240 244 245 246 247 250 258 259 261 269 274 283 292 293 294 296 297 302 303 305 306 308 309 310 316 317 318 323 329 330 337 342 347 349 352 353 354 360 366 373 374 376 377 383 384 396 398 399 402 404 406 407 408 412 419 420 426 428 429 432 433 439 440 445 446 449 456 457 458 462 463 467 471 474 475 483 484 485 488 489 498 507 509 510 512 513 524 530 536 539 540 551 553 555 556 557 563 564 573 574 583 584 591 592 597 601 603 609 611 612 614 626 627 629 634 635 646 648 652 655 656 658 665 666 668 673 674 675 677 678 683 690 697 700 708 711 713 721 722 726 730 735 736 742 744 746 747 749 751 762 763 767 772 777 780 786 791 793 795 802 804 805 809 816 818 819 825 826 827 829 832 837 841 843 845 851 852 854 855 857 858 861 867 868 877 880 882 887 889 895 903 911 914 917 919 921 922 924 925 926 928 929 933 935 944 946 950 955 956 957 960 963 965 966 976 977 979 980 983 996 1004 1006 1010 1013 1015 1021 1022 1025 1028 1029 1030 1034 1035 1042 1044 1053 1059 1064 1065 1067 1071 1072 1089 1090 1093 1098 1099 1101 1104 1105 1106 1110 1113 1119 1120 1124 1125 1126 1129 1133 1136 1140 1144 1146 1155 1156 1164 1173 1174 1175 1180 1182 1183 1187 1197 1200 1201 1204 1208 1209 1210 1211 1213 1217 1222 1223 1225 1227 1228 1237 1247 1250 1254 1258 1264 1265 1267 1272 1275 1284 1288 1294 1297 1303 1306 1307 1308 1309 1312 1314 1317 1320 1321 1324 1325 1337 1345 1346 1347 1355 1359 1360 1367 1369 1385 1386 1394 1397 1398 1399 1400 1403 1404 1406 1407 1415 1424 1425 1429 1430 1431 1434 1435 1449 1451 1457 1460 1461 1463 1472 1473 1474 1475 1478 1479 1481 1483 1484 1488 1489 1490 1491 1497 1498 1499 1501 1503 1507 1509 1511 1514 1517 1520 1522 1527 1531 1534 1539 1542 1545 1548 1560 1568 1579 1581 1582 1585 1586 1591 1592 1596 1598 1600 1606 1608 1610 1612 1613 1614 1620 1625 1628 1630 1637 1641 1642 1652 1653 1655 1660 1663 1667 1668 1673 1676 1684 1691 1694 1697 1698 1710 1711 1719 1720 1721 1722 1723 1725 1730 1732 1734 1737 1738 1740 1742 1754 1759 1760 1765 1766 1769 1770 1773 1780 1781 1791 1792 1797 1800 1803 1805 1809 1811 1815 1818 1820 1821 1822 1826 1827 1828 1833 1834 1838 1844 1845 1848 1851 1855 1861 1868 1873 1874 1875 1884 1885 1887 1889 1894 1896 1901 1908 1909 1912 1916 1923 1931 1944 1945 1953 1960 1967 1968 1976 1980 1984 1988 1989 1997 1999 2000 2005 2006 2007 2013 2016 2019 2020 2023 2033 2039 2040 2042 2047 2049 2064 2067 2070 2071 2073 2075 2076 2078 2082 2088 2089 2093 2100 2104 2109 2110 2113 2118 2123 2127 2130 2131 2132 2133 2138 2145 2149 2167 2169 2170 2174 2175 2183 2184 2186 2187 2190 2202 2206 2213 2215 2216 2217 2218 2219 2220 
660: 5 10 11 17 18 19 20 21 23 40 44 45 47 48 61 62 72 82 86 96 98 104 106 117 118 122 138 144 148 154 156 159 162 167 174 176 177 178 179 182 185 188 189 190 191 194 200 205 207 209 211 212 213 217 219 221 224 228 229 234 236 238 239 247 250 252 259 265 272 277 279 283 284 288 289 294 295 296 304 307 308 310 312 315 317 321 327 333 339 340 341 342 346 347 353 354 355 356 358 361 364 366 372 375 376 387 389 396 402 411 415 419 420 423 428 430 431 438 441 447 448 449 452 454 458 461 462 465 468 469 470 472 475 483 487 489 490 492 496 497 499 508 512 513 515 517 518 530 531 537 543 544 546 548 554 555 561 562 563 564 569 572 573 576 577 578 581 585 589 590 591 597 599 600 607 608 614 615 618 621 625 631 635 639 641 643 644 645 647 651 653 658 660 666 671 672 677 680 681 686 688 689 690 693 700 701 703 704 706 707 709 718 720 724 730 734 735 737 738 740 742 751 753 756 770 772 773 776 782 787 797 799 800 801 803 806 810 812 816 819 823 825 833 836 837 845 847 848 851 853 859 860 862 867 868 869 873 874 878 882 883 891 893 900 901 904 907 908 909 918 928 931 934 937 946 947 951 956 960 963 967 970 973 981 982 983 987 993 1003 1012 1015 1016 1017 1018 1023 1029 1033 1035 1043 1044 1045 1047 1048 1057 1058 1059 1060 1063 1064 1067 1073 1074 1078 1079 1081 1086 1088 1096 1097 1103 1106 1109 1111 1113 1123 1127 1137 1141 1142 1156 1157 1159 1161 1163 1176 1177 1179 1182 1186 1188 1191 1192 1195 1196 1202 1210 1211 1222 1223 1230 1233 1234 1237 1240 1241 1246 1252 1257 1259 1262 1268 1269 1270 1273 1276 1278 1284 1294 1295 1296 1298 1299 1306 1308 1309 1313 1319 1324 1325 1326 1328 1329 1330 1333 1334 1341 1342 1343 1344 1350 1351 1355 1357 1358 1370 1374 1375 1388 1389 1390 1393 1395 1396 1402 1403 1405 1408 1409 1410 1411 1413 1415 1417 1418 1422 1423 1428 1429 1430 1432 1438 1439 1440 1441 1443 1446 1450 1452 1453 1458 1460 1462 1466 1468 1471 1476 1477 1481 1488 1493 1497 1498 1499 1504 1506 1507 1512 1514 1518 1522 1525 1526 1530 1531 1536 1538 1540 1541 1542 1546 1551 1556 1560 1562 1565 1569 1575 1576 1577 1578 1579 1581 1582 1584 1586 1594 1596 1604 1605 1608 1616 1619 1622 1633 1640 1646 1648 1653 1656 1664 1669 1671 1675 1679 1681 1682 1687 1688 1689 1692 1693 1696 1698 1704 1720 1721 1722 1724 1728 1734 1736 1740 1741 1745 1747 1748 1749 1758 1759 1761 1767 1769 1773 1780 1784 1799 1801 1802 1805 1806 1811 1812 1814 1817 1819 1822 1824 1826 1830 1832 1835 1839 1841 1843 1844 1845 1853 1854 1861 1862 1864 1865 1866 1873 1887 1891 1893 1894 1896 1906 1907 1910 1911 1916 1921 1925 1937 1938 1943 1948 1965 1974 1979 1980 1982 1983 1987 1988 1989 1991 1992 1996 1997 1998 2000 2001 2004 2013 2017 2021 2022 2027 2030 2037 2038 2043 2044 2050 2053 2058 2060 2062 2067 2068 2070 2072 2079 2080 2083 2088 2090 2091 2094 2098 2099 2100 2102 2104 2110 2118 2121 2123 2124 2125 2131 2132 2135 2136 2139 2140 2142 2146 2148 2149 2151 2152 2153 2154 2167 2169 2170 2171 2172 2175 2176 2179 2184 2187 2189 2192 2197 2199 2200 2202 2208 2213 2214 2217 2218 2222 
649: 4 11 13 15 16 18 21 24 27 29 30 31 32 40 44 50 51 54 56 57 61 64 66 68 70 72 74 75 83 87 88 97 98 99 104 105 107 111 116 124 132 136 145 147 150 155 156 161 162 164 169 172 173 179 180 184 186 188 190 191 195 201 203 210 215 218 219 223 229 231 238 242 244 256 259 266 268 271 272 276 287 293 294 295 298 299 302 304 306 309 316 317 323 330 333 341 343 344 345 348 354 358 359 360 369 373 377 378 379 380 383 386 387 388 389 390 391 394 403 405 406 414 422 425 426 430 435 437 441 443 446 458 463 464 467 468 483 485 489 491 492 493 504 506 507 509 511 512 515 517 519 526 531 539 541 542 544 548 555 561 565 567 574 577 578 580 583 587 595 598 602 603 611 614 617 618 622 623 624 625 630 635 636 641 643 647 650 651 654 657 658 661 664 665 670 675 682 695 699 701 702 705 729 730 731 735 739 740 743 750 752 753 759 775 776 777 778 781 782 785 786 790 791 793 800 805 808 810 812 815 817 821 824 825 832 834 835 836 837 839 857 862 866 867 868 872 873 877 878 879 888 890 893 894 896 898 899 901 904 905 906 909 910 913 918 927 933 935 940 944 950 958 959 961 962 963 965 966 967 971 975 977 979 980 982 983 986 988 994 995 1003 1009 1014 1019 1021 1025 1027 1028 1030 1032 1033 1034 1036 1041 1043 1047 1048 1054 1057 1079 1085 1094 1097 1098 1105 1113 1116 1119 1120 1121 1122 1125 1126 1128 1135 1136 1141 1145 1147 1149 1150 1153 1155 1159 1163 1164 1167 1168 1173 1174 1177 1179 1183 1192 1193 1194 1196 1199 1201 1203 1208 1210 1212 1213 1215 1218 1221 1225 1227 1230 1231 1232 1237 1241 1245 1247 1248 1249 1250 1257 1258 1261 1266 1267 1277 1284 1285 1288 1289 1291 1292 1301 1302 1306 1313 1321 1322 1323 1324 1325 1326 1327 1329 1331 1334 1335 1336 1337 1342 1344 1347 1348 1354 1356 1362 1366 1367 1372 1373 1377 1381 1382 1383 1391 1401 1403 1405 1407 1408 1409 1415 1420 1421 1434 1440 1441 1453 1458 1461 1469 1471 1475 1484 1487 1488 1489 1492 1496 1501 1505 1508 1509 1514 1516 1520 1523 1531 1536 1543 1545 1549 1553 1559 1562 1563 1565 1568 1573 1574 1576 1585 1588 1590 1597 1602 1606 1607 1609 1611 1613 1614 1616 1617 1619 1620 1630 1634 1640 1641 1648 1649 1658 1660 1661 1662 1667 1668 1671 1677 1680 1695 1698 1702 1706 1707 1714 1716 1720 1723 1726 1728 1729 1733 1735 1736 1738 1739 1745 1748 1755 1757 1760 1763 1764 1767 1774 1778 1779 1791 1796 1799 1801 1812 1815 1816 1818 1826 1827 1828 1829 1831 1833 1836 1850 1861 1862 1867 1874 1875 1882 1883 1892 1896 1897 1899 1902 1905 1920 1922 1924 1925 1928 1929 1930 1934 1935 1943 1947 1952 1953 1954 1958 1960 1962 1967 1969 1972 1974 1978 1981 1982 1984 1992 1993 1996 1999 2001 2002 2006 2007 2008 2009 2010 2011 2013 2015 2017 2018 2021 2026 2029 2030 2032 2035 2040 2044 2049 2053 2055 2059 2065 2067 2070 2071 2072 2081 2086 2095 2098 2101 2103 2104 2106 2110 2111 2113 2115 2116 2121 2123 2128 2132 2133 2138 2141 2143 2147 2148 2149 2150 2153 2163 2164 2173 2179 2181 2182 2184 2192 2197 2198 2200 2206 2209 2210 2211 2215 2216 2217 
637: 0 1 4 10 14 15 16 20 21 22 23 28 35 43 44 46 50 51 52 53 55 57 58 59 66 67 68 69 72 73 79 80 82 84 92 96 98 112 114 119 126 130 136 138 141 144 145 146 149 157 158 161 162 165 166 170 171 177 178 182 185 189 195 196 199 201 202 205 209 210 211 212 214 219 221 227 228 233 235 236 240 241 248 249 256 257 258 261 269 270 274 277 280 283 284 294 296 303 304 305 306 320 323 327 328 329 331 332 333 337 350 352 353 355 356 358 359 363 364 370 371 373 376 382 384 389 390 394 396 397 402 403 405 410 418 419 424 429 431 434 449 459 461 462 466 474 477 479 480 484 487 488 491 492 494 495 500 503 507 509 516 518 519 523 525 528 530 534 535 542 543 544 547 549 551 571 581 585 586 587 588 589 592 594 598 603 604 608 609 612 616 625 628 641 654 669 670 673 674 675 677 678 679 681 683 691 695 697 699 703 704 705 707 709 711 712 714 716 718 723 726 735 737 739 741 745 748 759 767 768 771 776 780 781 782 784 789 792 793 796 797 809 815 817 821 822 825 830 832 833 836 837 845 846 854 855 856 859 868 873 875 876 882 893 896 897 901 906 911 917 920 921 925 928 929 934 936 938 939 947 949 955 958 959 961 965 966 968 971 972 979 982 987 990 991 992 993 998 999 1003 1004 1005 1006 1010 1018 1021 1022 1023 1029 1031 1038 1039 1042 1044 1045 1051 1055 1060 1064 1065 1068 1071 1072 1080 1082 1088 1095 1097 1111 1115 1120 1138 1144 1148 1149 1152 1154 1162 1170 1173 1176 1180 1181 1182 1184 1185 1187 1188 1190 1198 1200 1201 1209 1211 1215 1217 1221 1223 1226 1231 1232 1233 1239 1240 1243 1248 1249 1255 1257 1262 1266 1269 1272 1276 1277 1283 1284 1289 1292 1296 1306 1309 1312 1314 1315 1318 1320 1323 1326 1327 1332 1343 1345 1348 1358 1362 1365 1369 1374 1379 1380 1382 1383 1385 1389 1395 1405 1408 1409 1410 1414 1416 1421 1422 1428 1431 1435 1436 1439 1440 1462 1465 1467 1475 1476 1481 1483 1484 1489 1490 1495 1505 1506 1507 1513 1514 1515 1524 1525 1529 1531 1552 1557 1558 1562 1565 1572 1573 1574 1580 1583 1586 1589 1593 1594 1595 1606 1611 1613 1615 1616 1627 1629 1631 1632 1633 1636 1639 1641 1645 1647 1654 1656 1657 1664 1666 1670 1672 1673 1674 1677 1678 1679 1680 1683 1684 1690 1691 1694 1699 1707 1709 1713 1718 1720 1721 1722 1725 1727 1730 1740 1742 1755 1757 1760 1761 1766 1769 1780 1781 1787 1793 1794 1802 1805 1807 1808 1814 1818 1819 1830 1833 1838 1841 1845 1847 1848 1853 1857 1858 1860 1865 1867 1871 1878 1880 1882 1884 1888 1889 1894 1895 1896 1897 1899 1900 1901 1911 1917 1918 1919 1920 1921 1926 1931 1932 1936 1938 1940 1942 1943 1954 1955 1956 1961 1973 1974 1976 1987 1989 1996 2006 2009 2019 2030 2035 2039 2041 2042 2044 2046 2047 2051 2053 2057 2060 2066 2067 2076 2078 2082 2084 2085 2095 2096 2100 2103 2104 2105 2115 2118 2123 2129 2134 2135 2143 2148 2150 2153 2154 2155 2157 2162 2164 2165 2175 2176 2181 2182 2184 2185 2186 2187 2189 2190 2195 2198 2200 2201 2204 2207 2212 2213 2214 2217 2218 2222 
659: 0 2 12 13 14 18 19 20 21 24 26 35 38 40 41 42 43 47 48 49 50 51 54 55 61 66 77 79 82 83 84 85 86 101 102 103 108 109 110 112 114 117 126 127 130 131 133 134 136 138 144 145 150 156 160 161 163 164 165 166 168 172 174 176 181 182 188 191 194 195 196 200 202 216 218 221 224 226 231 235 239 245 251 254 255 261 267 270 272 277 283 286 288 291 292 298 303 304 306 309 310 311 316 318 320 324 325 328 329 333 337 353 359 360 368 373 376 387 400 403 407 412 416 418 419 422 424 430 432 433 434 439 442 444 445 446 450 451 452 454 455 456 459 461 462 463 465 468 469 472 475 478 481 482 484 486 487 488 489 492 494 496 507 510 511 515 519 521 527 531 532 533 536 538 544 545 547 549 550 555 558 563 567 582 585 586 587 593 594 598 602 605 607 608 611 615 617 619 620 622 624 626 628 629 630 632 635 637 638 643 645 646 649 650 652 653 654 656 657 661 665 668 670 677 681 683 686 688 690 696 698 701 704 705 708 710 712 714 715 719 729 736 738 739 742 748 750 757 761 763 772 775 778 779 780 785 794 795 799 801 809 815 816 828 832 834 835 838 839 848 854 855 856 857 858 869 874 877 881 883 890 892 895 897 903 908 910 920 921 924 927 929 934 941 945 949 950 952 955 964 966 971 973 974 975 976 978 988 992 997 1000 1004 1007 1012 1018 1024 1027 1030 1031 1033 1037 1038 1039 1046 1047 1052 1061 1063 1066 1074 1075 1077 1079 1083 1088 1091 1092 1095 1097 1099 1100 1112 1113 1114 1117 1119 1121 1122 1126 1130 1131 1132 1138 1139 1141 1143 1144 1150 1151 1153 1157 1164 1170 1172 1174 1180 1194 1196 1197 1204 1209 1211 1215 1217 1224 1225 1230 1231 1234 1236 1241 1244 1248 1249 1251 1255 1256 1258 1263 1266 1268 1270 1271 1275 1283 1284 1293 1303 1304 1305 1310 1317 1318 1320 1323 1331 1332 1338 1343 1348 1349 1350 1357 1359 1360 1361 1364 1366 1368 1372 1373 1376 1379 1380 1383 1387 1396 1398 1399 1402 1411 1415 1416 1419 1425 1432 1433 1435 1436 1437 1439 1441 1449 1450 1452 1456 1457 1459 1460 1464 1470 1485 1486 1488 1490 1494 1501 1504 1506 1514 1515 1523 1533 1538 1546 1552 1557 1558 1572 1573 1574 1576 1577 1578 1581 1584 1585 1587 1589 1590 1593 1606 1609 1610 1612 1613 1616 1620 1626 1629 1631 1633 1635 1639 1641 1642 1643 1645 1647 1651 1656 1662 1663 1670 1672 1675 1676 1677 1678 1680 1681 1683 1686 1698 1699 1700 1704 1707 1708 1709 1710 1712 1719 1722 1723 1725 1727 1728 1738 1739 1751 1755 1756 1758 1761 1765 1772 1774 1778 1781 1787 1798 1799 1800 1802 1803 1805 1812 1813 1828 1835 1837 1840 1841 1842 1843 1849 1857 1867 1869 1870 1871 1872 1874 1875 1876 1881 1888 1895 1898 1901 1903 1910 1914 1917 1918 1920 1924 1925 1926 1929 1933 1934 1944 1949 1950 1955 1960 1962 1969 1972 1974 1978 1981 1983 1984 1985 1988 1992 1994 2000 2001 2005 2008 2010 2014 2015 2020 2026 2027 2028 2033 2034 2036 2038 2045 2048 2050 2052 2056 2060 2062 2063 2068 2071 2073 2077 2078 2082 2091 2092 2093 2099 2102 2118 2123 2126 2130 2142 2145 2150 2162 2164 2166 2167 2171 2173 2178 2180 2186 2192 2194 2198 2206 2215 2216 2217 2218 2221 
680: 0 2 4 5 7 19 20 23 25 28 29 35 36 41 45 46 52 55 59 61 62 66 67 72 73 74 79 81 83 93 94 95 96 98 104 106 107 108 109 112 118 119 125 129 132 135 136 137 142 146 150 152 154 155 158 159 160 161 164 168 171 173 180 182 184 186 187 189 192 194 201 204 209 210 211 212 214 217 220 225 231 236 239 244 248 250 262 268 269 270 272 274 276 280 283 284 285 288 293 297 298 299 302 308 311 313 328 332 345 353 354 356 358 359 363 376 377 388 391 393 394 396 398 400 402 403 404 407 408 412 413 417 419 421 428 429 433 434 444 446 448 451 452 459 460 466 467 470 472 473 474 482 484 493 494 495 497 502 504 505 512 515 516 521 522 531 542 555 559 561 564 566 568 570 575 576 578 584 588 591 592 593 600 601 603 607 608 616 618 619 622 628 632 633 641 644 646 647 648 651 652 653 654 655 661 665 667 670 674 684 687 694 698 702 706 709 711 714 717 720 724 727 732 736 737 738 742 744 747 750 760 761 764 766 767 772 775 780 788 791 793 796 806 807 810 811 815 817 818 820 822 826 827 832 833 838 846 850 852 857 858 862 865 871 872 881 884 885 891 892 893 897 902 903 910 916 918 927 928 929 932 933 935 944 949 954 957 963 980 981 982 987 988 990 998 1000 1002 1007 1009 1012 1014 1015 1023 1027 1033 1036 1043 1044 1047 1048 1049 1050 1052 1055 1066 1069 1071 1072 1073 1074 1075 1077 1084 1088 1090 1097 1099 1105 1108 1109 1114 1126 1132 1139 1140 1141 1143 1145 1152 1156 1157 1163 1167 1169 1181 1182 1185 1187 1188 1193 1194 1198 1204 1213 1216 1219 1220 1223 1224 1227 1231 1234 1236 1239 1241 1242 1243 1247 1251 1255 1257 1259 1260 1263 1264 1265 1270 1274 1276 1286 1287 1288 1299 1300 1304 1311 1313 1316 1318 1325 1337 1340 1341 1347 1348 1351 1353 1355 1356 1361 1366 1367 1368 1371 1373 1375 1377 1379 1380 1381 1383 1386 1390 1392 1393 1396 1400 1402 1410 1416 1418 1421 1425 1428 1434 1445 1446 1448 1449 1450 1451 1457 1460 1461 1462 1468 1472 1477 1480 1487 1493 1494 1496 1502 1503 1508 1510 1511 1513 1514 1516 1517 1519 1524 1525 1527 1530 1531 1532 1536 1537 1543 1546 1548 1549 1552 1553 1556 1557 1558 1560 1561 1562 1565 1567 1569 1571 1572 1574 1578 1579 1580 1581 1582 1583 1590 1593 1594 1596 1598 1599 1600 1603 1605 1607 1608 1609 1613 1617 1621 1626 1629 1634 1636 1640 1641 1643 1644 1646 1649 1651 1656 1664 1673 1678 1680 1682 1685 1694 1695 1696 1700 1701 1703 1716 1717 1722 1725 1730 1731 1733 1734 1735 1736 1740 1742 1746 1748 1751 1756 1758 1764 1767 1769 1771 1774 1776 1781 1782 1786 1790 1794 1798 1799 1812 1813 1816 1818 1819 1826 1836 1838 1846 1849 1852 1855 1859 1871 1877 1878 1881 1882 1887 1888 1891 1902 1903 1904 1906 1908 1911 1913 1914 1920 1922 1925 1926 1930 1937 1939 1941 1942 1948 1949 1950 1952 1953 1954 1959 1962 1964 1965 1966 1970 1977 1980 1986 1987 1992 1995 1996 1997 1998 2003 2004 2006 2007 2011 2018 2024 2026 2027 2039 2047 2048 2051 2055 2057 2062 2065 2066 2067 2070 2071 2076 2079 2084 2085 2087 2094 2095 2098 2100 2105 2107 2108 2113 2114 2118 2120 2122 2128 2131 2134 2138 2143 2147 2148 2149 2153 2154 2155 2156 2157 2165 2168 2171 2172 2175 2176 2177 2189 2191 2193 2195 2203 2211 2215 2217 2221 
713: 3 4 6 11 17 20 21 25 28 37 41 46 48 49 51 52 55 58 61 65 66 68 78 79 80 85 91 93 94 97 98 102 103 104 112 113 119 125 126 127 128 130 132 137 138 142 149 150 155 160 161 163 164 166 170 171 172 173 179 183 189 192 196 197 198 200 201 202 207 211 217 224 233 234 235 238 239 242 245 247 249 250 255 274 278 282 283 285 287 291 296 301 307 315 317 318 319 321 322 323 327 331 335 338 342 347 351 354 359 361 370 373 374 376 379 381 385 388 389 391 393 394 398 399 402 404 408 410 412 415 419 420 426 428 435 440 443 444 448 451 453 454 459 468 469 472 475 488 490 491 492 494 499 502 506 507 511 517 526 527 529 530 532 534 535 536 537 545 552 553 556 568 569 574 575 580 582 584 587 588 597 600 604 607 612 618 622 627 629 630 635 637 638 639 640 641 644 649 651 662 663 666 667 671 677 682 684 686 687 688 690 691 693 696 697 698 701 707 714 715 717 718 719 724 728 732 735 738 740 745 751 752 753 754 759 764 765 769 770 772 773 774 776 777 780 782 786 787 788 791 792 793 794 795 799 802 803 804 820 821 822 824 828 829 838 839 841 842 846 849 854 861 868 870 872 877 882 884 887 899 900 901 903 904 906 909 912 913 914 915 916 917 920 921 925 926 927 928 930 931 932 935 939 943 951 952 964 967 971 976 982 983 985 986 991 995 998 1001 1002 1006 1007 1009 1011 1014 1015 1017 1018 1024 1028 1029 1035 1037 1038 1040 1049 1050 1052 1062 1064 1068 1076 1078 1079 1083 1088 1089 1090 1091 1093 1094 1095 1109 1117 1130 1140 1143 1144 1158 1160 1161 1167 1170 1171 1174 1177 1178 1184 1189 1193 1195 1196 1202 1205 1209 1210 1214 1215 1217 1221 1226 1227 1230 1231 1232 1238 1239 1243 1244 1248 1250 1252 1256 1259 1262 1264 1265 1266 1272 1276 1281 1288 1292 1302 1303 1305 1308 1313 1315 1318 1330 1333 1334 1335 1340 1345 1347 1354 1355 1360 1361 1364 1368 1377 1378 1382 1383 1385 1387 1389 1391 1392 1393 1394 1395 1398 1399 1401 1402 1404 1406 1412 1413 1415 1419 1420 1421 1422 1426 1429 1434 1435 1438 1440 1446 1447 1456 1459 1461 1466 1469 1479 1483 1488 1489 1492 1493 1496 1497 1501 1502 1506 1507 1515 1516 1520 1524 1528 1541 1544 1545 1546 1547 1552 1554 1560 1562 1564 1565 1567 1569 1571 1572 1573 1579 1580 1583 1585 1589 1591 1593 1597 1599 1600 1603 1604 1605 1609 1614 1622 1627 1628 1630 1632 1634 1640 1641 1642 1644 1645 1646 1652 1654 1656 1660 1661 1663 1664 1668 1672 1673 1676 1678 1680 1681 1683 1685 1688 1700 1701 1702 1704 1705 1711 1724 1726 1727 1730 1733 1738 1740 1741 1742 1744 1746 1747 1749 1752 1755 1757 1758 1759 1760 1766 1767 1769 1786 1788 1791 1805 1806 1809 1811 1813 1815 1816 1817 1823 1825 1828 1830 1831 1833 1835 1836 1837 1842 1850 1852 1854 1855 1865 1869 1877 1881 1882 1885 1886 1888 1890 1893 1894 1895 1896 1897 1899 1900 1902 1905 1907 1912 1913 1916 1917 1918 1921 1922 1924 1926 1927 1929 1931 1936 1940 1946 1950 1952 1961 1963 1966 1967 1970 1975 1978 1981 1986 1992 1993 1994 1995 1996 2000 2001 2005 2010 2015 2017 2018 2019 2020 2023 2024 2028 2030 2031 2038 2040 2042 2045 2050 2053 2055 2058 2063 2064 2065 2070 2071 2072 2073 2075 2080 2083 2085 2089 2092 2097 2100 2104 2106 2107 2109 2112 2113 2116 2125 2134 2135 2136 2137 2139 2141 2142 2147 2151 2156 2158 2160 2165 2167 2180 2182 2183 2187 2189 2193 2194 2195 2200 2205 2211 2212 2221 2222 
681: 0 1 2 3 11 14 18 20 22 25 46 50 53 55 57 60 61 62 65 67 71 72 74 76 84 85 87 89 95 97 98 100 103 113 115 118 119 120 123 125 133 134 135 137 139 142 145 146 148 149 154 156 160 165 167 168 170 173 174 178 181 185 186 187 191 194 196 198 202 211 212 221 224 226 230 231 237 239 240 242 243 244 245 247 248 252 257 259 260 263 264 276 277 279 280 283 285 286 287 289 302 304 305 306 312 313 314 319 320 322 326 328 334 335 338 343 344 346 350 352 355 356 357 365 366 369 370 376 378 392 402 405 406 410 414 415 418 419 421 423 427 429 432 439 442 451 452 454 455 458 468 472 474 477 486 491 497 500 502 504 507 508 512 513 516 517 518 520 533 536 539 541 542 546 549 553 559 561 567 568 570 572 573 574 578 583 584 592 593 596 598 599 601 602 607 609 611 612 622 623 631 634 642 643 646 648 650 655 657 660 661 665 667 675 678 681 682 685 686 689 691 699 703 704 708 712 713 716 719 720 721 748 760 761 769 770 772 785 787 789 790 794 795 799 801 803 809 810 815 817 824 825 831 832 833 834 836 838 844 859 860 867 869 878 881 886 888 892 893 902 903 904 912 915 916 924 926 930 932 940 943 944 946 949 955 958 959 963 965 969 970 975 983 987 989 998 1025 1027 1030 1032 1040 1047 1054 1057 1061 1068 1070 1071 1074 1075 1079 1080 1084 1092 1093 1096 1097 1099 1103 1105 1109 1110 1111 1112 1116 1118 1133 1144 1147 1148 1149 1152 1154 1158 1159 1165 1166 1172 1175 1178 1179 1184 1185 1186 1187 1190 1192 1196 1203 1205 1206 1209 1210 1211 1215 1220 1221 1222 1229 1232 1233 1235 1237 1240 1245 1247 1249 1253 1255 1257 1258 1259 1262 1263 1265 1268 1271 1275 1297 1298 1301 1303 1305 1307 1309 1311 1312 1313 1315 1317 1325 1338 1351 1352 1353 1354 1355 1361 1366 1372 1382 1388 1390 1393 1399 1408 1409 1422 1425 1426 1427 1430 1432 1433 1434 1435 1439 1444 1445 1448 1449 1452 1455 1456 1458 1462 1463 1468 1470 1472 1473 1475 1476 1477 1482 1484 1488 1489 1490 1494 1499 1500 1503 1506 1511 1512 1515 1520 1522 1523 1524 1526 1531 1533 1534 1541 1543 1544 1547 1549 1550 1552 1553 1556 1557 1558 1559 1564 1570 1577 1583 1586 1587 1589 1595 1602 1613 1614 1615 1618 1620 1623 1637 1639 1643 1644 1645 1647 1655 1656 1657 1661 1671 1685 1686 1689 1691 1692 1694 1695 1698 1701 1702 1703 1707 1712 1715 1716 1717 1718 1720 1723 1725 1726 1728 1736 1737 1739 1741 1747 1749 1750 1753 1757 1762 1764 1767 1768 1770 1773 1778 1779 1780 1783 1786 1787 1793 1797 1800 1801 1804 1814 1815 1816 1817 1818 1821 1824 1825 1837 1842 1843 1848 1850 1851 1852 1856 1857 1859 1861 1864 1870 1872 1877 1886 1887 1890 1893 1895 1896 1898 1905 1907 1908 1909 1910 1920 1921 1924 1927 1930 1934 1935 1936 1937 1938 1945 1946 1947 1950 1951 1954 1955 1958 1959 1960 1965 1972 1973 1975 1981 1988 1989 1994 1995 1996 2000 2004 2006 2007 2010 2013 2015 2016 2017 2019 2023 2024 2026 2028 2033 2041 2042 2044 2045 2055 2057 2058 2059 2063 2064 2065 2068 2070 2076 2081 2086 2091 2092 2093 2095 2097 2098 2100 2103 2104 2105 2111 2114 2116 2118 2120 2122 2127 2130 2131 2132 2133 2141 2142 2144 2147 2149 2150 2151 2153 2160 2161 2164 2169 2173 2186 2189 2194 2196 2199 2209 2213 2214 2218 2222 
676: 0 2 12 14 16 21 22 23 25 26 28 33 38 42 43 45 49 56 57 58 66 68 69 73 75 77 79 80 81 83 84 90 100 101 104 115 116 117 122 134 137 140 145 146 148 156 162 163 167 169 171 184 185 188 191 198 201 204 206 208 209 214 215 216 217 220 221 222 224 226 227 231 232 233 234 236 242 245 253 255 256 257 261 263 266 271 273 275 276 281 282 285 287 289 290 292 295 299 300 306 307 309 316 318 319 320 322 325 328 329 334 337 338 339 341 346 351 354 359 361 363 364 366 368 369 372 379 387 394 401 403 404 407 408 413 414 416 419 420 428 429 432 433 434 435 436 438 439 444 445 446 449 451 456 457 460 467 477 479 481 484 492 494 496 500 502 504 505 508 510 512 515 525 529 534 536 541 546 553 563 568 570 572 573 574 575 580 585 586 594 599 602 603 607 614 616 617 620 631 634 635 638 640 641 642 643 645 655 660 662 664 668 669 675 679 681 689 691 692 693 696 701 707 710 712 714 715 717 718 719 721 726 728 733 745 746 747 749 762 763 766 767 768 769 770 771 773 775 776 779 780 782 784 785 789 797 805 808 812 813 817 821 822 829 832 833 836 838 839 841 847 854 858 859 860 863 865 870 880 882 884 887 892 893 895 896 897 904 905 906 908 914 915 917 918 926 933 936 942 947 948 953 956 959 972 975 978 981 982 983 989 991 992 994 995 996 1000 1005 1008 1012 1016 1018 1020 1022 1024 1025 1036 1049 1050 1056 1062 1063 1064 1065 1068 1070 1075 1076 1077 1078 1082 1086 1090 1096 1097 1101 1104 1105 1107 1109 1111 1112 1116 1117 1123 1124 1131 1135 1139 1140 1143 1145 1152 1156 1160 1168 1179 1183 1185 1187 1198 1205 1208 1212 1218 1223 1224 1230 1231 1233 1234 1242 1244 1246 1253 1254 1256 1260 1264 1273 1287 1288 1289 1293 1299 1302 1311 1312 1325 1327 1328 1336 1337 1338 1341 1344 1345 1349 1352 1358 1367 1368 1369 1370 1371 1375 1384 1386 1387 1393 1394 1401 1404 1418 1423 1427 1432 1434 1436 1437 1439 1442 1445 1451 1452 1459 1465 1467 1471 1473 1475 1482 1484 1485 1489 1490 1492 1493 1499 1503 1506 1510 1511 1513 1516 1518 1520 1527 1530 1532 1534 1538 1539 1541 1543 1548 1549 1550 1552 1555 1556 1558 1560 1563 1565 1570 1577 1579 1581 1583 1589 1590 1593 1595 1596 1597 1601 1604 1608 1616 1619 1621 1625 1630 1633 1635 1638 1639 1640 1641 1644 1652 1654 1662 1666 1680 1682 1683 1693 1696 1703 1709 1712 1717 1719 1720 1723 1732 1733 1735 1741 1744 1747 1755 1759 1761 1764 1766 1768 1772 1776 1779 1781 1785 1786 1788 1790 1793 1801 1805 1806 1808 1809 1810 1812 1819 1823 1824 1827 1828 1829 1832 1833 1837 1839 1840 1841 1846 1850 1852 1854 1856 1865 1872 1876 1877 1878 1879 1883 1885 1890 1892 1905 1907 1908 1909 1916 1918 1920 1925 1926 1927 1928 1933 1934 1935 1937 1940 1944 1957 1958 1960 1962 1964 1966 1969 1971 1977 1984 1987 1989 1993 1996 2000 2006 2007 2012 2013 2017 2020 2021 2023 2027 2028 2032 2033 2034 2037 2041 2042 2044 2058 2059 2060 2065 2073 2078 2080 2081 2084 2089 2090 2091 2093 2098 2099 2104 2106 2108 2110 2112 2115 2117 2119 2121 2123 2127 2130 2138 2141 2142 2144 2145 2147 2149 2151 2153 2154 2158 2160 2164 2165 2171 2177 2187 2190 2192 2194 2196 2202 2205 2207 2209 2210 2212 2216 
654: 6 8 11 12 14 16 24 26 28 32 34 36 41 51 56 59 60 61 65 66 67 68 72 76 77 83 86 94 95 98 100 102 108 110 112 120 123 127 128 129 134 137 140 141 143 151 153 155 159 161 167 176 177 182 191 207 210 211 215 219 225 227 228 232 236 237 245 247 253 255 259 268 270 271 272 280 284 285 286 290 292 294 295 298 299 300 302 303 304 307 310 311 315 316 318 319 322 323 325 329 332 335 342 347 348 352 357 365 366 369 370 373 374 375 379 381 389 392 393 403 405 411 412 413 415 419 424 433 437 441 442 445 447 449 450 452 458 460 463 464 465 470 473 477 480 481 492 493 496 498 500 502 503 506 507 509 514 516 520 526 528 532 534 536 539 542 543 545 549 551 553 556 560 563 566 567 577 580 587 592 595 596 602 607 609 610 615 616 621 627 629 633 639 643 650 659 662 663 666 668 672 680 682 683 698 699 700 708 710 713 715 716 717 719 720 722 724 726 730 733 735 737 740 742 749 754 764 768 778 779 784 788 795 796 797 800 802 804 817 826 832 841 843 844 845 852 853 854 856 859 862 866 868 869 871 874 878 882 894 898 907 910 921 928 930 935 936 937 943 945 950 956 957 960 961 963 964 965 966 969 970 973 974 975 977 978 981 984 986 991 993 994 997 999 1000 1004 1006 1012 1013 1015 1016 1017 1019 1022 1024 1025 1026 1027 1031 1035 1040 1045 1052 1055 1063 1067 1068 1071 1073 1076 1078 1081 1087 1092 1093 1095 1101 1108 1110 1125 1128 1129 1133 1135 1137 1138 1141 1143 1148 1149 1151 1155 1158 1162 1165 1166 1168 1170 1171 1178 1179 1180 1181 1182 1187 1193 1196 1198 1199 1204 1209 1221 1222 1226 1227 1229 1234 1238 1241 1245 1250 1252 1255 1256 1259 1265 1268 1270 1273 1276 1279 1281 1283 1287 1294 1295 1298 1301 1311 1312 1315 1322 1323 1328 1329 1332 1334 1339 1341 1342 1347 1348 1349 1362 1365 1370 1376 1378 1380 1381 1382 1383 1388 1391 1394 1399 1401 1402 1405 1406 1410 1411 1413 1415 1417 1419 1422 1423 1425 1427 1428 1435 1437 1438 1447 1448 1450 1462 1467 1470 1471 1472 1474 1478 1485 1489 1490 1492 1494 1496 1497 1503 1504 1506 1507 1512 1513 1515 1518 1524 1526 1527 1539 1543 1544 1546 1549 1555 1558 1561 1562 1563 1568 1569 1572 1573 1578 1583 1584 1587 1595 1599 1600 1604 1605 1607 1609 1610 1616 1621 1623 1624 1629 1635 1640 1645 1658 1665 1666 1671 1677 1681 1682 1688 1691 1693 1694 1702 1704 1706 1710 1711 1713 1720 1725 1728 1731 1732 1736 1738 1741 1743 1749 1750 1756 1759 1765 1769 1771 1772 1774 1776 1780 1786 1787 1789 1794 1798 1809 1811 1812 1815 1816 1818 1821 1822 1823 1824 1829 1831 1849 1850 1852 1872 1874 1876 1878 1879 1887 1892 1893 1903 1904 1906 1908 1914 1916 1921 1922 1925 1928 1931 1932 1934 1939 1942 1950 1954 1956 1959 1963 1967 1970 1976 1988 1990 1997 2005 2012 2013 2015 2019 2020 2022 2023 2025 2026 2030 2031 2033 2034 2037 2038 2039 2049 2052 2053 2058 2062 2064 2066 2067 2070 2071 2072 2074 2078 2079 2081 2082 2088 2092 2095 2096 2098 2106 2112 2114 2127 2130 2131 2132 2138 2140 2141 2142 2146 2147 2151 2152 2159 2162 2167 2169 2172 2176 2184 2189 2191 2196 2204 2205 2210 2217 
667: 1 2 7 8 9 18 22 26 29 31 32 33 34 43 45 53 57 58 59 60 64 65 67 68 69 74 78 81 82 83 85 87 93 94 96 98 100 103 104 111 112 114 119 121 122 125 126 127 128 129 134 143 148 149 152 155 156 169 172 178 181 182 183 184 191 192 197 198 204 206 209 211 213 214 215 222 223 225 237 239 241 245 251 252 254 256 258 265 270 272 276 277 281 287 289 290 292 293 296 303 308 309 317 327 329 334 335 339 344 345 346 347 353 362 366 368 369 371 382 383 392 393 394 397 405 411 414 416 418 420 423 424 425 428 430 431 438 440 445 450 451 452 454 455 457 465 466 468 469 471 472 473 474 485 486 490 491 492 496 501 513 515 517 529 530 537 538 539 542 543 544 547 548 550 551 553 554 555 560 561 566 567 572 575 579 582 590 593 594 597 601 603 607 609 613 614 617 623 624 628 631 635 643 644 646 649 652 653 664 665 670 671 672 674 676 677 680 688 696 700 707 716 721 723 724 727 728 738 739 751 754 757 761 762 763 765 766 767 769 774 781 782 789 790 793 799 808 809 811 813 814 818 820 828 840 842 843 844 847 849 850 851 855 857 858 862 864 871 875 877 881 886 887 889 897 898 907 909 913 915 919 922 925 932 939 940 943 947 949 954 958 962 967 969 971 978 987 990 996 1000 1005 1014 1016 1018 1019 1029 1030 1045 1049 1050 1053 1056 1058 1060 1063 1069 1070 1073 1079 1083 1084 1085 1086 1087 1088 1093 1095 1098 1100 1101 1104 1111 1112 1115 1118 1119 1124 1127 1129 1134 1135 1140 1141 1148 1149 1152 1153 1156 1157 1164 1170 1175 1176 1178 1184 1185 1188 1191 1194 1197 1199 1204 1208 1211 1216 1220 1223 1228 1230 1231 1234 1237 1240 1242 1246 1248 1249 1250 1253 1262 1264 1265 1266 1270 1275 1279 1282 1284 1285 1292 1294 1296 1297 1298 1300 1303 1315 1319 1320 1327 1333 1336 1337 1344 1346 1349 1351 1352 1354 1364 1366 1372 1373 1375 1376 1380 1382 1384 1385 1386 1390 1391 1397 1398 1399 1401 1402 1403 1405 1409 1411 1414 1415 1420 1425 1434 1435 1436 1437 1439 1440 1444 1446 1447 1448 1452 1461 1464 1468 1473 1476 1483 1487 1489 1490 1498 1502 1503 1507 1508 1515 1516 1519 1520 1523 1525 1529 1550 1552 1557 1558 1560 1562 1563 1565 1569 1571 1573 1575 1580 1586 1587 1592 1597 1598 1608 1609 1612 1616 1618 1619 1620 1621 1627 1633 1635 1638 1640 1643 1645 1654 1658 1661 1662 1665 1667 1675 1678 1681 1685 1688 1690 1691 1694 1701 1703 1704 1708 1709 1710 1711 1719 1720 1722 1729 1731 1734 1736 1738 1741 1742 1746 1747 1753 1755 1759 1766 1768 1771 1776 1779 1787 1788 1789 1793 1798 1799 1802 1804 1808 1814 1818 1821 1823 1825 1827 1829 1833 1844 1845 1848 1849 1850 1863 1865 1866 1870 1872 1878 1879 1883 1884 1885 1889 1891 1894 1896 1905 1908 1916 1928 1930 1932 1935 1936 1937 1951 1956 1962 1973 1979 1982 1983 1985 1988 1989 1996 2003 2004 2006 2007 2009 2014 2017 2022 2024 2026 2027 2028 2030 2031 2032 2035 2038 2042 2049 2056 2061 2064 2065 2071 2081 2082 2083 2088 2090 2093 2094 2098 2100 2101 2102 2103 2104 2105 2106 2107 2109 2110 2121 2123 2124 2129 2132 2133 2136 2139 2141 2142 2149 2151 2155 2158 2160 2163 2166 2173 2174 2178 2188 2190 2198 2206 2207 2210 2214 2221 
698: 4 7 8 12 15 20 21 27 30 37 38 40 43 45 46 50 51 52 53 55 57 59 61 64 65 67 73 76 79 81 84 87 88 92 93 94 95 96 98 103 105 109 112 117 120 122 124 128 133 140 144 145 147 149 152 157 160 162 163 164 167 176 178 181 185 188 189 191 195 196 197 199 209 211 214 226 227 232 238 239 244 246 247 252 256 261 264 268 269 275 281 283 284 285 287 288 289 290 303 304 313 317 318 324 327 329 332 338 339 340 342 346 347 353 365 367 369 370 375 378 382 383 385 386 391 393 397 400 404 408 410 414 423 428 430 434 435 437 438 446 451 454 461 467 475 476 479 486 488 489 492 495 496 499 502 503 504 506 512 516 518 519 524 525 526 535 538 541 543 545 546 549 550 556 557 558 560 561 565 566 567 568 569 577 581 590 597 598 600 608 610 613 617 621 624 630 631 632 643 650 652 654 655 662 663 664 667 671 678 679 680 684 685 689 690 695 697 698 700 701 704 711 713 718 721 722 723 724 727 729 736 737 743 746 751 757 771 772 773 775 779 781 783 784 785 790 794 795 797 798 799 806 812 815 819 823 830 831 833 834 838 841 847 848 849 851 855 856 859 864 867 869 873 876 879 880 885 889 895 898 899 902 906 908 911 912 913 915 922 928 929 931 933 934 935 939 945 951 955 959 962 966 969 975 980 984 994 999 1001 1002 1006 1007 1010 1021 1029 1032 1035 1039 1042 1046 1052 1053 1054 1055 1061 1065 1070 1078 1081 1089 1090 1095 1101 1110 1112 1114 1116 1123 1124 1126 1129 1133 1135 1136 1140 1141 1142 1143 1146 1150 1151 1153 1159 1164 1166 1167 1168 1169 1176 1178 1179 1180 1181 1185 1188 1190 1193 1201 1203 1204 1210 1211 1214 1216 1218 1220 1228 1231 1232 1234 1235 1236 1239 1240 1241 1249 1252 1254 1257 1261 1264 1269 1270 1272 1273 1276 1278 1284 1286 1294 1298 1299 1300 1305 1307 1308 1312 1313 1315 1316 1317 1320 1322 1332 1337 1338 1340 1342 1345 1349 1351 1357 1360 1363 1365 1366 1368 1374 1375 1376 1381 1388 1389 1390 1394 1397 1399 1401 1407 1410 1413 1416 1422 1426 1430 1431 1435 1438 1439 1444 1445 1446 1448 1450 1451 1452 1461 1464 1465 1466 1470 1471 1476 1477 1482 1483 1486 1491 1492 1507 1508 1510 1511 1521 1523 1524 1538 1542 1550 1552 1553 1554 1559 1565 1570 1571 1572 1580 1585 1588 1592 1595 1596 1603 1606 1615 1617 1619 1622 1630 1632 1637 1645 1648 1649 1651 1652 1654 1655 1665 1672 1673 1680 1685 1691 1693 1694 1695 1697 1706 1710 1711 1713 1721 1722 1723 1724 1725 1728 1733 1734 1735 1737 1741 1746 1747 1749 1750 1753 1754 1760 1762 1764 1773 1774 1778 1782 1784 1788 1789 1804 1805 1808 1809 1815 1817 1818 1820 1825 1827 1830 1831 1835 1837 1838 1842 1844 1845 1847 1848 1849 1853 1854 1856 1861 1862 1865 1879 1883 1884 1891 1893 1895 1900 1902 1904 1905 1906 1912 1915 1917 1919 1923 1924 1925 1927 1929 1930 1932 1936 1938 1942 1943 1945 1951 1956 1957 1958 1961 1962 1964 1971 1975 1981 1982 1989 1990 1991 1993 1995 1996 2006 2008 2010 2011 2014 2015 2017 2022 2024 2027 2029 2033 2034 2036 2037 2043 2045 2047 2048 2051 2057 2065 2067 2071 2072 2077 2079 2083 2085 2088 2089 2091 2092 2095 2096 2101 2104 2109 2111 2113 2116 2117 2120 2121 2122 2127 2129 2130 2131 2136 2141 2145 2152 2153 2159 2162 2165 2166 2169 2172 2176 2183 2185 2187 2189 2191 2194 2197 2198 2199 2200 2202 2205 2208 2209 2210 2218 
641: 2 3 4 7 10 13 14 16 18 20 21 22 25 30 33 35 36 38 39 42 44 50 52 55 56 63 67 72 73 75 78 86 88 89 90 91 92 95 99 102 105 107 110 112 113 119 123 125 128 129 134 136 139 140 142 145 149 150 154 156 157 163 166 167 178 191 192 200 202 205 212 213 217 218 223 225 229 233 234 236 237 238 241 244 246 249 254 255 262 264 270 275 276 278 281 285 288 290 296 298 299 300 302 305 309 314 318 322 332 335 339 341 345 350 352 355 357 366 369 370 372 373 374 375 378 379 381 383 386 387 389 399 400 409 415 418 421 422 425 426 427 429 444 445 449 456 460 463 466 468 473 478 479 480 487 488 495 500 504 505 506 507 514 528 531 532 537 540 541 549 556 557 558 561 567 568 576 582 587 588 591 592 595 596 603 610 617 621 623 628 631 632 639 644 647 651 652 654 656 662 663 667 668 670 671 678 681 684 685 688 689 690 700 707 709 715 717 724 726 728 734 738 739 742 743 745 752 757 766 772 776 777 778 779 781 783 784 785 794 795 798 800 806 807 809 810 817 819 820 821 829 833 835 841 842 851 861 862 864 868 871 872 876 879 882 883 884 892 900 911 916 917 923 924 925 926 927 928 930 936 938 944 948 949 950 952 953 967 970 977 981 984 991 992 996 997 1000 1001 1004 1006 1012 1021 1025 1027 1034 1040 1044 1052 1056 1065 1067 1077 1081 1083 1085 1089 1090 1092 1095 1096 1098 1103 1107 1110 1113 1119 1121 1126 1128 1131 1134 1135 1137 1139 1143 1145 1148 1153 1154 1155 1163 1167 1171 1172 1175 1176 1187 1188 1189 1195 1200 1203 1208 1214 1216 1223 1224 1225 1226 1235 1237 1238 1239 1243 1245 1278 1286 1287 1293 1298 1299 1300 1305 1308 1310 1311 1312 1313 1317 1322 1323 1325 1330 1335 1337 1338 1339 1343 1349 1355 1359 1360 1362 1364 1368 1372 1375 1377 1379 1385 1386 1387 1388 1389 1390 1391 1393 1404 1423 1424 1425 1428 1429 1435 1436 1442 1445 1446 1448 1451 1457 1458 1463 1467 1471 1478 1479 1480 1484 1487 1490 1492 1505 1507 1508 1509 1511 1512 1515 1527 1532 1537 1541 1545 1550 1552 1563 1564 1565 1566 1572 1575 1585 1587 1588 1589 1592 1598 1602 1607 1608 1609 1614 1617 1628 1632 1638 1644 1647 1650 1652 1656 1663 1669 1671 1672 1674 1675 1678 1680 1681 1683 1686 1693 1694 1695 1697 1699 1702 1703 1705 1714 1717 1719 1720 1722 1726 1729 1738 1744 1746 1749 1750 1751 1753 1758 1763 1764 1765 1771 1777 1780 1784 1797 1800 1802 1809 1812 1816 1818 1822 1826 1833 1842 1848 1849 1858 1859 1863 1865 1868 1875 1876 1880 1883 1887 1888 1892 1896 1898 1899 1900 1907 1911 1915 1916 1918 1920 1921 1926 1937 1938 1942 1946 1947 1953 1959 1968 1971 1974 1978 1979 1980 1984 1986 1987 1993 1998 1999 2003 2009 2013 2016 2018 2019 2022 2027 2029 2034 2036 2038 2040 2041 2042 2048 2052 2054 2055 2057 2058 2063 2068 2079 2085 2087 2088 2089 2092 2095 2096 2097 2103 2107 2108 2111 2113 2116 2119 2120 2121 2122 2123 2133 2137 2142 2143 2148 2150 2151 2158 2166 2167 2170 2177 2181 2182 2188 2190 2192 2194 2195 2197 2199 2200 2207 2215 2216 2217 2219 2220 2222 
658: 3 5 7 12 15 18 21 22 26 29 30 37 38 42 48 57 60 63 66 69 70 80 81 83 84 101 103 111 114 115 117 119 121 122 123 125 127 128 137 142 148 149 150 151 153 156 159 164 168 169 170 173 180 181 183 187 190 193 201 203 204 205 206 207 211 213 214 219 226 227 230 233 234 239 240 243 244 246 252 262 268 276 284 285 287 290 292 293 295 299 306 311 323 332 342 346 349 350 353 363 367 369 371 373 375 387 390 393 395 401 407 408 410 413 417 422 429 440 461 462 470 471 474 475 476 477 479 483 486 488 492 496 502 504 509 514 516 518 519 523 524 525 530 531 532 533 534 541 544 545 548 549 552 557 559 560 561 562 571 573 576 580 581 594 595 597 599 601 604 606 609 617 618 633 634 635 647 648 653 654 659 663 665 667 669 672 678 691 693 695 700 702 706 710 713 714 720 724 726 727 729 736 737 754 755 756 761 764 765 767 769 783 786 792 793 795 801 803 804 806 808 820 821 825 841 846 847 849 850 857 860 863 864 866 875 878 880 885 886 890 892 893 899 901 902 904 905 908 909 910 912 914 916 920 921 925 934 935 937 939 940 942 944 949 953 955 956 959 963 970 975 977 978 983 985 991 992 994 997 1005 1007 1014 1016 1018 1020 1021 1023 1025 1028 1030 1034 1039 1041 1045 1048 1049 1060 1068 1074 1077 1078 1081 1082 1085 1088 1089 1096 1100 1102 1104 1106 1107 1109 1123 1130 1131 1135 1137 1138 1142 1145 1146 1147 1151 1152 1153 1159 1164 1165 1169 1170 1175 1180 1181 1186 1188 1198 1200 1204 1214 1218 1220 1226 1228 1231 1233 1236 1245 1246 1248 1252 1256 1257 1258 1261 1266 1268 1270 1272 1275 1277 1279 1283 1285 1286 1289 1290 1291 1295 1296 1298 1300 1301 1302 1304 1305 1310 1311 1312 1314 1316 1318 1322 1324 1325 1327 1334 1344 1345 1349 1350 1355 1361 1362 1370 1371 1372 1376 1382 1392 1394 1398 1400 1401 1404 1411 1412 1414 1417 1426 1428 1430 1432 1435 1441 1442 1443 1445 1449 1451 1460 1461 1463 1464 1465 1467 1471 1473 1483 1484 1485 1488 1491 1495 1496 1497 1498 1514 1517 1521 1524 1528 1529 1530 1532 1535 1536 1544 1550 1554 1559 1562 1567 1569 1576 1581 1584 1588 1591 1592 1594 1599 1601 1602 1609 1610 1612 1613 1616 1618 1621 1622 1624 1625 1629 1640 1645 1662 1664 1666 1669 1674 1676 1684 1685 1686 1689 1690 1695 1704 1705 1709 1710 1711 1712 1713 1718 1719 1721 1729 1731 1733 1735 1736 1744 1745 1748 1755 1759 1762 1766 1768 1769 1773 1775 1777 1781 1782 1785 1786 1794 1795 1796 1800 1803 1805 1807 1812 1813 1815 1822 1826 1829 1832 1837 1840 1845 1846 1848 1852 1853 1854 1860 1861 1862 1864 1868 1869 1871 1872 1878 1882 1884 1885 1887 1889 1890 1894 1896 1902 1908 1914 1915 1917 1924 1925 1930 1931 1935 1937 1939 1940 1942 1943 1945 1947 1948 1949 1951 1952 1954 1955 1963 1964 1966 1976 1985 1989 1990 1991 1992 1995 1998 2000 2004 2007 2014 2015 2023 2029 2030 2032 2033 2035 2039 2047 2055 2056 2058 2059 2060 2069 2071 2074 2080 2081 2083 2084 2094 2097 2102 2103 2105 2106 2111 2113 2114 2119 2121 2123 2125 2133 2137 2139 2141 2143 2150 2151 2153 2154 2155 2163 2164 2167 2172 2184 2191 2194 2201 2202 2204 2206 2209 2210 2213 2219 2220 2221 
692: 4 6 11 14 15 18 23 24 25 32 36 44 50 52 53 56 57 59 60 65 67 69 71 80 81 100 101 103 104 108 110 113 114 115 117 118 124 128 130 133 136 139 141 142 144 145 146 148 150 152 154 159 163 164 165 166 172 174 175 177 182 189 192 193 194 195 200 203 210 214 216 218 224 226 228 229 230 242 245 248 253 255 256 258 261 263 264 265 267 272 274 280 281 289 292 296 297 304 310 311 313 315 318 322 325 330 331 335 341 345 346 347 350 362 375 377 378 381 382 384 385 386 396 397 400 402 403 404 410 411 413 421 422 432 433 436 438 442 443 445 446 449 450 453 459 460 461 463 464 468 474 476 481 482 487 490 491 494 495 496 497 503 505 506 509 510 514 520 521 525 528 530 533 534 535 541 542 548 551 556 561 562 564 568 572 576 577 580 582 583 584 586 588 590 594 596 598 602 606 612 615 620 621 624 626 630 636 638 640 649 655 657 658 659 660 662 664 667 671 672 678 681 682 686 689 693 695 698 699 700 704 709 710 722 724 727 729 734 740 744 747 748 750 752 754 755 756 757 758 763 767 769 777 781 782 786 794 800 803 807 808 809 811 813 815 817 818 819 822 824 831 836 838 842 847 849 860 865 867 870 877 883 885 886 895 896 903 907 910 911 913 914 917 927 928 930 931 933 948 951 953 954 955 956 958 960 961 963 968 969 971 974 975 976 979 980 984 985 987 991 994 999 1000 1002 1004 1005 1009 1011 1015 1016 1017 1023 1030 1032 1038 1041 1049 1051 1052 1056 1062 1069 1071 1072 1076 1087 1089 1090 1095 1096 1098 1099 1101 1103 1109 1110 1112 1113 1114 1119 1120 1123 1128 1130 1133 1134 1140 1148 1149 1150 1151 1152 1153 1156 1157 1158 1167 1172 1183 1185 1186 1189 1195 1202 1205 1207 1210 1215 1216 1218 1222 1229 1231 1232 1233 1239 1240 1241 1246 1248 1253 1259 1261 1262 1270 1274 1284 1286 1289 1301 1302 1304 1313 1316 1320 1327 1329 1330 1331 1334 1337 1338 1342 1344 1348 1350 1353 1355 1364 1365 1366 1367 1368 1369 1376 1386 1388 1393 1402 1403 1411 1413 1416 1417 1418 1419 1421 1422 1427 1428 1429 1430 1432 1437 1438 1439 1440 1441 1442 1452 1453 1458 1459 1471 1476 1477 1478 1481 1489 1495 1498 1501 1504 1507 1508 1510 1512 1514 1515 1517 1519 1524 1525 1528 1542 1543 1545 1546 1550 1553 1555 1570 1575 1579 1580 1583 1584 1585 1588 1594 1599 1600 1601 1603 1607 1612 1621 1623 1624 1626 1627 1632 1639 1641 1645 1646 1648 1649 1655 1659 1660 1661 1664 1670 1673 1674 1675 1678 1680 1685 1687 1690 1692 1693 1694 1695 1698 1699 1701 1709 1712 1723 1726 1730 1736 1737 1747 1748 1749 1751 1754 1762 1763 1768 1772 1773 1777 1781 1782 1786 1792 1794 1796 1806 1812 1821 1824 1826 1827 1837 1838 1840 1841 1843 1845 1850 1852 1853 1860 1861 1863 1867 1875 1880 1883 1887 1890 1894 1895 1896 1907 1908 1914 1918 1919 1921 1922 1926 1928 1931 1935 1942 1947 1948 1952 1953 1955 1968 1970 1971 1972 1983 1984 1986 1987 1988 1994 2000 2004 2008 2009 2010 2015 2017 2026 2027 2031 2032 2037 2038 2039 2042 2044 2051 2052 2057 2060 2063 2068 2072 2080 2084 2090 2091 2093 2097 2098 2099 2102 2104 2108 2110 2111 2113 2114 2116 2118 2124 2125 2128 2129 2131 2132 2134 2139 2145 2146 2147 2149 2157 2160 2164 2166 2167 2168 2171 2174 2177 2179 2184 2186 2187 2188 2189 2190 2191 2193 2198 2206 2207 2213 2216 
645: 4 13 14 17 22 23 24 25 29 31 35 39 45 48 55 56 58 62 65 66 72 75 76 77 79 82 85 87 92 99 105 107 108 111 114 115 116 117 119 124 125 132 140 143 145 146 148 151 153 154 159 160 166 167 170 195 196 197 211 214 215 217 221 228 238 240 241 242 244 245 246 248 250 251 259 267 271 273 276 277 280 281 287 289 291 296 297 298 300 303 310 315 316 319 321 329 338 339 342 347 348 349 351 363 364 365 369 373 376 381 383 384 389 391 394 397 399 400 406 420 423 425 426 429 432 433 437 442 443 445 447 449 451 457 461 463 464 470 471 473 475 477 479 480 483 488 495 497 498 499 501 505 507 508 513 516 521 524 535 543 544 545 547 551 553 562 564 571 574 583 588 590 592 594 595 597 602 603 605 608 609 614 618 634 648 653 661 663 665 666 669 672 673 677 685 686 688 689 690 691 695 700 701 703 706 710 715 716 721 722 728 731 732 743 744 745 749 750 754 757 760 762 765 775 777 780 786 788 791 793 795 798 802 804 809 810 814 819 820 821 823 826 828 829 830 832 836 838 839 840 842 845 846 848 850 852 853 854 859 860 873 874 875 880 881 882 886 887 890 891 893 894 898 901 903 905 906 907 913 920 933 938 941 946 947 948 964 965 969 972 974 976 977 978 987 988 992 994 997 998 1003 1005 1006 1011 1015 1018 1019 1020 1022 1026 1029 1032 1034 1035 1036 1038 1041 1044 1046 1049 1053 1056 1068 1069 1072 1075 1076 1078 1095 1106 1115 1117 1119 1120 1125 1126 1134 1139 1150 1157 1161 1162 1163 1167 1169 1170 1173 1178 1181 1186 1187 1189 1190 1194 1195 1201 1202 1205 1208 1209 1212 1227 1231 1237 1242 1243 1247 1255 1258 1259 1263 1265 1266 1270 1273 1274 1277 1280 1282 1284 1286 1301 1302 1303 1304 1310 1311 1313 1318 1323 1332 1333 1334 1336 1337 1338 1339 1340 1343 1345 1346 1351 1357 1358 1360 1363 1366 1367 1385 1389 1390 1392 1395 1397 1401 1407 1408 1412 1415 1416 1419 1421 1429 1432 1435 1437 1441 1443 1445 1447 1448 1449 1452 1454 1465 1469 1480 1481 1483 1484 1486 1487 1495 1498 1502 1504 1505 1506 1516 1517 1523 1528 1529 1530 1541 1544 1547 1558 1566 1568 1570 1571 1575 1576 1581 1593 1595 1600 1604 1605 1608 1611 1618 1621 1623 1627 1632 1634 1636 1638 1639 1643 1649 1654 1657 1660 1662 1663 1664 1670 1682 1688 1691 1701 1706 1716 1718 1721 1722 1723 1726 1735 1742 1749 1752 1754 1757 1758 1762 1763 1765 1766 1770 1772 1774 1775 1776 1779 1781 1790 1794 1809 1811 1816 1817 1819 1820 1823 1824 1827 1835 1836 1855 1857 1859 1862 1863 1864 1868 1871 1875 1881 1882 1884 1888 1889 1894 1896 1897 1899 1904 1907 1914 1915 1916 1918 1919 1927 1929 1930 1931 1935 1939 1941 1944 1946 1953 1959 1964 1971 1972 1974 1978 1979 1982 1983 1986 1995 1998 2002 2004 2005 2007 2014 2015 2025 2036 2037 2041 2046 2051 2058 2064 2071 2076 2080 2082 2086 2093 2100 2103 2106 2110 2111 2115 2116 2117 2118 2119 2122 2124 2127 2129 2130 2132 2133 2134 2136 2141 2150 2152 2154 2156 2157 2162 2166 2167 2170 2171 2174 2175 2177 2179 2182 2193 2195 2196 2197 2199 2201 2203 2208 2209 2210 2214 
653: 1 12 13 17 20 21 25 27 28 29 37 52 64 66 67 77 83 85 86 97 105 106 109 110 112 114 116 119 121 123 125 127 132 135 137 138 144 150 152 155 158 166 171 173 174 176 180 184 189 196 197 203 208 214 219 224 228 231 232 236 237 242 245 246 259 262 283 286 289 291 293 294 297 303 304 307 308 309 314 317 325 326 330 331 332 334 335 340 343 344 346 350 353 355 360 362 363 364 366 370 374 375 377 379 380 384 392 394 396 397 405 406 408 409 414 416 418 421 425 428 429 447 448 449 456 457 466 467 473 476 481 483 489 491 498 505 513 516 519 521 522 528 530 531 532 538 539 540 541 544 550 554 556 557 564 567 576 578 580 582 583 594 599 608 609 610 611 616 619 622 623 628 629 632 633 635 644 648 649 652 655 658 660 662 665 676 680 681 686 688 690 698 700 704 711 717 720 722 728 731 733 738 739 742 743 745 748 750 753 754 756 758 762 769 771 777 779 783 784 785 788 790 791 795 808 812 813 817 818 823 832 837 843 846 862 868 869 885 887 891 898 902 907 909 914 919 921 924 931 932 935 937 939 946 947 948 953 956 957 960 961 964 968 973 979 981 982 983 985 987 989 991 992 996 1003 1005 1010 1011 1012 1013 1014 1023 1024 1027 1031 1036 1040 1042 1044 1048 1051 1056 1062 1063 1064 1069 1073 1074 1076 1077 1080 1081 1087 1088 1092 1095 1102 1107 1108 1111 1116 1117 1118 1120 1122 1126 1138 1143 1144 1146 1154 1158 1162 1166 1169 1173 1176 1179 1181 1184 1185 1187 1192 1193 1196 1199 1206 1207 1211 1212 1214 1215 1219 1221 1224 1226 1228 1235 1236 1250 1253 1258 1261 1263 1267 1270 1272 1279 1281 1283 1288 1294 1298 1304 1305 1309 1315 1318 1322 1327 1329 1330 1331 1336 1345 1348 1351 1357 1361 1365 1366 1368 1369 1370 1373 1382 1385 1386 1390 1397 1401 1405 1406 1407 1408 1418 1426 1428 1432 1436 1440 1446 1447 1449 1450 1452 1457 1461 1462 1466 1469 1477 1478 1481 1488 1493 1494 1495 1498 1499 1500 1501 1507 1511 1516 1518 1520 1522 1524 1530 1531 1535 1543 1545 1550 1554 1559 1560 1565 1570 1573 1575 1578 1581 1583 1584 1586 1587 1588 1592 1603 1605 1609 1612 1614 1616 1617 1619 1625 1627 1629 1630 1631 1637 1639 1640 1641 1644 1645 1648 1651 1653 1654 1660 1666 1672 1673 1674 1678 1679 1683 1688 1693 1696 1698 1700 1702 1706 1708 1710 1712 1718 1719 1720 1723 1724 1726 1727 1728 1733 1734 1735 1736 1739 1749 1751 1752 1754 1758 1763 1767 1768 1773 1781 1788 1789 1797 1800 1802 1804 1808 1809 1814 1820 1824 1827 1829 1830 1834 1835 1839 1844 1845 1848 1849 1853 1857 1864 1865 1867 1873 1874 1877 1878 1880 1883 1884 1888 1889 1894 1898 1899 1903 1904 1912 1918 1924 1937 1938 1945 1946 1949 1951 1952 1956 1958 1962 1963 1964 1968 1969 1973 1974 1977 1978 1979 1980 1984 1986 1987 1989 1991 1992 1995 2007 2009 2010 2012 2018 2019 2020 2024 2027 2031 2032 2034 2035 2041 2042 2044 2045 2051 2055 2056 2061 2064 2065 2068 2079 2083 2088 2089 2098 2100 2104 2107 2114 2117 2119 2124 2128 2129 2130 2132 2137 2139 2141 2142 2143 2145 2149 2150 2155 2158 2159 2160 2162 2165 2166 2167 2169 2170 2171 2173 2175 2179 2180 2188 2192 2194 2205 2216 2219 
675: 6 8 10 13 15 17 18 19 21 23 27 28 29 31 32 36 44 46 49 50 54 56 62 66 67 69 72 87 92 99 112 114 119 126 132 135 137 138 141 156 158 163 166 169 170 171 172 174 176 181 185 186 187 193 199 200 206 208 209 210 212 223 224 226 228 231 237 241 243 245 246 253 255 256 257 258 259 260 264 273 276 277 279 284 287 290 292 298 300 305 313 314 316 318 322 324 326 330 332 333 336 340 341 342 344 345 349 352 357 360 363 364 372 375 381 385 388 394 395 398 401 404 405 408 415 416 423 425 427 430 431 432 434 439 444 446 448 455 456 458 459 460 462 463 470 474 476 477 494 497 499 502 503 507 510 511 513 515 516 518 522 524 532 539 540 543 546 550 557 565 566 579 583 584 585 586 593 594 595 596 601 604 607 608 612 613 614 616 617 618 619 621 626 628 629 636 646 650 656 660 663 667 668 670 671 672 676 678 680 683 685 687 688 693 694 695 701 703 712 713 715 719 724 725 733 736 739 740 744 745 751 759 760 763 769 774 778 781 782 785 790 796 797 803 805 811 812 814 816 820 825 827 831 832 833 834 836 837 843 844 850 852 853 855 857 861 864 865 866 869 877 882 884 885 893 894 895 898 906 909 910 912 915 920 926 933 935 940 941 942 943 949 953 956 961 964 971 975 976 977 979 984 986 988 990 1001 1008 1011 1012 1021 1022 1030 1034 1038 1039 1041 1045 1047 1052 1054 1059 1060 1064 1067 1071 1073 1074 1080 1082 1083 1085 1094 1098 1101 1102 1107 1111 1115 1124 1128 1130 1132 1134 1139 1142 1144 1146 1149 1150 1152 1154 1155 1156 1160 1162 1163 1166 1167 1169 1170 1171 1174 1176 1185 1187 1192 1193 1198 1201 1207 1212 1214 1219 1221 1233 1234 1243 1245 1249 1253 1256 1264 1268 1270 1275 1277 1278 1279 1286 1287 1289 1292 1293 1295 1297 1299 1301 1302 1308 1310 1311 1313 1314 1315 1316 1318 1325 1327 1333 1334 1336 1340 1347 1357 1364 1365 1371 1372 1373 1376 1378 1381 1383 1392 1399 1400 1402 1403 1419 1421 1423 1424 1426 1433 1437 1444 1450 1451 1456 1459 1462 1463 1473 1476 1477 1478 1483 1484 1485 1489 1493 1496 1498 1507 1513 1514 1515 1519 1520 1521 1526 1528 1529 1530 1531 1532 1538 1539 1540 1542 1548 1550 1554 1558 1559 1565 1567 1568 1577 1584 1585 1587 1590 1594 1598 1600 1611 1615 1616 1618 1621 1622 1626 1630 1631 1632 1634 1638 1640 1641 1644 1649 1650 1654 1658 1659 1664 1665 1667 1668 1675 1685 1686 1693 1695 1699 1705 1706 1708 1711 1713 1716 1722 1723 1725 1728 1734 1735 1737 1739 1740 1741 1745 1749 1751 1753 1754 1759 1762 1763 1765 1777 1780 1782 1784 1787 1790 1792 1793 1795 1798 1806 1808 1811 1814 1816 1817 1823 1827 1828 1830 1832 1838 1839 1840 1841 1843 1848 1852 1854 1857 1863 1873 1875 1877 1890 1891 1896 1898 1902 1905 1906 1911 1915 1916 1919 1921 1923 1930 1933 1934 1936 1946 1947 1952 1957 1961 1963 1968 1972 1976 1977 1983 1987 1989 1991 1999 2004 2006 2009 2010 2015 2024 2026 2031 2033 2034 2036 2037 2044 2045 2046 2047 2048 2049 2053 2054 2057 2059 2060 2061 2067 2069 2076 2077 2084 2090 2101 2108 2110 2115 2116 2118 2128 2129 2134 2136 2137 2139 2142 2143 2147 2156 2157 2158 2159 2161 2163 2169 2174 2179 2187 2188 2191 2194 2195 2196 2197 2200 2201 2206 2207 2210 2215 2218 
Days = 28
Shift constraints
8 24
8 20
4 24
0 28
4 24
4 5
true
true
Forbidden sequences = 2
3 1 
2 3 

