# Randomly generated data for the integrated task scheduling and personnel rostering problem, skilling=0,300 and tightness=0,900 seed=45360
Tasks = 2133
390 528 18
398 493 19
799 880 2
796 885 11
567 626 26
559 650 6
394 469 11
393 470 3
796 860 27
795 822 10
396 461 16
393 466 5
796 899 17
795 881 22
882 978 22
390 448 4
391 492 12
795 930 18
797 886 0
555 611 19
556 653 26
573 662 17
567 659 12
390 463 21
555 625 9
801 861 15
557 689 16
450 488 11
493 597 12
798 872 27
798 849 1
556 607 21
795 869 26
859 920 1
658 734 6
887 959 0
804 849 27
567 612 1
405 506 26
558 659 5
798 925 16
795 895 10
555 665 17
796 901 20
413 493 18
497 560 19
562 636 14
796 896 22
563 647 15
798 941 13
562 683 0
390 486 27
555 619 27
885 927 2
465 554 16
558 660 15
390 460 20
471 556 3
565 644 16
562 657 9
803 895 7
555 671 27
399 457 15
657 737 26
561 662 12
795 898 1
796 893 14
397 462 2
461 515 20
843 942 13
555 642 3
555 643 27
800 922 2
470 534 11
392 456 21
796 887 16
628 753 9
395 501 10
941 1028 2
800 880 23
399 477 16
557 610 18
799 870 7
520 654 26
394 465 2
799 831 22
409 457 7
797 880 6
390 438 13
396 531 6
796 856 8
555 648 14
392 500 14
555 603 17
575 674 12
390 446 0
405 461 3
556 609 27
665 783 9
390 464 24
797 879 23
796 856 4
396 489 8
391 469 18
564 677 1
555 683 15
392 424 17
798 875 24
754 852 9
393 462 11
396 498 20
795 868 21
393 428 25
555 658 13
569 714 14
395 437 10
666 770 17
795 914 7
564 635 18
394 485 24
796 884 19
556 679 22
390 444 11
393 486 12
795 896 2
795 889 1
798 900 16
555 630 1
423 549 19
561 594 19
569 649 26
391 473 6
392 507 23
905 948 16
392 477 0
555 629 21
438 506 25
796 895 12
895 1023 7
404 473 4
683 798 22
800 894 22
827 923 2
737 776 26
864 923 15
555 598 10
875 960 27
812 902 2
561 664 17
558 607 15
412 516 23
796 890 11
795 931 13
403 527 21
659 735 5
904 976 2
802 880 8
884 957 23
400 465 3
559 612 15
390 465 16
441 481 10
393 445 19
796 908 24
924 1062 24
677 813 27
390 510 19
805 887 19
462 543 3
557 654 20
948 1028 17
561 617 8
948 1083 16
398 514 19
644 739 27
390 489 4
878 934 7
563 631 1
646 768 3
403 545 10
390 521 11
796 872 13
390 505 24
823 888 22
798 860 9
978 1036 22
802 876 3
797 881 8
400 525 19
893 968 11
393 521 9
519 610 25
391 453 18
800 932 26
901 981 19
896 978 22
390 469 22
800 884 0
1030 1162 17
416 465 6
630 711 21
669 777 26
1037 1094 22
561 651 12
799 877 4
801 879 23
560 653 11
901 973 2
570 640 4
653 753 15
401 491 27
555 602 10
392 491 1
799 876 17
556 670 23
603 690 17
396 519 18
467 546 5
396 493 23
405 478 22
797 844 3
930 1031 18
672 745 23
796 875 27
795 864 9
557 652 25
629 683 26
499 538 20
556 692 17
393 447 11
390 442 18
557 665 9
401 533 0
390 452 6
555 621 2
929 980 16
567 648 24
801 924 1
795 846 6
391 504 20
390 504 25
518 604 19
795 867 26
556 631 23
796 882 1
525 609 19
391 480 14
539 618 20
399 502 4
410 514 14
801 883 10
945 999 13
390 476 12
770 847 3
797 859 0
555 621 5
783 916 9
931 1020 13
557 637 1
805 943 26
826 927 5
477 557 12
913 963 19
517 605 20
568 622 17
795 838 4
404 508 5
556 641 16
470 557 18
561 640 0
864 899 0
868 914 26
617 687 8
391 476 4
984 1059 19
510 622 19
560 630 18
967 1010 19
567 668 0
795 869 7
404 479 15
557 667 25
558 646 25
394 465 15
930 1048 2
811 848 13
875 921 27
390 464 27
615 685 27
653 723 12
881 990 6
643 736 1
530 601 18
556 659 12
640 717 18
398 519 4
596 720 19
794 888 17
445 578 11
808 927 13
666 710 12
976 1060 2
390 501 13
393 481 4
795 902 20
672 745 0
481 540 4
797 884 8
644 760 4
390 455 10
556 631 25
891 958 10
1074 1135 24
465 523 15
610 708 19
960 1002 10
658 733 13
917 985 26
1029 1140 2
899 982 22
795 857 5
795 875 21
922 979 27
403 499 16
806 892 21
1020 1097 13
574 708 13
621 683 27
800 833 22
495 616 23
691 789 16
457 508 18
800 850 0
982 1088 2
506 604 10
560 627 7
891 961 22
799 861 22
557 638 12
944 1046 8
390 444 7
1071 1155 2
563 632 5
1140 1261 2
464 521 21
796 878 22
998 1099 16
390 521 0
795 881 1
881 953 1
390 464 24
505 587 24
933 997 13
559 628 16
863 900 22
561 652 6
679 775 25
928 1031 9
555 696 7
394 489 23
807 844 18
794 860 16
712 767 21
487 613 2
390 453 5
745 798 0
799 864 9
501 590 13
390 440 12
922 1024 22
726 830 12
525 597 9
391 494 7
795 853 25
458 606 5
427 522 17
465 553 24
393 514 0
881 923 8
495 580 23
540 590 11
741 830 27
868 955 9
847 905 3
391 449 2
664 783 17
567 626 25
578 609 13
864 956 9
558 675 14
555 681 0
412 467 14
462 512 7
397 473 15
463 531 16
625 708 23
436 510 15
390 456 16
902 981 12
542 610 4
392 484 19
900 950 1
1156 1260 2
392 468 18
390 475 0
848 940 13
952 1043 7
650 718 25
393 454 4
795 875 20
555 637 3
391 496 10
479 557 21
1033 1085 18
514 576 18
631 752 1
440 556 12
555 637 24
796 858 19
850 962 0
497 534 7
796 870 22
972 1040 0
797 909 26
632 692 5
963 1031 23
627 733 19
488 608 24
992 1111 6
811 890 7
982 1051 22
580 663 19
480 538 16
958 1033 9
981 1094 27
640 767 3
392 490 11
478 602 0
815 852 5
925 1028 1
806 913 20
846 917 6
669 745 9
752 848 1
634 706 25
1029 1090 19
522 593 21
830 893 12
392 435 23
718 843 14
504 611 20
491 545 11
478 605 6
798 892 24
560 672 3
445 515 18
555 666 1
1056 1166 22
795 887 21
631 732 25
391 483 22
515 616 7
907 947 3
1115 1157 6
1050 1124 2
1069 1178 19
456 533 4
771 827 4
795 894 18
602 661 21
986 1045 26
421 536 6
450 580 2
896 930 10
743 833 1
644 735 14
757 834 15
557 622 3
881 997 23
492 526 19
1033 1169 9
556 622 12
495 579 27
917 1022 6
555 633 24
637 730 1
795 890 10
795 862 21
681 761 19
532 610 6
715 782 27
1067 1162 0
613 716 6
684 800 15
848 930 1
687 737 0
672 748 12
1088 1194 16
803 892 22
521 592 11
686 810 0
853 897 9
785 876 17
872 938 13
811 877 0
915 1017 7
981 1105 12
908 990 12
660 731 12
556 665 9
1086 1128 18
864 972 9
851 909 27
394 485 11
524 605 18
453 550 4
492 570 18
930 1021 10
390 455 23
795 877 15
843 963 22
390 461 8
927 999 2
430 536 23
679 748 14
589 686 24
559 615 8
547 669 11
949 1031 3
967 1078 27
953 1034 1
890 992 10
880 964 0
767 827 21
581 650 2
619 731 20
621 698 10
891 990 3
571 634 15
885 954 8
795 857 6
406 461 10
806 882 7
483 550 6
390 423 1
650 765 14
454 528 19
555 665 23
666 745 6
490 626 12
1175 1254 9
555 606 2
902 980 22
674 746 21
473 536 4
531 589 15
795 869 21
675 812 12
637 703 24
696 821 17
540 680 0
438 551 13
1022 1133 10
798 896 25
392 428 3
390 508 14
875 946 21
596 650 15
627 736 3
603 681 10
1022 1093 6
668 722 9
733 852 19
875 946 21
801 938 19
653 737 25
467 583 2
556 632 1
430 520 3
463 565 15
398 463 26
709 789 19
696 837 7
556 689 19
1046 1106 7
480 593 10
555 685 6
846 922 3
816 876 12
679 806 3
1026 1131 22
456 566 16
1018 1111 7
830 932 4
457 526 10
900 987 9
612 708 15
556 644 15
1183 1249 19
822 864 17
414 456 6
739 845 25
492 560 8
554 613 24
797 851 5
605 702 20
992 1044 9
979 1065 22
456 506 6
556 661 25
586 712 23
692 827 19
900 1014 1
1036 1104 1
795 914 25
853 984 25
801 868 1
503 581 18
555 625 22
723 783 8
952 1088 26
878 927 12
616 654 25
580 702 18
700 759 0
1070 1169 22
390 489 5
482 548 10
392 472 20
744 801 3
555 594 7
799 892 0
808 909 3
915 998 20
510 590 14
924 1003 3
876 1015 24
608 711 21
564 609 4
464 548 24
1094 1154 27
645 702 16
868 965 17
950 1028 21
868 940 21
392 458 11
870 960 16
886 944 11
737 868 6
1170 1228 22
553 666 19
745 800 23
756 875 9
797 917 10
490 573 11
885 919 0
798 877 23
579 660 27
506 595 6
869 967 26
704 790 16
392 483 3
1003 1078 3
880 952 1
1106 1178 12
737 844 12
1097 1171 13
392 449 15
795 858 6
946 1041 21
882 999 23
890 964 16
797 858 24
563 632 3
523 564 17
985 1047 25
603 679 0
556 615 10
893 973 5
899 1029 22
852 915 5
614 646 24
597 706 12
561 634 24
665 730 23
966 1002 16
475 537 14
795 900 16
462 557 8
712 770 13
549 642 23
613 703 19
555 603 12
595 659 7
555 670 4
876 952 24
827 888 21
606 710 18
1198 1264 16
734 834 13
804 938 3
555 625 16
740 811 12
731 833 1
548 656 24
539 625 14
707 785 12
800 900 23
392 480 13
538 656 4
1156 1209 27
994 1091 10
525 604 4
516 629 0
406 469 17
708 779 18
656 749 15
612 678 26
503 574 4
1001 1103 13
608 685 19
557 642 14
551 619 10
970 1068 11
681 782 17
656 693 24
970 1010 0
391 482 8
972 1090 22
873 929 22
1095 1205 22
877 948 4
555 668 13
489 530 4
1133 1197 10
598 681 6
902 991 21
579 633 17
555 634 8
901 951 23
670 796 4
652 712 2
462 579 11
400 453 9
898 989 18
988 1076 13
504 642 25
1091 1206 10
938 1000 13
391 461 6
865 915 19
875 924 9
592 672 11
789 858 19
932 1023 12
508 606 14
690 740 6
755 803 0
907 990 0
722 797 9
397 482 26
621 723 5
560 638 14
710 807 16
703 806 10
518 594 16
692 764 17
1001 1104 13
785 853 18
1178 1207 12
714 796 23
1041 1138 21
555 606 20
1001 1111 2
390 438 20
890 979 1
983 1070 22
797 863 27
606 690 20
555 691 8
616 706 8
795 872 23
934 1033 4
555 686 24
565 594 16
795 895 13
519 605 15
390 497 20
598 690 16
448 538 0
623 670 18
603 659 9
1116 1192 2
713 802 2
1161 1219 6
611 704 20
896 971 21
546 643 16
880 935 23
407 484 7
554 619 6
647 769 24
472 569 17
525 617 3
423 516 18
390 486 27
551 675 13
797 883 8
425 489 5
805 876 4
925 1046 1
487 602 22
459 531 11
645 742 16
718 770 6
738 848 14
925 1030 9
707 804 20
805 873 4
1171 1210 13
894 932 0
1112 1174 7
797 904 26
633 721 1
894 986 24
1199 1251 2
1105 1184 13
567 611 12
464 533 6
1164 1261 17
519 594 14
796 845 7
607 727 2
1079 1149 3
970 1026 22
1094 1159 27
398 488 7
642 776 0
555 686 25
795 898 3
774 859 6
475 569 26
842 907 6
926 1049 8
559 642 21
876 925 4
944 997 23
776 822 25
766 868 25
715 780 18
741 842 2
1049 1187 25
830 919 27
898 957 8
485 559 3
560 629 8
625 681 16
867 952 27
870 985 6
715 798 8
541 624 4
823 870 25
1006 1113 23
501 610 3
638 711 3
616 742 2
686 796 25
926 1017 0
1097 1154 19
486 579 27
1009 1076 20
474 535 15
561 626 20
842 902 2
493 612 7
596 725 10
709 758 24
776 875 26
760 823 24
712 819 21
951 1044 1
790 847 18
878 967 20
801 914 15
530 620 10
522 629 23
796 892 1
798 861 3
579 661 11
682 781 10
771 881 3
572 677 17
669 733 25
988 1074 24
690 755 20
995 1102 3
530 590 0
626 683 6
1094 1209 22
611 696 15
838 946 4
835 900 13
895 973 8
957 991 9
875 960 25
813 886 27
911 982 20
511 599 7
1137 1234 2
756 859 5
497 594 10
905 999 14
1046 1129 9
796 921 7
767 846 12
1108 1198 13
796 882 3
486 591 27
611 711 18
720 797 23
725 832 10
617 664 10
725 850 5
680 749 0
556 665 1
919 1023 10
702 748 20
967 1076 20
1139 1201 9
1039 1097 23
1102 1168 3
1174 1262 3
664 730 23
600 675 7
896 1037 13
800 844 14
884 956 4
844 916 14
558 636 15
952 1019 24
596 706 11
532 650 21
605 683 4
606 714 6
974 1081 5
390 433 4
557 694 18
1049 1160 1
1024 1087 24
1008 1079 16
730 772 23
628 724 14
990 1051 18
476 559 4
1132 1255 22
807 853 0
693 794 24
621 733 10
622 714 10
624 674 17
1031 1119 7
954 1031 27
683 773 13
988 1033 9
660 729 9
880 942 20
805 856 20
566 609 8
692 757 16
685 790 27
444 508 7
617 656 3
1050 1149 26
857 912 14
638 679 14
508 601 7
575 669 15
650 714 26
877 989 17
748 815 16
1093 1125 20
1140 1257 24
1203 1264 13
946 990 3
556 616 18
660 730 15
556 625 12
654 707 15
1050 1127 8
852 938 12
837 903 7
672 801 11
484 552 26
491 591 5
634 678 8
979 1061 8
734 859 25
656 756 3
605 677 12
819 854 21
553 677 5
1207 1264 22
602 649 18
1034 1161 1
469 522 6
702 779 15
898 1005 7
574 641 4
1077 1116 24
574 658 11
732 845 6
834 960 24
755 791 20
625 762 12
927 1054 5
903 956 7
1150 1261 3
1190 1263 7
942 1063 21
580 691 26
396 474 13
407 496 13
956 1036 8
696 742 26
1035 1110 10
925 1043 19
904 944 26
733 855 20
795 878 5
909 1002 25
1230 1259 22
1097 1185 5
796 877 25
753 853 15
390 475 14
777 875 0
1114 1149 23
524 550 6
857 957 6
710 785 15
390 508 14
869 963 5
724 797 3
1106 1186 20
992 1034 12
644 729 17
1039 1102 8
549 647 10
1073 1144 22
603 696 22
892 953 21
681 787 16
642 699 14
665 745 1
419 527 5
678 782 8
1186 1251 20
922 1024 7
425 515 1
786 859 26
654 751 18
1047 1104 1
678 814 12
900 971 13
879 917 15
584 719 13
839 908 15
409 492 26
858 947 6
555 645 0
456 555 23
616 713 12
715 778 10
657 767 24
864 937 0
736 778 10
628 714 4
1212 1263 22
874 984 27
1027 1065 7
805 942 8
585 641 6
721 856 1
729 811 18
947 999 6
617 658 4
615 674 8
475 559 20
569 662 4
956 1035 7
946 1064 4
665 758 4
964 1034 16
597 736 5
1158 1256 23
661 781 6
482 553 14
540 661 5
747 854 5
637 726 14
613 724 5
1037 1093 13
850 976 5
804 847 20
405 487 16
968 1028 26
863 951 27
622 703 7
992 1088 9
787 869 16
793 842 13
437 550 4
661 741 11
951 1033 23
636 726 24
891 927 21
899 959 3
408 529 26
952 995 27
958 1056 6
621 694 2
811 850 23
1028 1106 0
695 777 18
916 986 5
687 733 24
550 647 3
1174 1264 22
676 778 8
798 863 3
535 605 15
1056 1191 6
590 712 14
854 958 21
620 698 18
676 762 13
937 1030 26
685 740 26
711 797 15
534 606 6
1122 1241 10
939 1025 0
553 630 6
1088 1220 24
877 928 25
1112 1159 7
612 654 7
602 685 7
392 469 11
696 803 8
684 807 6
675 797 15
591 678 27
498 617 20
767 866 14
1204 1257 9
477 556 9
483 617 11
449 518 11
751 859 18
876 952 0
999 1115 6
816 859 16
1129 1261 0
475 566 0
989 1082 1
678 750 27
685 809 5
645 754 15
688 766 24
862 901 3
762 803 13
795 888 8
788 899 17
996 1113 27
855 982 14
395 479 26
1113 1158 27
902 954 20
450 527 23
767 897 24
1082 1215 16
814 862 27
992 1079 20
561 664 9
931 1034 1
733 854 23
542 660 16
810 859 5
1144 1262 22
691 804 19
662 763 25
1215 1264 16
864 921 27
843 938 13
731 803 15
890 948 8
915 1012 26
886 1012 3
631 703 8
534 641 26
992 1048 3
746 854 17
476 552 13
999 1083 23
948 1040 8
642 759 25
960 1027 13
1077 1109 8
795 856 6
556 592 13
946 1047 26
858 940 1
1070 1169 11
666 753 9
671 789 19
1163 1259 0
805 931 8
1064 1128 4
1219 1256 10
772 859 23
763 852 4
670 747 1
869 914 16
517 612 23
971 1093 1
618 723 20
391 504 6
564 647 26
1128 1264 4
824 956 7
802 842 6
555 618 17
688 799 1
756 859 3
863 922 20
969 1034 0
869 934 14
568 671 0
570 656 15
770 876 17
772 856 21
945 1030 0
786 858 8
882 941 3
942 1030 13
724 815 20
987 1028 5
714 825 18
664 790 16
652 686 16
541 628 15
862 964 8
726 822 24
910 968 2
748 798 20
567 652 16
654 748 4
718 829 25
953 1010 19
521 566 11
609 678 13
1041 1178 8
860 935 23
721 787 19
694 793 13
884 956 5
906 1028 17
679 760 7
882 979 17
1024 1146 13
750 859 27
510 617 14
781 866 10
967 1034 24
681 791 1
1102 1152 8
875 923 7
716 804 12
625 700 22
485 604 14
1138 1225 21
988 1042 21
917 991 15
836 926 1
1178 1264 8
769 859 24
904 1025 3
748 824 1
962 1014 1
763 837 25
853 907 5
1027 1125 24
396 474 4
834 929 1
750 859 0
930 1033 21
1105 1246 1
620 722 4
800 906 24
1088 1195 9
669 711 15
772 867 6
835 868 22
1177 1260 13
959 1070 3
689 777 4
822 920 10
762 835 19
857 935 4
557 635 23
575 635 11
485 561 8
390 439 2
898 1034 24
1054 1115 18
804 856 23
505 611 6
756 857 4
1116 1174 7
1158 1205 27
595 715 10
1012 1100 26
1115 1182 18
947 1032 8
1040 1156 21
475 551 4
565 628 11
673 711 15
1178 1262 11
798 844 23
920 980 14
815 912 12
1028 1060 13
1222 1264 6
578 653 18
616 669 6
931 1030 20
988 1023 14
722 802 15
973 1081 8
700 773 14
985 1057 14
783 852 4
827 915 19
809 892 15
667 800 10
596 736 13
748 784 1
662 730 4
655 762 18
465 551 27
601 639 10
685 782 7
650 744 10
871 1004 22
694 744 2
903 955 25
901 1020 17
563 677 8
1061 1124 14
1127 1257 24
490 559 11
929 1002 22
1153 1182 8
1070 1208 21
1225 1264 21
864 946 3
1205 1264 27
618 735 17
876 959 23
1078 1171 20
954 1032 20
1083 1155 1
1050 1149 26
964 1025 25
944 1024 1
637 706 12
677 746 17
946 1031 8
801 859 16
1026 1138 0
1045 1124 20
668 775 26
964 1037 23
916 1033 15
1044 1105 19
849 919 12
1052 1117 26
1123 1217 16
718 767 10
859 953 23
913 1032 14
737 804 13
635 710 18
585 654 2
923 961 12
572 695 13
672 783 0
579 652 27
808 876 12
552 682 27
671 721 3
501 564 16
874 940 6
796 907 25
955 1033 3
1028 1093 3
494 573 26
791 897 20
607 683 14
709 789 19
915 1000 16
1084 1202 8
660 712 7
1187 1264 25
680 800 8
755 845 13
954 1039 7
1039 1136 27
1014 1135 19
598 666 16
782 859 7
733 836 25
662 753 27
1137 1256 20
1111 1157 19
937 998 23
515 622 1
837 922 25
736 771 17
658 712 20
552 595 13
535 644 7
443 533 20
826 934 11
1093 1208 13
518 614 5
772 841 17
1113 1171 1
723 773 16
1159 1260 27
530 650 4
739 859 9
993 1030 6
929 981 25
843 942 25
641 730 3
687 748 26
562 669 21
629 727 11
659 761 0
576 655 25
959 1016 5
857 908 5
1161 1259 1
576 677 20
761 900 14
826 935 18
553 683 14
1119 1192 24
653 749 21
794 859 24
807 857 10
766 856 18
645 728 10
897 1034 20
737 859 24
768 859 10
746 851 10
727 846 5
943 1018 14
792 881 27
808 877 13
676 759 6
1129 1203 18
1106 1154 26
768 857 16
688 748 20
635 741 23
1117 1164 26
943 1017 6
895 993 27
841 950 17
701 803 22
1102 1174 2
717 858 11
783 856 10
968 1057 8
759 860 25
798 843 9
942 1031 3
501 586 1
890 956 17
681 763 16
801 857 19
683 805 14
1104 1152 23
1070 1144 3
811 909 12
699 787 18
913 980 12
594 689 14
561 656 19
1064 1132 27
683 756 21
660 712 25
728 849 26
806 857 22
766 836 16
1194 1261 24
452 521 15
965 1034 17
782 858 15
799 858 20
774 838 14
794 933 15
652 775 27
1181 1255 21
680 767 17
528 598 23
658 740 19
1014 1127 3
782 870 8
563 707 3
1057 1100 5
748 813 17
802 893 10
567 609 8
907 971 24
1137 1201 27
605 686 14
669 731 11
1184 1263 13
958 1027 4
594 628 1
747 798 25
870 984 18
1017 1145 22
920 991 19
615 694 15
787 857 19
785 859 12
632 700 20
664 784 11
1088 1153 23
440 538 2
846 921 9
1003 1109 14
675 786 5
1074 1186 13
818 855 20
469 587 16
759 849 20
588 664 16
707 752 5
953 1035 23
1124 1234 26
486 562 22
1061 1149 8
1042 1095 23
1053 1170 21
1128 1254 14
798 858 5
823 955 24
939 1040 4
635 713 24
756 800 21
997 1132 18
905 990 16
560 640 18
736 855 4
1150 1258 22
539 600 2
808 876 13
553 609 4
881 932 27
610 684 24
632 713 1
800 900 18
545 636 5
614 717 23
649 733 7
920 1026 10
609 673 4
996 1029 0
885 963 7
1162 1215 19
1032 1098 20
879 924 6
390 434 5
583 665 5
597 707 13
949 1019 25
906 1024 14
789 858 26
714 745 14
930 1030 9
744 805 2
1209 1264 21
1089 1153 8
730 835 11
1026 1081 10
744 833 2
846 925 25
825 926 1
625 700 11
902 1028 1
1137 1194 19
720 759 13
636 690 23
1029 1101 1
866 934 10
617 721 14
1202 1260 8
838 941 14
1042 1115 4
907 991 25
653 705 16
1098 1190 20
1084 1174 5
839 957 16
635 761 6
670 752 5
1125 1254 7
536 628 20
902 1021 18
487 597 26
1210 1264 27
606 659 6
836 906 1
1156 1251 26
790 871 19
1162 1252 19
742 859 4
959 1049 4
947 1032 11
866 936 19
1186 1264 2
728 808 15
638 676 12
786 859 11
672 793 18
1098 1180 11
1082 1130 10
967 1055 7
954 1021 21
712 828 18
712 814 7
633 734 7
883 939 13
659 740 6
911 1012 12
812 882 15
707 802 13
753 859 26
1101 1163 23
729 851 3
753 838 5
696 787 23
808 879 3
797 874 12
1050 1143 3
600 691 2
854 923 26
1031 1096 5
957 1071 17
1097 1142 20
606 661 15
662 784 4
640 759 12
982 1032 12
810 884 23
762 860 12
735 842 3
863 930 26
1125 1257 8
768 852 17
843 933 11
934 1034 27
782 855 19
927 1019 26
708 757 8
794 860 1
1037 1115 6
958 1077 25
1104 1188 5
785 899 1
1225 1260 24
1154 1264 26
1192 1264 6
779 859 10
1159 1264 7
815 912 7
591 709 0
756 828 14
1175 1263 1
877 945 26
736 802 10
574 659 26
685 770 24
730 815 20
879 965 12
551 634 4
538 629 11
591 670 13
668 770 1
755 818 15
746 856 26
775 859 27
873 910 19
775 879 13
928 1034 25
1030 1114 0
1130 1209 10
1117 1240 4
609 695 14
901 1033 15
769 841 12
710 828 5
913 1032 19
1174 1263 20
631 700 5
947 1028 26
912 1034 7
783 903 8
670 790 13
965 1033 0
568 673 16
521 590 15
713 800 24
731 859 14
1167 1259 23
676 745 12
682 730 14
665 761 16
816 881 11
801 838 24
809 859 19
998 1033 16
519 594 18
830 945 25
955 1039 4
761 852 9
866 954 1
1098 1181 5
1190 1264 20
705 760 16
679 771 4
758 848 8
1208 1257 12
915 1034 3
761 858 6
913 978 1
884 976 7
999 1104 27
805 857 3
650 695 4
925 1048 15
1184 1264 8
762 859 16
697 798 14
801 860 11
817 901 20
535 611 19
977 1033 5
1120 1190 0
613 734 8
634 696 11
1195 1264 9
829 938 18
939 1029 18
894 984 14
984 1033 1
1155 1262 20
1004 1089 10
819 922 15
1157 1250 8
909 1011 15
469 591 22
768 846 24
969 1033 2
911 1009 3
997 1064 25
442 516 5
870 951 8
1059 1147 4
951 1017 11
532 627 5
599 694 23
638 737 4
946 1028 25
1145 1196 3
737 853 12
723 823 7
1121 1188 27
683 796 27
849 904 24
1145 1254 20
966 1032 5
803 856 21
594 709 11
1068 1147 7
662 784 15
1152 1239 18
838 955 24
1106 1248 1
735 802 8
1139 1243 7
716 813 4
798 836 15
999 1050 23
846 918 12
904 1031 8
783 850 14
975 1017 15
1112 1190 14
819 912 25
1203 1264 18
1135 1237 6
724 782 14
985 1036 11
1113 1193 1
695 762 4
698 785 23
746 857 6
702 774 15
1194 1256 14
947 1004 15
1156 1225 8
713 767 0
631 731 5
672 771 11
1158 1264 23
907 1023 24
623 667 1
1064 1119 7
617 712 11
668 738 2
632 706 0
1208 1264 13
517 623 18
991 1085 15
771 855 4
1148 1264 7
1049 1123 11
802 906 18
804 917 7
992 1065 21
972 1043 24
763 853 7
738 854 2
613 683 19
721 844 23
941 1031 19
699 772 11
1015 1120 7
1075 1160 25
883 964 12
1161 1264 1
923 1027 27
685 757 19
1192 1263 5
823 902 17
1192 1261 18
1210 1264 13
1123 1243 7
787 859 23
635 715 18
1177 1250 23
933 1016 7
756 858 27
969 1030 12
761 856 19
1093 1172 6
789 895 16
742 858 11
1028 1129 26
1067 1120 21
1080 1159 25
926 1032 1
565 681 22
808 924 13
945 1022 16
722 845 1
1003 1102 22
1191 1246 13
906 1026 18
1138 1261 21
813 925 18
1128 1188 3
761 857 21
1005 1068 23
931 1024 12
730 852 3
662 703 7
736 854 7
704 791 14
1030 1152 5
649 737 26
907 1032 17
1049 1165 24
958 1034 24
700 760 20
803 855 8
591 676 22
843 928 5
796 859 27
704 764 7
902 1022 13
1189 1229 21
690 754 16
1000 1071 7
809 902 10
963 1034 12
1196 1241 3
514 594 13
921 1032 27
1055 1141 7
898 1034 10
930 1032 26
1146 1262 7
943 1027 25
784 857 14
908 941 5
790 859 13
1197 1263 10
765 859 7
1193 1259 0
1095 1179 3
655 750 11
805 881 2
722 806 11
1017 1138 3
683 767 14
1196 1263 1
752 854 11
960 1034 21
842 911 15
943 1032 14
747 829 21
1216 1255 19
735 858 5
1155 1248 0
706 786 0
830 902 21
745 859 12
990 1033 17
1156 1258 1
1196 1264 19
919 971 15
753 843 5
591 696 8
1107 1175 22
951 1034 8
591 728 15
810 919 8
1030 1127 1
1180 1259 3
805 856 14
944 1032 13
892 992 23
740 794 14
1115 1197 6
940 1031 6
748 856 26
993 1031 23
779 857 24
962 1031 16
697 745 8
825 950 15
993 1034 19
930 1023 1
882 968 2
1181 1264 5
941 1031 12
1159 1261 5
901 949 20
813 858 4
1129 1183 26
675 766 26
1039 1174 4
860 968 5
925 1026 25
730 859 15
788 855 0
692 773 2
975 1055 12
774 854 26
670 754 1
770 852 0
630 690 6
935 1034 10
803 859 13
908 948 21
730 791 23
769 821 20
1151 1259 3
701 818 22
765 834 11
923 1032 15
702 835 18
975 1031 5
765 851 0
1090 1236 10
1180 1264 24
737 798 4
1074 1128 23
788 857 4
1172 1265 6
887 1018 26
1024 1157 21
922 1034 27
761 846 16
676 772 22
958 1030 15
941 992 5
710 850 14
806 859 11
813 859 6
1164 1230 27
784 859 15
1063 1125 25
622 721 13
1052 1181 15
804 859 2
1166 1219 25
1053 1161 23
1180 1253 4
799 855 4
771 829 0
649 755 20
1159 1255 21
764 855 16
746 824 8
714 768 22
958 1025 24
1195 1263 27
1086 1187 15
918 1048 5
950 1034 17
1027 1096 22
1160 1264 25
665 793 18
1176 1255 22
757 839 6
929 1029 5
1159 1259 4
1157 1256 11
597 676 26
793 911 11
951 1027 20
921 1033 11
772 860 22
762 825 4
1057 1120 12
1166 1261 26
825 946 14
1077 1180 11
1000 1034 16
819 927 22
981 1034 25
1166 1259 23
936 1033 18
801 931 15
1215 1241 5
923 1033 8
969 1034 2
691 764 6
778 858 18
1153 1263 5
1129 1262 8
832 942 20
735 853 13
906 1027 13
1162 1263 25
1073 1169 17
699 750 15
765 844 6
809 928 14
1135 1257 12
957 1032 20
923 1034 25
1209 1264 10
903 972 1
1197 1265 6
931 1016 14
1183 1264 26
767 854 6
929 1025 18
992 1131 5
1203 1260 27
743 799 26
956 1034 1
716 857 11
738 859 11
907 1034 10
799 857 22
1125 1257 22
756 855 1
682 751 26
973 1034 13
768 859 14
732 851 5
935 1034 15
787 858 0
800 858 26
1181 1264 15
778 859 11
802 859 13
972 1034 1
1197 1264 3
1131 1262 1
1176 1238 17
763 857 26
761 842 20
743 859 23
967 1023 6
1178 1264 26
801 836 23
1150 1254 3
843 987 8
980 1034 17
929 1034 22
1190 1247 23
1187 1263 15
775 858 2
976 1010 15
734 851 18
1131 1264 5
799 858 14
913 1026 6
825 859 4
Shifts = 4
0 0 0 0 0 0
390 0 0 470 0 0
555 0 0 480 0 0
795 0 0 470 0 0
Employees = 20
626: 2 6 7 11 12 13 20 25 26 28 30 32 36 39 40 43 49 52 55 61 62 64 68 79 82 85 88 103 105 108 109 111 112 125 128 131 141 143 144 145 150 164 167 168 169 171 172 176 181 182 183 192 197 201 205 210 212 219 220 223 224 225 229 230 232 235 237 240 241 246 249 253 254 255 267 270 272 277 283 285 286 299 300 312 313 315 322 326 328 330 331 333 337 339 341 348 349 350 351 352 354 355 356 357 363 367 370 373 382 383 384 392 393 395 396 403 408 411 417 422 428 429 434 438 441 442 447 448 451 454 459 462 467 468 469 476 492 497 498 502 503 506 507 508 511 512 514 518 525 526 530 535 539 540 541 544 550 552 554 555 556 558 560 566 570 573 575 576 577 578 579 582 583 585 592 601 602 605 609 619 623 624 626 633 634 636 639 640 643 645 646 650 652 657 663 664 666 667 668 669 671 672 680 681 686 690 696 697 701 702 703 705 710 716 719 722 724 727 736 739 740 741 746 750 755 756 757 758 759 763 764 767 776 781 789 796 797 799 801 802 804 808 811 820 823 825 827 828 832 833 850 852 855 859 860 863 865 867 868 873 874 875 876 878 881 883 884 891 893 896 906 908 913 920 923 927 928 931 936 937 939 941 942 949 951 954 957 958 960 971 976 977 980 981 988 991 1003 1008 1011 1012 1015 1017 1018 1020 1028 1030 1036 1041 1044 1052 1065 1068 1069 1071 1076 1077 1078 1080 1081 1082 1084 1090 1094 1096 1100 1103 1104 1110 1112 1114 1117 1118 1120 1121 1125 1128 1129 1132 1134 1145 1147 1150 1151 1155 1156 1158 1161 1162 1166 1170 1172 1180 1182 1183 1190 1194 1196 1199 1202 1209 1212 1217 1220 1226 1227 1232 1236 1238 1244 1253 1256 1257 1260 1262 1267 1269 1270 1274 1283 1284 1291 1292 1293 1297 1302 1303 1305 1307 1308 1310 1311 1313 1319 1320 1329 1336 1339 1352 1356 1359 1365 1370 1376 1384 1391 1396 1402 1403 1408 1413 1417 1424 1426 1430 1432 1433 1435 1442 1448 1458 1459 1464 1466 1469 1471 1473 1474 1475 1480 1481 1482 1485 1488 1491 1492 1495 1496 1501 1506 1508 1516 1522 1523 1524 1529 1538 1539 1542 1543 1546 1548 1554 1560 1561 1565 1566 1569 1570 1576 1579 1588 1592 1594 1596 1597 1599 1601 1603 1604 1609 1614 1624 1628 1633 1634 1638 1644 1649 1650 1656 1667 1670 1671 1672 1673 1675 1677 1680 1684 1685 1688 1699 1702 1705 1708 1712 1713 1717 1719 1723 1724 1725 1731 1732 1734 1739 1740 1741 1742 1750 1752 1753 1755 1756 1757 1758 1761 1762 1763 1768 1774 1775 1776 1780 1782 1785 1789 1791 1800 1811 1812 1813 1816 1821 1824 1828 1841 1842 1845 1851 1853 1863 1864 1866 1867 1868 1869 1870 1873 1877 1882 1885 1889 1893 1896 1899 1901 1902 1904 1908 1909 1916 1918 1924 1927 1929 1930 1934 1936 1941 1948 1959 1963 1964 1967 1969 1974 1976 1982 1984 1991 1992 1996 1997 1999 2001 2002 2009 2013 2014 2018 2020 2024 2027 2030 2031 2036 2039 2042 2043 2044 2047 2051 2058 2059 2063 2067 2068 2070 2071 2082 2084 2085 2086 2087 2093 2097 2100 2104 2105 2107 2109 2110 2123 2127 2128 
670: 0 2 5 12 13 17 24 26 29 30 32 33 35 36 37 38 48 50 54 62 63 68 71 72 78 80 82 83 84 85 88 90 91 93 96 97 103 106 109 111 112 113 116 120 122 124 125 126 136 146 147 148 149 150 152 156 161 164 168 169 173 176 177 179 183 184 187 191 193 196 198 201 202 205 208 213 225 227 231 235 236 240 248 250 252 253 258 259 261 263 265 266 267 276 277 279 289 295 299 302 303 306 309 310 315 319 334 335 340 342 344 353 356 358 362 363 364 365 366 373 375 376 379 386 390 394 399 403 406 410 413 428 431 432 434 435 437 439 441 443 444 448 452 456 457 458 460 464 467 470 472 478 479 480 483 484 485 487 488 492 501 511 512 515 516 520 527 528 529 533 534 537 541 542 553 560 561 565 571 576 577 583 584 589 592 594 596 597 600 601 606 607 613 615 617 624 627 629 632 634 638 639 642 643 644 646 648 651 654 657 659 668 672 674 675 677 679 680 683 690 691 694 697 702 703 705 708 709 711 717 721 722 732 735 737 741 743 750 753 755 758 760 764 765 767 770 772 777 780 782 783 790 796 801 802 805 806 807 809 813 814 821 822 829 831 832 835 836 847 851 858 859 861 872 875 876 879 881 885 887 888 894 895 899 901 908 909 912 916 922 928 932 935 936 941 942 945 948 957 959 961 964 968 974 977 996 997 998 1000 1014 1017 1018 1021 1025 1026 1031 1035 1036 1037 1039 1045 1047 1048 1051 1054 1059 1060 1062 1063 1066 1067 1068 1072 1073 1075 1079 1085 1091 1097 1103 1109 1112 1114 1115 1119 1123 1126 1128 1129 1130 1131 1135 1136 1138 1139 1140 1143 1148 1149 1150 1153 1155 1160 1161 1165 1168 1171 1174 1175 1176 1179 1187 1190 1197 1202 1208 1209 1210 1211 1212 1213 1221 1224 1227 1229 1232 1233 1236 1239 1248 1249 1251 1252 1253 1254 1255 1257 1260 1261 1262 1263 1264 1266 1269 1270 1271 1274 1286 1293 1294 1295 1297 1298 1299 1302 1306 1307 1310 1311 1314 1317 1322 1325 1326 1327 1328 1333 1336 1339 1341 1342 1344 1348 1349 1356 1357 1359 1361 1365 1369 1372 1380 1387 1389 1391 1395 1399 1402 1405 1407 1408 1410 1411 1414 1415 1416 1421 1422 1430 1432 1433 1439 1440 1441 1445 1446 1454 1457 1459 1460 1463 1467 1471 1474 1488 1490 1494 1496 1502 1508 1513 1516 1518 1520 1521 1531 1539 1543 1544 1546 1548 1549 1551 1554 1558 1559 1561 1563 1564 1565 1571 1573 1574 1577 1582 1586 1589 1592 1593 1595 1597 1599 1606 1607 1610 1613 1614 1618 1623 1630 1631 1635 1652 1655 1659 1664 1666 1668 1670 1672 1674 1675 1676 1677 1680 1683 1687 1688 1697 1698 1710 1712 1714 1718 1721 1722 1723 1728 1740 1745 1751 1752 1753 1754 1770 1773 1774 1775 1777 1779 1786 1789 1791 1792 1799 1802 1804 1811 1813 1815 1819 1821 1822 1824 1832 1833 1834 1838 1842 1844 1848 1851 1857 1859 1865 1867 1870 1873 1875 1880 1881 1885 1888 1891 1894 1895 1902 1903 1905 1908 1915 1916 1924 1925 1926 1929 1930 1932 1933 1934 1938 1943 1945 1947 1954 1956 1958 1959 1964 1982 1985 1986 1990 1993 1996 1997 2000 2002 2008 2010 2013 2014 2017 2018 2019 2020 2021 2028 2031 2046 2047 2051 2053 2054 2059 2064 2065 2069 2070 2072 2076 2079 2081 2088 2090 2092 2094 2095 2099 2100 2101 2102 2104 2105 2107 2111 2112 2126 2129 2130 
645: 2 4 6 7 11 15 19 21 25 26 30 44 45 46 47 51 52 56 57 59 62 64 67 69 71 73 74 78 79 87 88 89 99 101 102 103 108 116 119 123 124 132 133 137 140 145 148 151 160 162 165 170 174 175 187 193 202 203 208 217 224 225 230 232 234 236 238 239 242 244 246 250 255 256 260 263 268 270 273 277 278 279 281 284 285 286 287 290 291 292 293 294 295 298 302 307 308 309 316 318 319 324 325 328 329 330 333 337 343 345 354 357 358 360 361 364 368 369 374 376 379 380 386 388 390 391 393 399 400 402 412 425 427 428 432 437 438 441 445 455 458 459 461 463 467 477 481 483 492 496 497 499 502 503 512 513 514 528 530 539 540 541 543 546 548 560 561 566 567 569 571 577 579 580 581 588 591 593 598 600 601 605 607 610 612 616 620 621 624 626 639 644 646 650 653 654 656 657 661 663 665 673 676 678 680 688 692 693 695 697 701 705 708 710 711 713 715 717 718 721 722 730 739 741 744 745 749 750 752 754 761 764 766 768 771 772 773 776 780 782 793 794 798 800 805 811 813 814 817 818 820 833 838 841 843 844 849 861 863 865 867 869 878 880 881 883 885 889 891 892 899 900 904 905 910 913 914 922 923 927 929 934 937 938 940 954 956 958 964 971 972 975 976 988 993 994 1000 1006 1008 1013 1015 1017 1022 1025 1027 1030 1032 1034 1036 1039 1047 1051 1052 1055 1057 1068 1075 1076 1077 1079 1083 1089 1093 1096 1097 1101 1102 1103 1104 1105 1111 1112 1116 1119 1120 1122 1127 1132 1133 1134 1136 1138 1141 1143 1146 1148 1149 1151 1159 1164 1171 1175 1178 1179 1185 1189 1190 1191 1192 1203 1215 1219 1224 1225 1231 1238 1239 1243 1248 1253 1254 1262 1263 1266 1269 1277 1278 1285 1286 1288 1291 1293 1294 1299 1309 1311 1315 1319 1325 1327 1328 1330 1331 1334 1336 1337 1340 1345 1346 1347 1349 1351 1352 1353 1355 1358 1359 1361 1367 1370 1373 1375 1376 1384 1388 1392 1393 1394 1401 1402 1409 1415 1416 1419 1420 1422 1424 1427 1431 1432 1435 1439 1442 1445 1448 1449 1450 1458 1461 1465 1467 1470 1472 1476 1480 1482 1483 1489 1490 1493 1495 1498 1503 1509 1513 1515 1522 1523 1525 1528 1531 1537 1542 1546 1548 1555 1559 1562 1564 1565 1569 1570 1571 1574 1577 1582 1583 1584 1587 1592 1595 1600 1601 1611 1622 1625 1626 1631 1633 1634 1638 1641 1646 1648 1650 1652 1658 1661 1666 1670 1673 1675 1677 1678 1682 1689 1692 1696 1698 1699 1700 1703 1711 1712 1713 1718 1720 1722 1726 1727 1729 1730 1731 1733 1735 1736 1739 1740 1741 1742 1743 1745 1762 1764 1765 1769 1772 1779 1781 1782 1784 1787 1794 1796 1799 1801 1802 1803 1804 1808 1810 1812 1813 1817 1823 1824 1827 1831 1832 1836 1844 1846 1850 1852 1854 1856 1857 1861 1873 1875 1882 1886 1889 1891 1892 1893 1896 1897 1898 1900 1904 1907 1908 1909 1912 1913 1914 1916 1922 1925 1926 1933 1934 1939 1951 1952 1954 1955 1956 1963 1965 1966 1969 1973 1977 1980 1996 1997 1999 2005 2010 2012 2019 2029 2030 2034 2038 2042 2043 2052 2054 2056 2057 2060 2061 2063 2066 2067 2069 2077 2079 2082 2088 2092 2094 2095 2096 2097 2102 2104 2109 2121 2123 2124 2126 
676: 0 3 7 11 16 23 24 37 40 41 47 53 57 59 60 64 65 71 72 74 75 83 91 94 97 104 111 114 118 119 124 128 134 135 139 144 145 146 150 151 153 154 158 159 160 163 174 178 181 193 194 199 200 203 209 214 215 221 222 224 227 229 239 241 244 245 247 249 250 259 262 263 265 267 271 274 277 281 285 286 287 288 289 297 299 303 308 309 315 319 321 327 328 332 334 343 345 355 359 360 362 367 370 372 376 381 382 388 390 391 394 402 404 407 418 419 423 425 428 430 431 432 436 437 441 446 448 452 457 458 459 461 473 475 480 485 487 493 495 499 500 503 504 506 510 512 518 519 520 521 522 523 531 532 545 548 551 554 557 560 562 564 566 573 581 583 586 587 588 591 593 594 595 597 599 600 606 611 614 615 621 632 633 638 639 647 650 651 654 661 662 664 666 669 670 671 674 692 696 701 705 707 708 709 712 714 716 719 721 723 728 730 738 739 746 750 754 757 759 765 767 771 773 775 785 789 790 791 792 793 796 802 803 804 809 815 821 822 825 829 831 839 841 849 852 854 855 858 865 872 875 876 877 882 883 884 891 898 899 900 902 903 904 905 908 913 916 926 927 930 936 939 943 944 946 950 957 962 966 968 977 979 980 981 982 983 988 989 992 994 995 996 998 1001 1004 1012 1014 1017 1020 1021 1022 1023 1025 1026 1028 1046 1055 1060 1062 1063 1065 1068 1075 1077 1079 1082 1089 1092 1093 1098 1102 1108 1110 1111 1112 1113 1114 1116 1122 1123 1124 1126 1129 1133 1135 1136 1137 1144 1146 1149 1154 1160 1164 1170 1172 1174 1175 1176 1177 1184 1188 1190 1192 1193 1198 1203 1207 1217 1218 1225 1227 1231 1234 1237 1238 1239 1240 1243 1250 1257 1258 1260 1263 1266 1269 1271 1275 1278 1281 1283 1289 1293 1295 1300 1301 1302 1303 1304 1305 1308 1310 1316 1317 1320 1331 1334 1338 1339 1340 1342 1343 1345 1351 1356 1366 1368 1374 1376 1377 1380 1381 1385 1386 1388 1390 1392 1393 1394 1398 1400 1404 1406 1408 1409 1410 1414 1415 1419 1424 1426 1427 1429 1430 1431 1432 1433 1435 1436 1440 1441 1443 1446 1447 1451 1453 1455 1460 1462 1468 1469 1471 1476 1485 1492 1495 1497 1504 1506 1510 1512 1515 1516 1519 1520 1523 1524 1532 1537 1538 1540 1545 1548 1549 1550 1551 1553 1564 1565 1568 1569 1570 1572 1577 1579 1581 1583 1584 1586 1590 1592 1593 1601 1603 1604 1607 1610 1611 1615 1622 1626 1627 1628 1632 1633 1635 1636 1637 1638 1640 1642 1646 1647 1649 1650 1654 1657 1658 1659 1669 1671 1677 1678 1679 1680 1683 1686 1687 1688 1691 1695 1700 1702 1707 1708 1710 1714 1722 1724 1727 1729 1734 1736 1739 1742 1744 1745 1747 1748 1752 1754 1759 1760 1761 1763 1764 1769 1777 1778 1785 1788 1790 1796 1798 1800 1804 1808 1810 1811 1819 1823 1827 1831 1832 1833 1845 1846 1849 1854 1857 1858 1861 1864 1865 1871 1873 1875 1879 1880 1882 1883 1884 1888 1890 1892 1893 1897 1898 1902 1904 1905 1909 1912 1925 1928 1930 1932 1933 1935 1943 1948 1949 1953 1954 1964 1965 1966 1969 1971 1972 1974 1976 1979 1982 1990 1991 1993 1997 1999 2000 2004 2007 2008 2009 2012 2014 2017 2020 2022 2024 2027 2031 2036 2042 2043 2044 2045 2048 2050 2051 2057 2059 2062 2063 2064 2066 2068 2071 2074 2080 2086 2089 2090 2093 2097 2099 2105 2106 2107 2109 2113 2118 2119 2122 2123 2124 2125 
614: 0 4 5 6 10 16 18 22 28 31 40 41 50 51 56 58 62 63 64 65 71 81 82 84 86 97 99 105 111 116 120 122 125 126 129 131 138 146 151 164 165 166 167 169 170 172 174 175 176 177 181 184 189 193 194 196 199 204 211 216 219 223 225 228 229 230 235 238 247 249 252 257 265 270 275 276 277 281 287 289 291 292 296 297 307 308 314 315 323 326 336 344 346 352 355 356 357 364 368 369 372 373 374 376 387 391 392 395 397 405 408 410 411 414 416 419 422 423 426 428 440 442 448 460 461 465 468 473 479 482 491 492 493 494 495 506 509 517 518 524 528 541 544 553 557 559 562 563 565 566 569 571 572 573 574 575 577 583 586 591 601 603 605 607 608 610 613 614 617 626 630 639 644 649 651 656 660 664 667 673 677 680 681 682 687 689 690 694 695 698 699 702 704 706 710 716 717 720 723 724 725 729 734 736 740 744 752 756 759 761 762 764 765 766 767 770 771 772 775 778 779 783 785 787 789 793 797 798 801 807 809 810 811 813 814 821 827 837 841 844 846 847 850 855 857 860 861 864 865 867 869 871 875 876 883 884 886 887 893 904 906 910 911 913 914 918 920 921 923 924 928 929 931 936 943 946 948 949 956 961 963 965 968 969 970 971 974 976 978 979 984 985 987 991 992 993 994 996 997 1002 1009 1013 1016 1018 1021 1023 1027 1031 1040 1041 1042 1049 1053 1054 1059 1060 1061 1063 1068 1079 1085 1088 1090 1091 1100 1106 1107 1114 1118 1119 1121 1122 1126 1128 1129 1137 1138 1140 1149 1150 1153 1154 1158 1159 1161 1165 1170 1172 1175 1178 1184 1191 1197 1199 1204 1208 1212 1213 1215 1217 1231 1233 1236 1240 1243 1245 1246 1247 1248 1250 1253 1255 1256 1258 1261 1262 1269 1279 1280 1286 1288 1297 1299 1305 1314 1322 1326 1327 1329 1331 1339 1340 1342 1345 1349 1354 1355 1358 1362 1367 1371 1375 1379 1383 1385 1388 1389 1390 1391 1392 1397 1398 1399 1403 1404 1406 1410 1415 1430 1431 1433 1441 1444 1457 1458 1465 1468 1469 1470 1474 1475 1476 1481 1484 1488 1490 1491 1494 1498 1500 1501 1505 1507 1508 1512 1513 1520 1521 1522 1524 1530 1534 1539 1541 1542 1546 1547 1552 1553 1554 1562 1563 1571 1572 1575 1578 1584 1588 1589 1596 1597 1602 1605 1606 1608 1613 1615 1617 1627 1629 1642 1647 1648 1660 1661 1667 1670 1671 1675 1677 1679 1686 1689 1690 1692 1697 1701 1703 1704 1706 1712 1717 1722 1724 1725 1728 1729 1732 1734 1736 1744 1747 1750 1751 1754 1755 1759 1762 1763 1764 1767 1770 1771 1778 1780 1784 1791 1794 1801 1805 1806 1808 1830 1833 1836 1840 1844 1846 1847 1848 1849 1855 1857 1860 1863 1866 1868 1871 1873 1874 1875 1878 1880 1888 1891 1893 1895 1897 1898 1899 1908 1910 1914 1916 1919 1920 1922 1926 1927 1935 1940 1956 1962 1963 1965 1966 1968 1970 1971 1973 1977 1978 1980 1987 1995 2008 2010 2012 2023 2034 2036 2040 2042 2043 2051 2059 2070 2073 2074 2075 2079 2080 2082 2084 2086 2099 2110 2111 2117 2119 2122 2126 2130 2132 
621: 2 7 9 12 18 19 20 23 24 27 30 35 37 40 41 46 47 60 63 65 68 72 74 78 83 84 87 91 92 94 95 96 99 100 101 103 111 122 124 139 143 150 155 157 158 175 176 177 183 186 194 195 196 198 201 203 204 209 210 212 213 218 222 227 231 233 237 244 245 251 253 255 260 266 268 273 274 275 276 280 282 283 284 293 295 300 302 304 313 318 319 325 326 327 334 335 338 339 342 345 349 351 356 361 362 370 373 380 382 384 386 388 391 392 398 401 402 414 419 421 424 431 435 438 439 441 444 446 448 450 455 459 466 467 470 472 478 480 486 488 489 492 497 498 503 505 506 507 508 512 517 519 525 526 536 537 539 542 543 544 549 555 556 559 562 563 564 565 566 570 572 579 581 582 589 597 599 604 605 608 618 620 622 624 639 642 643 645 658 665 667 670 679 680 684 686 687 689 690 691 692 696 705 708 710 716 718 724 726 729 731 733 734 735 743 745 747 748 752 756 757 758 764 765 768 769 774 777 780 783 786 788 791 794 796 797 799 802 807 808 813 824 825 828 830 832 835 840 841 852 860 863 866 871 874 877 881 893 894 907 917 922 926 927 931 935 936 937 943 946 948 949 950 951 954 961 962 966 967 970 977 979 987 994 999 1001 1003 1004 1005 1007 1014 1016 1018 1022 1027 1030 1032 1033 1036 1038 1040 1044 1050 1051 1070 1073 1077 1078 1081 1089 1100 1101 1108 1109 1110 1112 1113 1116 1117 1123 1124 1126 1132 1133 1147 1149 1150 1157 1160 1172 1173 1176 1178 1180 1181 1183 1184 1185 1188 1192 1193 1194 1195 1196 1198 1200 1201 1202 1203 1204 1205 1207 1211 1215 1216 1217 1218 1221 1235 1237 1239 1254 1255 1258 1259 1262 1269 1273 1274 1277 1279 1285 1286 1288 1291 1293 1299 1305 1308 1314 1315 1322 1325 1326 1327 1331 1332 1336 1348 1351 1355 1359 1363 1364 1366 1368 1371 1372 1374 1376 1381 1386 1387 1389 1395 1396 1397 1398 1399 1400 1406 1407 1411 1419 1423 1430 1432 1434 1440 1442 1446 1447 1454 1455 1456 1464 1466 1471 1476 1483 1485 1492 1493 1495 1497 1503 1504 1513 1517 1518 1522 1523 1525 1527 1528 1529 1532 1533 1535 1537 1541 1542 1544 1545 1547 1549 1554 1557 1563 1564 1573 1575 1578 1588 1589 1602 1604 1606 1608 1612 1613 1616 1619 1620 1624 1626 1629 1636 1637 1645 1648 1649 1651 1653 1655 1658 1661 1664 1665 1666 1668 1669 1674 1686 1695 1696 1697 1706 1709 1711 1719 1723 1726 1730 1731 1733 1734 1741 1744 1746 1755 1757 1760 1768 1771 1772 1782 1785 1791 1793 1795 1796 1798 1803 1809 1810 1814 1816 1817 1818 1823 1824 1825 1826 1827 1829 1831 1837 1839 1842 1844 1847 1848 1849 1852 1854 1855 1857 1862 1870 1874 1882 1884 1886 1890 1894 1895 1896 1901 1909 1914 1915 1918 1920 1933 1937 1938 1939 1943 1951 1952 1959 1965 1968 1972 1974 1975 1978 1979 1981 1982 1985 1989 1995 1996 2002 2005 2009 2019 2029 2030 2035 2040 2042 2043 2054 2059 2060 2061 2062 2064 2069 2076 2079 2081 2088 2092 2096 2101 2106 2107 2112 2113 2116 2117 2119 2121 2122 2126 2129 2132 
609: 2 3 6 10 11 22 25 28 33 38 52 54 58 60 66 67 69 71 72 73 74 76 77 82 85 93 94 105 117 123 124 126 129 131 133 135 143 151 156 157 161 169 172 173 178 179 182 183 184 185 188 193 194 198 200 203 205 206 210 215 216 219 225 232 236 237 241 242 244 245 255 258 259 260 284 286 288 294 297 298 300 301 304 308 315 316 327 336 339 341 346 349 353 354 356 359 363 367 370 371 374 375 377 379 380 383 385 386 388 390 395 398 399 401 402 403 404 405 410 415 417 422 423 424 425 429 432 433 434 436 439 444 445 446 452 454 456 457 458 466 468 477 479 480 485 487 489 494 496 497 498 506 507 513 515 517 520 523 524 529 531 533 536 542 543 550 551 559 562 563 566 568 569 572 575 581 583 584 586 587 590 592 598 599 606 607 610 617 618 619 620 623 628 633 634 639 642 655 658 664 667 669 670 673 683 684 685 689 697 698 704 706 708 709 711 713 722 723 724 725 726 728 732 733 734 735 739 743 744 747 748 749 751 755 760 765 768 769 771 776 777 784 788 792 796 801 810 811 812 813 815 823 830 831 834 837 843 845 853 862 868 869 870 872 873 877 878 882 891 895 896 897 905 906 907 910 911 914 916 919 925 938 940 943 944 948 950 952 958 959 963 965 967 969 976 980 982 983 984 987 988 989 998 1002 1004 1005 1007 1010 1015 1019 1029 1031 1036 1042 1049 1055 1056 1061 1062 1072 1074 1076 1086 1094 1097 1101 1110 1111 1120 1122 1123 1126 1132 1134 1137 1138 1142 1146 1147 1151 1157 1158 1164 1168 1178 1179 1181 1182 1188 1194 1195 1198 1202 1203 1207 1208 1213 1214 1217 1221 1222 1225 1228 1232 1233 1241 1249 1254 1262 1264 1268 1269 1274 1276 1281 1282 1285 1288 1292 1302 1306 1315 1316 1319 1320 1321 1323 1341 1348 1349 1357 1359 1360 1361 1365 1371 1372 1373 1379 1391 1395 1397 1398 1399 1400 1402 1405 1416 1432 1437 1450 1451 1452 1453 1455 1457 1462 1468 1469 1472 1483 1486 1487 1493 1496 1499 1504 1506 1507 1510 1512 1522 1525 1527 1532 1533 1536 1548 1549 1551 1557 1559 1561 1566 1567 1568 1575 1576 1577 1578 1579 1581 1582 1586 1589 1596 1600 1602 1606 1610 1612 1614 1615 1616 1617 1620 1624 1625 1635 1637 1640 1645 1648 1649 1650 1653 1662 1663 1670 1675 1679 1680 1682 1687 1688 1689 1690 1691 1693 1694 1696 1700 1703 1707 1709 1711 1712 1713 1719 1722 1726 1730 1732 1734 1737 1738 1741 1743 1745 1746 1749 1750 1755 1759 1772 1779 1796 1798 1803 1805 1810 1813 1814 1816 1817 1820 1825 1827 1829 1830 1831 1836 1837 1839 1842 1847 1860 1861 1862 1864 1866 1873 1880 1887 1890 1898 1908 1910 1915 1919 1922 1924 1925 1926 1927 1929 1931 1937 1944 1948 1950 1959 1964 1966 1968 1969 1973 1975 1978 1979 1981 1985 1996 2000 2003 2008 2009 2011 2013 2021 2027 2034 2036 2041 2042 2049 2050 2056 2057 2059 2064 2066 2069 2070 2081 2084 2091 2092 2093 2096 2099 2104 2105 2110 2112 2119 2124 2128 2132 
665: 0 4 7 10 11 13 14 17 18 19 20 24 25 31 32 34 36 43 45 46 47 48 50 55 57 58 59 60 62 63 65 67 70 73 74 77 78 82 87 90 92 93 101 103 104 106 107 113 114 117 118 120 122 123 125 130 132 138 142 146 149 150 153 155 159 163 167 180 182 185 187 189 191 196 197 201 202 211 214 215 216 217 221 223 225 226 227 230 238 243 249 250 260 261 262 264 268 269 272 277 278 280 282 284 285 286 287 290 294 295 297 300 302 305 306 310 311 312 315 317 324 338 342 351 352 359 360 361 363 365 366 368 369 372 373 375 377 378 380 382 391 396 401 407 408 413 415 416 420 428 433 434 435 439 440 441 445 446 450 456 458 467 468 471 477 480 482 483 484 488 496 502 503 512 513 515 519 522 524 528 533 534 535 545 550 559 562 564 568 570 575 576 585 591 594 598 600 603 614 618 621 623 629 631 634 637 638 641 645 651 654 655 662 667 668 672 674 676 682 683 684 688 689 690 692 693 694 708 709 710 714 718 723 727 730 733 738 747 750 751 754 758 762 766 770 774 775 778 782 783 789 800 804 807 808 809 812 813 815 818 820 825 826 830 834 849 854 862 865 866 868 872 877 880 887 888 891 892 893 896 899 901 903 905 912 917 921 923 934 937 939 941 943 944 947 970 972 974 976 977 981 986 991 993 997 1001 1004 1013 1015 1016 1020 1021 1026 1030 1031 1034 1035 1036 1037 1039 1041 1049 1055 1058 1060 1065 1068 1069 1072 1079 1080 1081 1083 1087 1092 1095 1098 1103 1104 1110 1113 1115 1117 1121 1125 1135 1136 1138 1139 1141 1143 1147 1152 1155 1157 1166 1169 1173 1179 1180 1184 1186 1187 1190 1194 1195 1196 1200 1210 1221 1225 1229 1232 1235 1237 1241 1246 1249 1252 1254 1255 1260 1265 1267 1268 1269 1272 1276 1284 1285 1289 1292 1299 1305 1308 1309 1311 1312 1314 1316 1323 1325 1327 1328 1330 1332 1333 1337 1339 1345 1346 1347 1350 1353 1356 1359 1361 1365 1369 1382 1386 1389 1393 1403 1404 1407 1408 1411 1413 1416 1418 1420 1423 1425 1430 1431 1433 1436 1443 1444 1447 1451 1455 1461 1463 1466 1470 1473 1481 1482 1487 1491 1492 1496 1499 1502 1511 1513 1517 1519 1524 1525 1527 1529 1535 1547 1555 1557 1558 1560 1561 1563 1565 1566 1567 1570 1572 1577 1580 1581 1582 1587 1591 1595 1598 1599 1601 1603 1609 1610 1611 1613 1614 1616 1618 1623 1626 1628 1631 1633 1634 1639 1640 1650 1654 1659 1667 1670 1671 1672 1673 1675 1676 1678 1679 1685 1688 1697 1698 1700 1706 1707 1715 1717 1719 1720 1722 1724 1726 1728 1729 1734 1738 1746 1747 1748 1749 1756 1759 1763 1768 1769 1770 1771 1774 1775 1777 1784 1788 1789 1790 1794 1796 1798 1800 1805 1807 1811 1820 1823 1825 1830 1835 1840 1842 1843 1846 1856 1868 1874 1876 1881 1882 1885 1888 1889 1891 1894 1896 1897 1898 1899 1900 1904 1906 1910 1911 1915 1917 1918 1923 1924 1927 1928 1931 1934 1936 1941 1947 1953 1954 1955 1960 1961 1962 1966 1968 1969 1972 1984 1986 1987 1988 1989 1992 1995 1996 1997 2000 2001 2003 2004 2009 2010 2013 2017 2020 2021 2027 2028 2041 2042 2043 2044 2045 2046 2050 2053 2054 2060 2061 2068 2071 2072 2073 2075 2076 2077 2089 2092 2094 2096 2098 2104 2105 2106 2114 2117 2119 2121 2123 2125 2127 2129 2130 
646: 0 1 8 10 11 13 14 16 18 22 24 27 37 40 41 45 49 51 53 69 74 77 82 84 88 90 92 94 95 96 100 101 102 103 108 112 115 125 128 129 141 143 144 148 149 151 154 160 161 163 164 166 170 173 175 181 190 195 197 198 201 208 212 216 220 229 238 239 247 254 261 264 266 272 275 276 278 281 282 286 287 290 291 294 296 297 299 302 312 316 318 319 329 331 332 336 341 342 344 346 348 349 350 355 356 359 360 368 376 377 378 379 382 383 385 386 388 390 392 393 394 401 403 404 406 407 409 411 429 430 440 443 445 446 448 450 453 457 460 463 464 471 474 478 479 488 490 494 500 501 503 506 509 512 520 522 527 534 538 542 544 547 548 550 557 558 559 561 571 578 581 584 586 587 588 589 591 595 597 600 606 612 614 616 618 619 620 621 629 630 633 635 637 639 645 647 649 662 668 673 676 681 683 684 685 686 687 692 693 694 696 704 707 708 710 712 721 725 738 739 743 746 748 752 753 754 756 759 763 764 767 771 786 787 789 792 796 798 802 807 809 811 812 814 817 818 822 826 827 828 833 835 844 847 849 855 857 861 863 864 867 869 870 871 872 876 880 881 898 906 907 908 909 910 911 916 919 921 923 925 929 930 933 936 938 945 946 948 950 953 954 956 959 964 965 966 972 980 984 988 992 995 1001 1002 1009 1010 1012 1016 1021 1023 1024 1026 1027 1028 1030 1033 1034 1037 1043 1046 1048 1049 1050 1051 1052 1054 1055 1056 1059 1060 1065 1066 1067 1069 1071 1076 1081 1083 1089 1095 1099 1105 1107 1110 1117 1118 1127 1130 1131 1133 1141 1148 1154 1156 1161 1162 1163 1164 1167 1172 1173 1177 1183 1187 1191 1194 1196 1198 1204 1206 1208 1209 1210 1211 1216 1218 1220 1222 1227 1229 1231 1232 1246 1247 1249 1253 1254 1255 1256 1258 1259 1262 1264 1266 1271 1272 1275 1276 1278 1285 1288 1290 1293 1307 1308 1312 1315 1320 1324 1326 1333 1339 1341 1345 1352 1353 1358 1360 1361 1364 1365 1368 1374 1378 1380 1388 1391 1399 1400 1403 1406 1410 1414 1415 1416 1419 1426 1430 1437 1439 1442 1446 1448 1449 1451 1453 1459 1462 1466 1469 1475 1477 1480 1487 1488 1490 1491 1502 1503 1514 1515 1517 1518 1526 1531 1533 1540 1541 1542 1543 1545 1546 1552 1554 1556 1559 1561 1563 1570 1575 1578 1579 1582 1584 1585 1586 1588 1589 1590 1592 1594 1604 1615 1617 1623 1627 1629 1634 1642 1643 1648 1649 1659 1662 1667 1668 1672 1673 1674 1675 1683 1684 1685 1686 1687 1690 1693 1699 1702 1703 1704 1705 1706 1709 1710 1712 1713 1720 1722 1724 1728 1732 1733 1735 1737 1738 1740 1741 1745 1748 1749 1752 1753 1755 1757 1758 1765 1768 1775 1776 1778 1779 1783 1784 1788 1791 1802 1803 1815 1818 1819 1823 1824 1828 1843 1846 1847 1855 1857 1858 1863 1867 1871 1872 1875 1886 1887 1888 1889 1894 1898 1899 1900 1919 1922 1929 1931 1933 1934 1935 1936 1938 1939 1941 1943 1949 1954 1955 1960 1962 1969 1970 1984 1994 1998 1999 2001 2002 2003 2006 2012 2014 2018 2020 2021 2028 2029 2030 2031 2033 2050 2052 2053 2056 2058 2063 2064 2071 2072 2073 2078 2081 2082 2086 2087 2088 2099 2103 2107 2108 2111 2117 2119 2126 2129 2130 
650: 0 1 4 7 11 12 14 17 21 26 27 32 43 49 50 51 61 64 66 72 75 79 83 85 87 89 92 96 100 103 106 110 117 122 124 127 133 135 142 143 147 158 163 165 169 170 174 177 180 181 184 185 186 193 198 200 201 205 207 209 213 214 216 217 222 224 226 231 233 249 252 254 265 270 271 272 276 277 280 281 283 285 288 295 296 298 300 302 303 305 309 312 316 319 323 324 330 332 333 336 339 342 350 353 356 357 359 361 362 365 366 371 376 378 386 387 389 397 400 406 408 409 411 413 420 422 424 425 428 431 432 439 440 441 442 444 447 449 450 452 460 461 464 466 469 472 478 479 480 483 488 496 500 501 505 507 510 514 515 521 522 523 524 527 531 533 539 540 545 548 554 559 560 563 569 570 576 577 578 581 587 591 592 595 597 599 603 604 606 610 614 623 629 633 634 637 645 648 650 651 652 655 656 659 662 664 669 672 674 675 682 688 692 694 695 696 698 700 708 709 710 712 716 718 720 732 737 738 741 744 751 752 756 758 761 765 772 775 780 782 784 787 793 794 800 806 807 812 816 818 821 829 831 833 835 836 838 842 848 849 854 855 858 865 867 869 872 874 875 881 885 886 891 901 903 906 907 908 910 911 917 918 920 926 927 928 935 938 939 940 942 944 948 953 955 961 962 964 965 967 970 977 986 988 993 998 1000 1004 1005 1007 1010 1016 1019 1020 1026 1027 1029 1030 1045 1061 1062 1063 1066 1070 1071 1072 1089 1090 1102 1104 1110 1111 1113 1115 1116 1119 1123 1127 1128 1133 1137 1138 1139 1141 1142 1143 1145 1146 1148 1150 1152 1156 1158 1159 1162 1164 1167 1168 1169 1171 1173 1174 1176 1178 1180 1182 1185 1188 1189 1191 1193 1194 1196 1198 1199 1202 1204 1209 1211 1215 1221 1222 1224 1233 1234 1237 1238 1242 1244 1245 1246 1248 1251 1256 1264 1265 1276 1277 1280 1282 1283 1284 1287 1289 1290 1292 1293 1295 1296 1298 1303 1306 1309 1310 1311 1312 1317 1318 1321 1324 1327 1332 1336 1343 1344 1348 1355 1357 1358 1362 1371 1379 1380 1381 1387 1389 1390 1394 1397 1404 1407 1411 1413 1425 1432 1438 1443 1454 1457 1458 1464 1466 1468 1470 1471 1476 1479 1481 1482 1483 1485 1491 1494 1495 1498 1501 1506 1507 1508 1509 1511 1515 1516 1521 1522 1528 1532 1534 1538 1539 1545 1555 1558 1559 1561 1564 1565 1569 1572 1575 1576 1585 1589 1591 1594 1605 1606 1609 1610 1614 1618 1619 1626 1629 1631 1637 1638 1639 1645 1647 1649 1655 1660 1664 1666 1667 1669 1671 1675 1680 1682 1684 1685 1688 1689 1692 1704 1707 1708 1712 1713 1714 1717 1718 1719 1720 1724 1725 1727 1731 1734 1735 1742 1745 1747 1749 1760 1763 1764 1766 1770 1771 1776 1779 1782 1784 1785 1788 1797 1804 1805 1808 1810 1813 1819 1820 1828 1830 1831 1833 1837 1844 1846 1849 1854 1855 1856 1858 1860 1863 1867 1872 1874 1876 1878 1881 1882 1895 1896 1900 1902 1905 1906 1908 1912 1917 1920 1922 1924 1926 1928 1933 1958 1959 1964 1967 1969 1974 1978 1984 1986 1987 1988 1991 1992 1999 2000 2007 2018 2020 2021 2037 2039 2041 2046 2049 2055 2057 2060 2061 2062 2063 2075 2078 2082 2089 2091 2095 2097 2100 2101 2104 2106 2112 2113 2116 2118 2120 2123 2129 
624: 1 2 11 16 17 22 25 29 31 39 40 47 50 52 53 55 57 58 60 62 71 72 74 75 77 79 81 82 84 85 86 87 89 96 97 100 102 104 109 117 119 120 123 125 131 136 137 141 142 153 154 173 176 177 179 187 188 190 191 194 195 198 199 202 203 206 209 211 213 214 220 221 224 226 230 233 234 235 236 248 250 251 255 258 260 262 263 265 268 270 273 274 276 282 284 288 290 292 298 299 302 312 313 315 320 325 327 328 331 332 341 342 344 346 349 350 355 356 358 363 366 367 370 373 376 378 380 381 383 385 393 396 397 402 404 405 413 414 419 422 423 424 427 428 431 433 434 441 444 445 446 447 451 458 461 464 465 469 471 475 476 479 482 483 484 485 489 490 491 492 496 499 507 508 509 510 512 513 516 523 526 527 528 542 543 548 549 552 553 561 563 567 569 578 580 582 586 595 598 599 602 603 607 609 612 613 614 616 620 622 624 625 633 641 642 647 649 650 653 655 656 660 662 667 668 674 676 678 679 681 684 687 690 691 693 694 698 700 703 710 711 714 719 720 724 727 729 731 733 748 756 764 767 768 774 780 785 788 789 791 796 800 806 807 808 811 813 820 823 826 828 836 840 843 845 849 854 861 866 868 877 881 883 884 887 889 893 895 898 901 905 908 913 914 918 922 923 928 932 935 940 943 945 946 953 958 959 965 967 979 982 983 984 988 989 990 991 993 994 996 1001 1008 1009 1012 1013 1015 1016 1018 1019 1021 1022 1024 1026 1030 1032 1041 1042 1043 1044 1054 1063 1067 1068 1086 1088 1089 1091 1096 1107 1108 1111 1128 1137 1140 1142 1145 1148 1151 1155 1157 1161 1164 1170 1171 1173 1176 1179 1184 1186 1188 1196 1197 1198 1199 1205 1206 1209 1212 1215 1216 1221 1230 1237 1239 1241 1243 1246 1263 1265 1270 1284 1287 1288 1289 1291 1294 1295 1298 1300 1301 1302 1305 1307 1312 1321 1324 1333 1338 1339 1346 1351 1357 1358 1362 1366 1368 1370 1371 1382 1387 1399 1403 1407 1411 1413 1417 1420 1422 1427 1429 1433 1438 1439 1443 1446 1448 1451 1453 1455 1458 1459 1461 1474 1475 1479 1482 1489 1493 1507 1512 1513 1517 1524 1530 1532 1535 1536 1539 1541 1546 1547 1549 1558 1567 1569 1574 1576 1577 1579 1581 1589 1597 1599 1602 1607 1610 1617 1620 1627 1632 1634 1637 1638 1639 1646 1650 1654 1656 1663 1666 1668 1670 1674 1676 1678 1681 1685 1687 1691 1692 1693 1694 1700 1703 1705 1709 1712 1716 1717 1722 1726 1735 1737 1738 1739 1746 1752 1765 1770 1774 1776 1779 1783 1795 1799 1805 1806 1809 1810 1812 1817 1818 1822 1824 1829 1832 1842 1843 1846 1847 1850 1851 1856 1859 1860 1862 1868 1869 1879 1887 1890 1895 1896 1898 1906 1907 1908 1909 1912 1917 1925 1928 1929 1932 1935 1939 1952 1955 1956 1957 1958 1959 1962 1967 1969 1970 1974 1975 1976 1980 1984 1990 1991 1996 2002 2006 2009 2020 2021 2030 2035 2037 2040 2041 2042 2043 2046 2049 2050 2052 2053 2054 2059 2065 2068 2071 2072 2075 2078 2079 2080 2084 2089 2090 2092 2094 2100 2102 2112 2114 2115 2119 2129 2132 
640: 9 16 18 24 29 33 34 37 39 55 57 58 59 64 65 66 71 72 75 81 90 93 94 113 122 139 142 145 149 158 183 185 186 190 191 197 198 200 203 204 205 206 212 215 221 224 228 232 234 237 238 244 245 246 248 249 254 255 257 269 272 274 275 277 282 283 284 285 289 291 292 293 298 304 307 310 311 313 316 321 327 328 332 334 337 340 341 342 349 353 358 359 363 371 374 387 388 398 399 408 414 415 420 421 441 442 443 448 450 459 467 472 477 480 485 487 488 490 495 500 501 502 505 510 513 514 515 518 522 528 531 534 537 539 540 542 543 544 546 548 553 557 558 561 565 566 582 583 585 588 591 594 596 598 599 600 602 615 619 626 628 629 630 632 633 634 635 640 642 643 646 648 650 652 653 654 655 660 668 670 672 676 678 683 690 691 697 700 702 703 704 711 715 718 726 729 730 731 732 733 735 737 738 740 743 744 749 750 751 753 757 758 767 770 771 772 775 778 780 782 784 785 791 792 793 794 799 802 809 814 816 817 819 820 822 829 833 835 837 839 842 845 846 847 859 860 862 864 866 867 874 875 877 881 882 883 889 894 895 897 902 907 908 910 917 918 920 922 925 929 930 931 935 936 942 944 947 950 964 970 973 975 978 983 985 986 989 992 993 998 1000 1001 1003 1005 1009 1012 1014 1022 1023 1024 1026 1027 1034 1038 1043 1046 1054 1056 1059 1060 1063 1064 1065 1071 1072 1073 1083 1093 1095 1098 1100 1103 1109 1110 1111 1112 1116 1119 1122 1131 1134 1137 1138 1140 1147 1149 1150 1152 1153 1158 1159 1161 1163 1165 1181 1184 1190 1195 1199 1201 1203 1204 1211 1213 1214 1216 1219 1227 1228 1231 1235 1237 1241 1246 1248 1255 1259 1260 1261 1264 1265 1269 1271 1274 1276 1280 1281 1284 1285 1287 1288 1292 1294 1311 1314 1317 1318 1319 1321 1325 1326 1327 1328 1331 1332 1336 1337 1341 1342 1346 1349 1353 1355 1358 1360 1363 1364 1368 1372 1373 1376 1378 1380 1382 1385 1393 1395 1396 1398 1400 1404 1405 1409 1411 1412 1415 1418 1422 1423 1424 1426 1427 1431 1437 1442 1443 1445 1446 1447 1450 1452 1458 1460 1466 1468 1471 1473 1484 1493 1495 1499 1506 1509 1513 1516 1518 1523 1528 1534 1538 1541 1543 1548 1550 1552 1554 1555 1564 1568 1573 1574 1576 1580 1593 1598 1604 1612 1615 1617 1625 1626 1629 1630 1631 1633 1635 1638 1644 1652 1653 1654 1656 1660 1663 1668 1670 1671 1681 1686 1690 1691 1692 1693 1694 1695 1699 1707 1708 1710 1714 1716 1717 1720 1731 1734 1735 1737 1742 1748 1751 1756 1757 1758 1759 1761 1767 1768 1773 1780 1782 1783 1784 1788 1790 1806 1807 1812 1819 1822 1823 1824 1825 1826 1831 1840 1843 1844 1848 1849 1850 1853 1854 1864 1866 1867 1870 1871 1873 1876 1878 1879 1885 1889 1890 1892 1893 1895 1897 1898 1905 1906 1910 1912 1913 1918 1921 1925 1928 1930 1932 1937 1941 1942 1947 1948 1953 1958 1962 1967 1970 1973 1976 1979 1981 1986 1995 1996 1997 2005 2007 2008 2012 2015 2016 2017 2018 2021 2027 2028 2035 2037 2038 2039 2040 2044 2046 2051 2056 2059 2063 2065 2070 2074 2075 2077 2078 2092 2098 2099 2102 2107 2110 2115 2116 2119 2120 2121 2124 2128 2130 
638: 1 5 9 12 16 17 28 30 32 33 37 39 41 44 46 54 56 58 60 63 67 68 74 75 79 83 85 89 96 98 99 109 110 113 115 118 121 122 126 128 129 132 140 144 146 147 153 154 155 157 167 177 178 179 182 188 196 197 205 207 211 222 223 225 227 228 234 237 240 244 245 259 261 262 263 265 269 270 271 275 279 291 298 301 303 311 314 315 316 321 329 334 338 341 342 348 349 350 354 359 360 362 366 369 376 389 391 400 402 405 406 409 412 415 416 422 423 426 428 433 437 439 441 443 444 449 453 455 459 461 464 465 466 472 476 477 479 480 481 485 486 488 489 490 492 498 504 505 510 514 516 518 526 530 531 533 543 552 561 565 574 576 578 581 585 587 592 595 596 605 609 612 613 617 619 624 627 628 632 641 647 652 656 657 659 662 667 668 669 672 674 675 678 679 681 682 684 685 686 695 698 699 701 706 707 714 718 721 722 726 728 729 733 736 741 744 747 749 751 753 756 760 764 765 773 774 777 780 782 786 790 798 799 804 810 813 814 815 820 824 826 835 837 840 844 846 849 856 857 859 860 862 863 864 867 872 876 881 885 886 889 893 896 901 904 907 908 909 911 919 921 924 926 932 933 942 948 949 951 952 956 957 958 961 962 963 973 980 985 988 992 997 1003 1004 1008 1013 1014 1015 1018 1020 1026 1035 1036 1040 1041 1051 1053 1063 1064 1074 1077 1078 1080 1083 1085 1090 1094 1096 1100 1101 1102 1104 1105 1106 1109 1110 1113 1114 1115 1118 1120 1131 1134 1137 1139 1140 1143 1145 1153 1159 1160 1168 1174 1175 1177 1184 1185 1188 1191 1193 1199 1200 1204 1208 1210 1217 1218 1223 1224 1229 1233 1234 1235 1236 1243 1244 1245 1247 1251 1254 1255 1261 1262 1266 1267 1271 1272 1273 1280 1282 1283 1284 1287 1288 1290 1292 1294 1295 1296 1297 1302 1306 1309 1310 1315 1320 1323 1324 1330 1336 1338 1339 1342 1354 1355 1358 1361 1364 1368 1372 1374 1375 1381 1386 1387 1400 1406 1412 1420 1421 1425 1429 1430 1435 1436 1438 1439 1441 1443 1444 1447 1448 1451 1452 1454 1457 1460 1462 1469 1470 1471 1472 1482 1483 1484 1485 1488 1489 1495 1498 1502 1505 1508 1510 1514 1515 1519 1521 1528 1531 1533 1535 1538 1553 1554 1557 1559 1560 1566 1569 1580 1581 1582 1591 1592 1594 1595 1599 1602 1603 1605 1613 1614 1616 1617 1619 1621 1627 1636 1637 1647 1650 1654 1660 1670 1671 1673 1677 1679 1684 1689 1696 1700 1703 1704 1712 1716 1718 1720 1721 1722 1736 1738 1740 1744 1747 1749 1756 1760 1761 1762 1769 1773 1778 1782 1785 1792 1793 1794 1799 1801 1802 1805 1806 1808 1811 1812 1813 1820 1824 1827 1828 1831 1832 1845 1849 1852 1858 1859 1865 1873 1874 1877 1878 1881 1884 1885 1891 1892 1893 1900 1901 1903 1905 1910 1913 1916 1920 1923 1924 1925 1932 1933 1934 1936 1939 1940 1945 1946 1948 1953 1955 1958 1960 1961 1964 1965 1968 1972 1973 1976 1979 1984 1985 1994 1995 1996 2001 2010 2013 2016 2018 2020 2021 2023 2024 2027 2030 2040 2041 2043 2046 2054 2058 2059 2067 2072 2075 2082 2083 2087 2099 2100 2101 2102 2103 2107 2108 2113 2114 2116 2119 2123 2125 2126 2127 2128 2129 
625: 0 3 6 11 12 14 17 26 27 32 33 34 41 42 50 53 58 59 64 74 79 81 83 84 87 88 97 99 101 104 106 107 112 114 117 119 127 128 130 132 134 136 137 141 142 144 149 153 157 158 159 161 165 171 180 189 191 202 203 209 210 211 212 213 214 216 222 223 227 231 232 234 239 245 246 248 258 263 265 267 269 271 272 279 282 283 284 285 290 294 296 303 305 309 314 315 329 333 334 336 338 345 352 354 357 361 362 364 369 374 377 381 384 392 393 394 398 402 403 405 410 420 426 429 432 435 438 443 445 448 449 450 465 471 473 476 482 484 492 499 506 514 515 516 517 521 524 525 533 537 544 546 547 553 557 559 573 574 578 583 590 591 592 596 597 601 604 605 606 609 616 622 623 625 626 632 633 635 636 641 644 646 654 656 658 663 664 674 675 677 678 679 681 682 689 693 695 696 702 704 707 710 715 717 718 719 720 723 724 727 730 731 733 734 736 737 752 755 758 759 760 768 769 770 784 794 795 796 799 805 806 807 812 813 815 817 820 822 824 827 829 830 832 836 839 842 845 847 848 849 851 852 856 861 863 865 870 872 875 879 883 886 887 888 890 891 892 893 896 907 909 910 914 917 919 921 927 929 932 933 937 947 948 952 954 963 966 967 977 980 983 986 988 991 994 996 1003 1007 1016 1017 1018 1021 1023 1024 1027 1028 1031 1038 1039 1043 1048 1050 1054 1056 1057 1062 1068 1074 1083 1085 1088 1091 1096 1098 1103 1105 1109 1113 1120 1122 1123 1133 1139 1145 1148 1152 1154 1156 1158 1163 1164 1165 1166 1170 1172 1173 1181 1182 1190 1192 1194 1195 1199 1202 1203 1207 1208 1211 1212 1213 1220 1221 1223 1224 1230 1235 1236 1240 1241 1243 1244 1245 1251 1257 1259 1263 1266 1267 1268 1270 1271 1275 1278 1279 1281 1287 1290 1291 1292 1297 1313 1318 1326 1328 1331 1333 1338 1345 1346 1348 1350 1358 1361 1362 1369 1370 1372 1373 1374 1375 1376 1377 1382 1388 1391 1392 1394 1396 1400 1401 1403 1406 1407 1411 1413 1414 1418 1421 1422 1426 1442 1444 1449 1450 1455 1459 1465 1466 1467 1468 1469 1472 1481 1484 1486 1488 1491 1494 1497 1498 1505 1507 1509 1513 1516 1518 1527 1528 1536 1540 1542 1544 1550 1551 1556 1562 1567 1576 1577 1578 1581 1588 1590 1594 1606 1607 1608 1611 1620 1621 1629 1630 1632 1635 1636 1647 1650 1652 1653 1654 1661 1663 1664 1665 1673 1675 1681 1683 1686 1689 1693 1694 1695 1696 1697 1701 1703 1705 1709 1714 1719 1722 1723 1726 1729 1735 1739 1740 1743 1745 1749 1750 1756 1761 1762 1767 1769 1770 1771 1772 1776 1778 1785 1787 1795 1800 1805 1807 1812 1813 1819 1822 1824 1826 1832 1845 1846 1849 1850 1853 1872 1881 1882 1886 1888 1897 1900 1906 1907 1908 1911 1913 1918 1919 1928 1931 1934 1935 1938 1939 1940 1941 1947 1948 1950 1951 1956 1961 1964 1967 1968 1969 1970 1972 1991 2000 2002 2008 2016 2033 2034 2036 2039 2042 2047 2048 2056 2057 2059 2062 2065 2066 2071 2073 2078 2080 2082 2084 2088 2089 2091 2096 2099 2102 2104 2105 2106 2108 2111 2115 2122 2126 2127 2128 2130 
634: 2 3 5 9 10 15 19 20 21 22 30 31 33 34 36 41 46 47 48 56 58 63 64 68 74 75 78 81 88 92 94 102 106 107 112 114 115 117 124 128 143 148 150 153 157 166 169 171 172 173 175 176 177 187 190 191 192 194 195 200 202 207 208 209 211 213 215 216 219 222 224 230 235 238 241 250 252 256 259 261 267 269 273 283 288 290 291 299 307 308 309 310 319 320 322 324 331 333 334 335 338 339 342 344 347 351 352 353 355 356 361 362 367 373 378 384 385 388 391 394 399 407 410 416 417 422 424 425 436 439 441 444 445 449 451 454 461 467 471 476 477 480 493 495 496 499 500 501 502 503 504 507 509 512 515 518 525 527 529 532 533 534 535 542 544 548 551 555 556 558 564 565 566 569 573 578 587 591 592 594 595 613 616 618 621 622 624 626 632 634 635 637 638 642 645 648 649 650 653 659 667 668 670 671 675 678 682 685 688 695 703 708 711 719 720 725 736 738 740 742 743 755 759 760 764 766 771 772 780 783 785 786 801 803 808 809 812 824 825 827 828 832 835 840 843 850 856 858 859 861 864 873 879 880 882 884 888 889 895 896 897 900 902 906 907 908 909 912 915 916 922 931 933 941 943 944 945 949 955 957 964 971 975 977 978 987 988 989 992 995 997 1000 1001 1003 1005 1007 1008 1009 1010 1011 1013 1024 1026 1027 1028 1034 1035 1037 1048 1053 1055 1062 1063 1066 1067 1072 1078 1079 1083 1086 1090 1093 1097 1099 1102 1107 1111 1113 1114 1117 1121 1132 1135 1138 1139 1140 1142 1144 1145 1150 1151 1152 1154 1159 1160 1163 1171 1173 1176 1179 1180 1181 1187 1189 1190 1192 1193 1195 1201 1203 1205 1206 1208 1210 1219 1222 1225 1228 1230 1232 1234 1237 1240 1242 1248 1252 1254 1255 1259 1261 1262 1263 1265 1267 1273 1275 1281 1283 1284 1286 1287 1295 1298 1299 1300 1303 1304 1305 1313 1314 1321 1331 1332 1336 1337 1344 1345 1346 1348 1355 1357 1364 1367 1368 1369 1373 1377 1378 1383 1384 1387 1392 1395 1396 1397 1399 1404 1407 1410 1415 1416 1417 1419 1428 1429 1430 1436 1437 1442 1444 1445 1451 1455 1456 1457 1459 1460 1465 1468 1469 1477 1478 1482 1485 1486 1490 1491 1494 1501 1504 1508 1517 1532 1535 1537 1538 1539 1543 1544 1548 1549 1554 1555 1556 1558 1567 1571 1572 1574 1576 1577 1580 1582 1583 1587 1592 1594 1595 1596 1598 1600 1605 1606 1607 1611 1612 1613 1617 1620 1626 1629 1631 1634 1636 1640 1645 1648 1651 1653 1654 1655 1661 1672 1674 1678 1679 1680 1686 1691 1694 1697 1699 1713 1714 1717 1719 1720 1724 1733 1738 1740 1744 1749 1752 1753 1754 1757 1759 1761 1764 1765 1771 1773 1780 1781 1790 1795 1805 1808 1813 1814 1817 1828 1830 1839 1844 1852 1854 1856 1859 1866 1869 1871 1881 1882 1886 1891 1897 1905 1911 1912 1913 1916 1918 1939 1942 1943 1944 1946 1947 1951 1957 1961 1962 1963 1968 1969 1972 1977 1980 1981 1982 1986 1990 1992 1997 1998 2002 2003 2004 2016 2019 2020 2022 2025 2029 2034 2035 2037 2040 2041 2043 2044 2045 2050 2051 2058 2065 2070 2071 2072 2073 2074 2076 2091 2093 2095 2097 2099 2100 2103 2112 2124 2129 
614: 1 2 8 9 12 18 19 21 23 27 30 31 32 33 34 37 51 52 53 57 60 61 63 67 70 71 77 78 79 84 88 89 92 93 95 98 100 101 102 105 107 108 115 121 123 125 127 128 132 133 134 140 145 147 150 151 153 154 155 156 161 164 170 173 183 185 186 192 193 194 198 202 203 206 210 216 230 236 238 252 253 255 256 257 259 260 264 265 269 275 278 283 292 293 295 296 298 305 309 310 311 313 318 321 331 334 340 342 343 345 349 355 358 359 363 367 381 386 390 391 394 397 399 407 408 412 413 414 415 418 421 425 426 427 428 431 432 433 434 440 443 448 456 458 461 475 476 479 482 486 487 492 494 497 500 504 506 507 509 510 523 530 532 547 555 559 562 563 567 573 574 576 579 587 588 590 592 593 596 603 607 608 616 617 618 621 627 628 632 635 636 637 638 641 644 650 652 653 654 657 664 666 669 671 674 676 683 687 695 696 698 700 703 704 712 716 724 725 727 728 730 734 735 738 739 756 759 761 763 764 770 778 784 785 787 788 789 803 804 805 806 807 810 811 814 821 824 825 831 832 836 837 838 847 856 861 863 865 866 867 871 872 877 879 880 884 885 886 890 892 897 900 902 907 908 910 913 915 916 922 925 930 933 934 935 936 937 942 947 949 950 952 955 958 961 967 969 977 978 979 983 984 987 989 991 992 1002 1006 1024 1028 1029 1032 1033 1037 1039 1040 1044 1047 1053 1057 1060 1062 1065 1069 1070 1073 1075 1082 1083 1086 1087 1088 1089 1090 1093 1101 1105 1107 1126 1129 1130 1131 1133 1136 1138 1143 1144 1145 1148 1149 1156 1158 1161 1165 1176 1180 1181 1185 1188 1194 1201 1207 1208 1218 1229 1230 1235 1238 1240 1242 1253 1256 1264 1272 1279 1280 1281 1289 1290 1293 1305 1308 1315 1317 1318 1320 1321 1324 1326 1330 1331 1335 1337 1341 1345 1350 1352 1353 1354 1358 1359 1362 1364 1369 1370 1394 1395 1397 1404 1407 1408 1410 1411 1416 1419 1423 1424 1430 1431 1435 1436 1444 1445 1449 1450 1454 1455 1456 1463 1464 1465 1468 1469 1471 1473 1478 1479 1483 1489 1491 1494 1496 1498 1502 1503 1505 1507 1508 1519 1521 1522 1539 1550 1553 1554 1559 1561 1566 1570 1571 1574 1580 1583 1587 1592 1605 1607 1611 1612 1616 1623 1625 1634 1636 1638 1641 1652 1655 1656 1658 1660 1661 1662 1667 1672 1673 1676 1680 1682 1683 1685 1696 1698 1699 1705 1706 1709 1716 1722 1725 1730 1732 1733 1736 1740 1741 1750 1751 1754 1755 1760 1761 1763 1770 1771 1772 1773 1776 1780 1781 1783 1784 1786 1797 1803 1806 1807 1808 1816 1820 1821 1822 1824 1830 1833 1834 1835 1840 1841 1854 1857 1858 1859 1867 1871 1876 1891 1898 1900 1901 1902 1903 1906 1907 1916 1921 1924 1926 1929 1949 1955 1959 1961 1966 1967 1968 1971 1986 1987 1988 1995 1996 1997 1998 2000 2003 2005 2008 2012 2013 2017 2022 2038 2039 2045 2048 2050 2052 2054 2055 2058 2059 2060 2061 2066 2070 2078 2079 2080 2082 2086 2088 2091 2093 2098 2107 2108 2111 2113 2119 2123 2127 2128 2131 
656: 5 7 8 9 10 13 19 20 26 37 40 46 49 50 53 60 64 68 69 78 87 92 93 95 97 102 103 109 114 115 117 120 121 130 138 148 151 152 154 156 160 163 164 169 170 171 176 178 179 180 182 185 187 194 196 203 208 209 217 218 219 220 222 224 227 232 236 237 238 239 240 244 248 252 253 259 261 268 270 274 276 277 284 288 290 292 293 298 301 304 307 311 312 316 318 319 323 324 328 329 330 335 336 338 349 351 352 357 358 360 361 362 367 368 370 371 375 376 378 384 385 387 388 390 391 392 395 396 397 401 402 403 405 408 412 419 423 425 429 432 437 442 443 444 447 448 451 457 458 459 465 466 472 475 479 480 482 485 489 496 497 498 500 502 504 506 510 515 518 523 530 532 534 539 540 542 555 559 561 565 573 580 581 584 591 592 598 601 604 606 610 613 623 625 628 629 633 638 639 640 642 646 650 653 654 657 660 661 662 668 669 670 681 682 689 691 693 696 697 705 708 709 710 713 714 718 722 723 731 732 739 741 742 743 745 746 747 752 753 763 764 765 766 767 770 774 775 780 781 784 789 791 793 796 801 805 807 809 810 815 817 822 841 845 847 853 860 865 867 868 872 876 878 888 890 898 901 902 904 905 907 908 910 917 918 920 923 924 929 930 932 933 943 948 950 953 960 966 967 973 975 979 980 981 982 984 992 995 1000 1008 1017 1024 1039 1043 1044 1045 1046 1047 1051 1054 1055 1058 1059 1060 1061 1067 1068 1069 1071 1072 1075 1076 1077 1080 1083 1084 1087 1089 1092 1099 1110 1113 1115 1116 1119 1122 1124 1133 1134 1136 1140 1142 1143 1146 1149 1156 1158 1159 1162 1163 1168 1169 1170 1172 1177 1179 1184 1185 1188 1196 1206 1208 1211 1212 1214 1215 1227 1229 1233 1234 1235 1240 1242 1244 1251 1255 1259 1267 1270 1284 1286 1287 1291 1297 1300 1305 1307 1308 1309 1310 1316 1322 1324 1325 1326 1328 1330 1336 1341 1344 1345 1347 1349 1352 1357 1359 1365 1366 1368 1376 1384 1387 1389 1392 1393 1395 1398 1399 1402 1403 1410 1412 1414 1417 1419 1421 1424 1426 1430 1431 1434 1440 1441 1442 1443 1450 1456 1459 1465 1474 1475 1480 1482 1483 1486 1487 1489 1492 1494 1495 1500 1501 1507 1511 1513 1522 1525 1527 1528 1529 1533 1536 1544 1547 1548 1552 1559 1563 1570 1571 1578 1579 1583 1584 1585 1586 1590 1591 1593 1597 1598 1602 1613 1614 1617 1619 1622 1623 1624 1625 1626 1628 1631 1635 1636 1641 1642 1643 1644 1650 1651 1655 1658 1659 1665 1667 1668 1669 1670 1672 1676 1683 1686 1688 1691 1695 1700 1703 1709 1712 1714 1725 1727 1730 1732 1740 1743 1747 1751 1755 1762 1767 1770 1772 1778 1780 1785 1788 1789 1790 1794 1795 1798 1802 1803 1804 1809 1811 1824 1828 1831 1832 1834 1837 1838 1841 1842 1851 1852 1853 1857 1858 1859 1860 1863 1866 1873 1877 1879 1881 1884 1885 1895 1898 1904 1905 1906 1908 1910 1912 1920 1928 1929 1931 1941 1946 1949 1951 1954 1968 1970 1975 1978 1980 1990 1993 1994 1996 1998 2002 2010 2012 2021 2022 2025 2026 2027 2028 2031 2034 2037 2038 2043 2044 2046 2058 2063 2068 2069 2070 2074 2077 2078 2082 2083 2085 2087 2090 2092 2095 2096 2099 2101 2102 2104 2107 2111 2112 2115 2116 2121 2123 2126 2127 2129 2131 
663: 0 1 3 6 8 9 10 12 19 22 23 31 40 46 58 59 61 66 70 71 79 82 84 87 94 96 102 103 104 107 108 109 111 112 116 123 126 127 128 130 132 134 144 146 151 152 153 164 165 167 169 174 185 187 189 191 196 203 207 211 216 219 222 223 225 227 228 236 241 242 246 262 267 271 279 282 283 289 291 292 293 299 306 314 315 316 317 321 323 325 329 330 331 336 337 338 340 345 347 349 350 351 352 353 354 357 359 362 364 366 367 379 383 388 390 392 395 397 408 410 412 416 419 421 433 434 435 440 442 449 454 458 461 464 470 472 473 479 480 481 484 486 488 491 492 493 494 495 497 498 502 506 509 521 522 531 538 541 544 545 549 551 552 558 568 574 580 589 590 592 595 597 603 604 611 624 625 627 632 634 637 640 645 646 648 650 651 653 654 655 658 661 662 666 668 669 670 672 678 680 683 685 687 689 691 692 694 696 698 702 709 710 711 712 717 721 726 727 728 729 732 736 739 742 744 747 749 751 757 758 759 761 763 764 765 771 772 774 775 784 787 788 799 802 807 816 818 819 822 828 832 834 835 836 838 839 844 845 846 849 850 854 855 856 857 859 861 865 866 867 868 871 873 874 875 879 880 884 886 890 892 895 902 908 910 911 912 914 916 918 925 926 931 935 938 941 946 952 954 955 961 967 968 971 972 977 980 981 982 987 989 999 1004 1006 1010 1013 1029 1030 1034 1036 1047 1049 1053 1056 1058 1062 1069 1072 1074 1076 1080 1084 1085 1086 1087 1090 1091 1096 1097 1098 1099 1100 1102 1107 1108 1109 1114 1116 1121 1124 1125 1130 1133 1134 1135 1139 1141 1146 1149 1152 1153 1157 1161 1162 1166 1167 1173 1179 1182 1185 1187 1199 1202 1218 1219 1220 1222 1223 1226 1230 1231 1235 1242 1245 1246 1247 1251 1256 1260 1263 1265 1266 1267 1268 1270 1272 1273 1274 1276 1278 1293 1296 1298 1300 1303 1304 1305 1310 1311 1313 1314 1326 1328 1340 1345 1348 1349 1357 1359 1361 1363 1364 1365 1367 1368 1371 1375 1377 1383 1385 1388 1393 1396 1398 1400 1405 1411 1413 1415 1417 1419 1421 1425 1426 1427 1428 1433 1435 1436 1443 1451 1456 1459 1461 1463 1471 1473 1475 1477 1484 1485 1487 1491 1492 1494 1498 1499 1501 1503 1508 1518 1519 1522 1527 1530 1538 1539 1540 1546 1547 1549 1551 1552 1554 1556 1557 1559 1560 1562 1565 1570 1573 1576 1581 1585 1589 1594 1595 1596 1600 1603 1606 1612 1613 1614 1616 1617 1620 1622 1627 1629 1631 1632 1633 1635 1637 1639 1643 1650 1651 1655 1663 1665 1668 1670 1677 1678 1681 1683 1689 1691 1698 1703 1707 1709 1710 1716 1717 1719 1720 1723 1725 1729 1730 1732 1733 1736 1741 1744 1745 1749 1755 1763 1765 1768 1770 1777 1780 1783 1786 1790 1791 1792 1793 1799 1804 1810 1811 1818 1825 1835 1839 1846 1848 1854 1858 1860 1862 1866 1868 1869 1877 1881 1883 1887 1889 1892 1895 1906 1908 1910 1913 1914 1915 1921 1926 1927 1929 1930 1931 1932 1936 1937 1938 1948 1950 1957 1958 1965 1966 1969 1970 1974 1975 1977 1979 1981 1986 1987 1989 1995 1996 2010 2015 2019 2020 2024 2027 2028 2029 2030 2031 2033 2034 2036 2038 2040 2042 2047 2048 2051 2054 2056 2060 2062 2070 2072 2082 2088 2089 2091 2096 2098 2099 2100 2104 2107 2111 2117 2126 2129 2130 2131 
667: 2 11 13 14 15 18 19 23 24 29 31 32 35 36 40 46 47 49 51 54 56 57 59 68 69 70 71 72 77 80 84 88 94 96 98 100 103 110 116 119 120 123 126 129 134 136 138 141 142 146 147 148 150 155 156 163 166 167 172 177 178 183 194 205 213 220 222 226 234 236 237 240 251 253 256 258 259 267 272 278 279 281 282 283 285 289 290 291 295 297 299 301 304 306 308 313 320 324 326 332 334 336 341 343 348 353 357 361 363 366 369 370 371 374 376 379 382 383 384 389 392 396 400 405 409 415 417 423 425 427 436 438 439 446 453 457 458 460 462 463 464 474 475 477 478 479 483 485 487 492 498 500 506 507 509 516 518 519 526 527 528 536 540 541 549 553 566 568 569 570 574 578 579 580 582 583 588 595 599 600 603 605 608 611 612 615 617 621 625 627 630 631 634 639 643 645 648 650 656 658 659 661 663 665 666 668 670 680 681 690 691 701 705 709 713 719 722 729 731 733 735 737 738 740 744 745 748 749 750 762 763 764 768 771 772 773 775 778 780 785 787 803 806 807 809 811 815 816 818 819 826 827 828 830 831 833 834 835 836 838 839 840 841 843 845 846 849 850 856 857 862 864 865 873 882 885 899 902 907 910 912 915 920 925 926 927 929 931 933 935 936 939 940 952 961 973 979 982 992 995 998 999 1004 1008 1010 1011 1016 1017 1019 1021 1023 1026 1028 1030 1031 1032 1037 1040 1046 1050 1052 1063 1064 1065 1067 1068 1069 1070 1075 1076 1079 1085 1086 1087 1089 1090 1092 1093 1098 1100 1103 1113 1117 1119 1120 1121 1122 1128 1133 1137 1142 1144 1148 1153 1154 1155 1156 1157 1159 1165 1173 1179 1180 1181 1184 1186 1189 1190 1194 1199 1205 1206 1208 1221 1222 1224 1226 1228 1230 1232 1234 1235 1236 1238 1239 1240 1246 1248 1249 1253 1255 1259 1266 1271 1274 1277 1278 1281 1282 1283 1284 1287 1289 1291 1292 1297 1300 1301 1310 1322 1325 1336 1342 1348 1352 1353 1355 1356 1363 1366 1369 1371 1372 1382 1383 1390 1392 1393 1396 1397 1401 1402 1405 1407 1408 1411 1412 1414 1416 1418 1420 1424 1425 1427 1428 1429 1430 1434 1435 1437 1438 1440 1442 1444 1445 1449 1453 1454 1458 1459 1461 1462 1463 1468 1469 1470 1472 1479 1483 1489 1490 1493 1494 1497 1506 1507 1508 1513 1519 1527 1528 1529 1534 1536 1537 1538 1543 1545 1548 1550 1560 1578 1581 1582 1587 1590 1598 1603 1604 1605 1606 1608 1614 1617 1618 1619 1622 1623 1624 1625 1629 1632 1639 1641 1648 1650 1652 1653 1656 1657 1659 1660 1666 1672 1674 1679 1681 1685 1687 1692 1707 1708 1715 1720 1721 1731 1735 1737 1741 1747 1749 1750 1751 1752 1753 1756 1759 1762 1763 1764 1765 1768 1772 1782 1783 1784 1791 1802 1809 1813 1815 1828 1830 1833 1836 1838 1839 1842 1846 1854 1856 1857 1861 1862 1868 1875 1876 1878 1883 1888 1896 1897 1900 1903 1912 1913 1915 1916 1918 1921 1922 1924 1925 1926 1931 1935 1941 1945 1949 1951 1953 1957 1958 1963 1967 1969 1972 1973 1974 1979 1980 1981 1982 1985 1986 1988 1992 1993 1996 1999 2002 2003 2004 2006 2008 2010 2016 2024 2035 2037 2038 2039 2040 2041 2042 2046 2047 2050 2051 2054 2056 2061 2067 2068 2075 2077 2079 2081 2083 2084 2088 2090 2092 2093 2094 2095 2098 2101 2103 2104 2107 2116 2117 2125 2128 2129 2131 
616: 3 7 10 12 16 19 21 24 26 27 36 37 38 39 40 44 47 49 59 62 73 75 76 78 81 89 93 95 99 100 104 107 108 109 110 113 116 122 124 130 132 133 134 135 138 142 144 145 147 152 157 158 160 165 166 182 184 186 192 203 216 219 220 227 232 241 244 247 249 251 257 269 270 280 281 283 285 287 289 290 291 294 297 300 302 304 309 312 313 314 323 324 325 332 335 337 339 342 346 349 351 353 354 355 357 363 366 367 371 372 374 381 382 387 388 392 394 397 398 399 402 404 409 412 413 414 416 420 425 435 437 442 444 448 454 456 457 461 465 468 470 473 478 480 484 485 496 497 498 501 503 505 507 508 509 515 519 522 524 525 532 534 535 538 552 553 561 563 564 566 569 571 583 585 589 592 593 595 603 608 610 611 614 632 641 643 644 645 646 662 666 667 668 672 673 676 678 685 687 691 692 693 698 699 700 701 703 705 710 715 717 718 721 723 729 731 735 741 750 754 765 773 776 784 786 790 797 800 801 802 805 806 807 812 813 819 820 822 827 838 845 849 860 862 863 868 872 875 884 889 893 899 908 911 912 923 927 929 930 933 935 943 945 955 960 961 963 965 966 973 975 978 979 980 983 987 990 992 995 999 1000 1002 1005 1006 1009 1011 1012 1017 1018 1023 1024 1027 1028 1034 1035 1040 1041 1042 1043 1045 1047 1048 1049 1050 1051 1054 1056 1057 1059 1061 1065 1067 1068 1072 1073 1077 1080 1089 1101 1102 1104 1106 1110 1111 1114 1116 1117 1123 1124 1125 1127 1128 1129 1130 1138 1139 1141 1146 1149 1151 1152 1153 1156 1158 1162 1170 1173 1174 1175 1176 1178 1185 1189 1194 1195 1198 1202 1206 1208 1214 1223 1233 1234 1240 1241 1243 1244 1248 1256 1258 1262 1266 1268 1270 1271 1277 1278 1279 1285 1288 1291 1294 1295 1303 1304 1311 1328 1329 1331 1338 1339 1342 1344 1347 1349 1353 1355 1358 1360 1361 1363 1368 1369 1387 1393 1408 1414 1420 1424 1428 1430 1433 1435 1436 1437 1438 1444 1453 1456 1458 1460 1467 1472 1473 1477 1478 1486 1489 1495 1497 1502 1505 1507 1510 1512 1513 1518 1520 1529 1531 1535 1537 1539 1544 1547 1548 1551 1553 1555 1562 1566 1572 1574 1580 1581 1582 1589 1590 1594 1596 1599 1600 1602 1603 1608 1609 1611 1612 1613 1615 1616 1618 1619 1622 1628 1629 1640 1641 1645 1646 1650 1651 1654 1661 1668 1672 1676 1683 1684 1685 1686 1691 1693 1699 1701 1703 1712 1713 1727 1732 1739 1740 1749 1751 1752 1756 1762 1764 1769 1773 1774 1775 1776 1779 1781 1783 1784 1788 1790 1792 1794 1798 1799 1807 1808 1811 1817 1819 1821 1823 1831 1835 1838 1845 1847 1849 1853 1858 1860 1864 1865 1866 1869 1871 1872 1873 1875 1878 1880 1882 1885 1890 1893 1894 1896 1900 1902 1903 1905 1909 1911 1913 1915 1922 1924 1939 1942 1948 1951 1958 1963 1971 1972 1974 1976 1980 1983 1985 1987 1988 1994 1995 1998 2001 2006 2011 2022 2026 2029 2031 2032 2033 2035 2039 2043 2044 2049 2052 2059 2061 2066 2075 2088 2091 2094 2099 2106 2110 2113 2114 2115 2116 2119 2123 2124 2131 
Days = 28
Shift constraints
8 24
8 20
4 24
0 28
4 24
4 5
true
true
Forbidden sequences = 2
3 1 
2 3 

