# Randomly generated data for the integrated task scheduling and personnel rostering problem, skilling=0,300 and tightness=0,900 seed=75600
Tasks = 2120
451 530 13
735 866 1
570 666 12
572 642 7
454 568 6
735 780 2
450 532 6
570 689 20
744 835 22
450 540 8
575 669 18
739 869 23
571 697 13
570 667 4
575 623 14
735 813 22
572 679 25
590 645 4
460 585 2
459 523 24
572 638 3
735 783 3
580 639 1
451 503 10
592 687 12
570 637 7
736 769 3
737 831 17
571 635 24
453 566 9
760 839 14
735 807 1
735 836 13
735 827 3
735 872 3
463 530 3
735 776 0
570 685 10
753 834 25
735 847 11
736 813 19
572 638 7
574 660 6
737 798 18
450 564 13
752 839 22
452 572 20
736 788 20
576 609 21
738 817 22
698 781 13
570 617 22
665 799 6
570 632 6
740 843 2
571 631 1
592 655 27
735 829 15
738 823 11
585 686 5
737 850 4
589 635 23
575 608 9
570 669 7
570 659 11
451 568 22
458 583 2
743 831 11
737 826 0
736 844 16
736 815 8
450 514 26
580 670 21
751 895 21
594 703 10
450 534 16
451 561 14
881 948 23
899 952 21
736 877 14
454 553 9
570 642 15
740 809 27
577 714 5
739 844 6
750 858 3
576 636 11
739 801 20
570 641 24
461 577 21
571 617 10
745 820 6
735 834 18
836 909 22
450 529 23
724 798 5
842 916 22
572 644 20
695 758 12
570 646 19
582 717 9
456 562 24
451 508 14
738 824 1
451 566 24
455 549 12
541 614 8
619 702 2
534 650 16
735 775 9
573 666 8
453 588 12
578 689 14
450 562 18
570 675 24
829 886 15
454 559 8
451 502 11
532 568 6
450 523 19
570 649 2
717 824 9
570 648 4
739 856 10
572 644 0
527 593 24
452 534 0
451 521 27
503 588 10
573 633 24
735 839 13
737 821 20
737 818 11
735 777 19
576 650 3
788 821 20
450 529 20
570 634 25
570 634 26
741 818 5
523 616 19
573 661 14
588 665 19
453 526 18
570 648 5
738 842 22
735 815 21
623 717 22
515 622 26
455 525 16
640 734 1
618 704 19
454 573 5
736 795 8
453 521 26
575 634 23
641 746 24
583 645 12
638 718 25
750 822 26
570 641 7
562 668 18
827 877 9
458 562 17
582 687 18
704 770 19
771 825 3
736 823 16
570 643 2
680 763 25
745 790 27
737 784 16
574 674 20
811 881 5
450 571 13
450 531 5
749 813 9
802 928 6
464 542 21
652 733 5
813 894 22
568 642 24
810 907 27
818 942 22
571 647 21
451 540 8
846 918 14
829 863 20
735 854 9
455 589 14
570 667 0
450 497 24
621 746 10
556 637 18
450 521 0
894 1018 22
625 704 14
700 791 14
735 861 27
907 1000 27
575 664 12
521 605 26
827 901 3
457 553 11
734 786 5
636 724 11
470 501 18
786 900 12
930 978 14
771 864 19
473 540 23
738 810 27
450 497 15
577 689 21
735 841 20
640 733 18
579 653 14
642 735 15
621 714 10
550 628 21
585 646 3
636 696 26
585 650 23
453 486 19
611 746 9
501 557 0
450 564 26
736 770 18
740 861 15
590 681 26
555 635 9
539 585 3
665 798 12
738 812 10
590 670 18
573 694 22
670 758 12
450 547 18
919 996 22
606 663 26
571 659 0
736 807 26
868 956 1
572 705 14
759 843 12
735 765 5
450 518 0
572 660 6
570 602 24
450 564 16
450 572 8
450 538 6
653 700 2
453 568 13
450 501 21
716 790 10
640 749 6
453 512 4
737 792 12
610 696 24
708 744 14
501 581 21
642 700 19
643 752 7
570 613 5
815 891 8
748 828 4
580 655 13
582 661 27
783 878 7
472 591 6
451 526 13
453 540 11
735 798 15
594 678 10
554 605 18
823 919 11
901 995 3
729 777 11
570 641 10
451 492 19
735 835 11
451 567 6
457 564 23
818 862 19
534 602 5
575 671 22
463 545 5
454 565 27
456 523 19
853 994 4
575 681 21
452 559 25
562 640 14
582 672 19
540 600 23
620 683 3
746 843 16
982 1039 14
514 594 4
454 558 20
656 736 27
561 642 20
458 521 8
833 908 3
640 717 3
735 841 26
736 790 17
656 750 24
735 786 7
744 805 13
807 916 26
564 681 16
570 675 16
923 998 11
450 535 12
738 815 20
497 595 24
748 818 26
674 744 20
624 717 26
711 787 20
801 866 12
571 658 14
947 1036 6
450 580 26
737 823 27
673 805 27
592 677 14
844 911 6
748 842 14
453 526 11
701 769 2
639 726 24
570 645 10
823 903 11
451 542 8
571 655 21
577 680 10
906 959 12
958 1044 1
456 540 21
745 858 18
464 499 22
577 698 6
670 732 7
538 603 23
815 942 1
459 567 25
769 864 5
735 783 19
583 681 14
770 849 2
740 818 19
535 621 11
731 843 24
635 693 23
737 848 18
486 544 19
663 750 26
566 637 23
469 548 18
452 529 27
570 662 17
891 981 8
744 864 15
843 897 2
735 806 15
590 704 12
570 604 12
540 587 8
642 736 7
572 616 6
790 876 7
684 777 10
615 707 8
821 949 20
617 688 6
749 877 27
741 827 26
822 907 19
550 677 11
453 587 18
618 698 23
742 839 15
461 507 5
858 976 9
542 648 23
450 510 2
542 582 8
737 847 7
854 916 16
912 1002 25
782 868 13
600 706 26
505 571 18
996 1100 22
450 487 15
457 554 6
861 906 3
650 700 14
751 858 6
528 642 27
719 754 3
481 571 24
641 687 7
644 691 2
532 632 20
584 673 16
836 897 17
569 635 25
454 500 23
450 527 0
735 808 1
737 817 26
956 1068 21
834 925 18
826 864 26
850 959 7
499 630 15
746 867 20
1046 1189 14
537 611 0
562 624 6
736 827 25
590 718 18
720 765 18
579 698 15
925 1053 18
735 785 18
637 715 9
576 670 7
737 781 22
697 741 26
699 778 15
848 925 11
572 633 25
683 728 21
876 917 15
450 576 13
700 739 18
570 627 18
671 724 6
811 886 17
450 507 4
579 660 17
739 799 25
635 729 1
807 886 15
604 655 2
518 639 0
743 848 16
730 784 19
633 770 6
828 949 0
842 976 26
765 850 12
675 756 7
853 966 2
816 905 21
825 890 16
659 748 20
572 606 25
825 886 1
778 834 9
737 815 10
458 585 19
450 584 1
960 997 7
587 637 19
871 918 12
735 779 15
570 646 21
525 599 19
604 661 12
562 635 8
808 889 1
840 911 9
865 902 5
729 820 21
451 512 3
786 900 2
841 876 26
741 858 26
454 529 9
631 739 5
541 624 21
750 829 26
734 832 1
537 586 11
701 771 6
646 739 21
912 991 17
631 682 21
651 782 21
572 634 8
1072 1149 21
462 546 1
886 1017 15
954 1047 20
673 711 12
652 715 16
584 703 0
864 939 19
673 706 19
918 965 26
716 765 16
667 780 0
807 871 20
478 566 17
784 827 3
707 745 0
450 578 24
571 629 12
642 745 10
603 686 5
927 1002 16
876 949 26
588 674 8
796 853 8
839 932 11
965 1033 26
663 712 14
1001 1105 27
527 588 13
1009 1055 16
797 933 20
666 726 3
995 1086 3
779 873 15
643 783 20
720 843 3
521 578 0
571 631 13
885 1022 7
875 954 15
839 924 1
451 506 16
848 893 18
822 908 10
766 903 18
736 818 0
1044 1130 1
451 528 19
718 764 26
758 835 7
570 642 23
893 950 18
561 677 11
663 771 3
738 798 21
634 708 25
570 709 6
598 712 4
781 893 0
661 750 17
855 970 8
485 530 22
609 704 24
639 714 0
1106 1194 27
680 741 21
630 723 12
645 749 8
762 828 22
716 841 9
588 702 13
516 586 3
638 685 23
674 785 8
662 757 23
736 810 12
457 546 1
887 991 1
591 642 6
737 864 17
707 781 8
934 1013 15
736 775 10
845 922 12
463 532 27
450 576 0
842 949 15
538 608 6
462 535 27
949 1039 26
487 556 15
579 640 1
508 556 16
638 736 7
557 650 16
585 624 12
558 634 15
827 874 3
450 552 2
684 744 11
914 978 3
686 790 21
646 728 20
751 860 17
739 822 7
682 787 19
450 545 3
570 668 17
743 819 10
462 584 17
881 996 14
1028 1108 7
736 823 7
546 582 1
697 829 26
570 659 1
579 670 17
452 517 25
810 897 27
737 815 7
635 735 15
766 828 3
574 642 5
532 638 9
792 893 27
998 1048 7
845 914 16
579 641 12
738 858 17
843 980 24
554 658 5
785 861 3
648 754 4
570 661 8
753 826 24
759 877 0
1112 1191 7
770 838 18
740 790 17
739 795 24
588 658 1
842 906 14
642 694 27
791 859 10
512 594 2
717 786 14
599 657 19
709 772 25
736 828 7
972 1039 12
758 802 0
914 1009 2
568 657 6
577 621 13
618 703 12
809 857 14
792 828 6
1086 1194 3
667 711 4
569 661 24
598 662 2
454 562 16
709 804 12
583 672 23
608 707 18
748 820 18
587 638 21
595 639 25
890 983 5
905 1007 11
735 768 15
768 845 27
993 1073 17
835 880 0
725 856 12
874 978 12
711 788 4
764 858 26
552 647 18
553 646 2
706 789 24
761 840 10
917 975 27
703 766 14
452 505 6
575 696 2
536 610 27
645 721 12
709 839 18
639 710 21
780 904 6
661 766 0
584 669 8
789 895 23
907 972 14
703 806 13
572 685 5
584 666 1
564 670 26
1018 1101 22
669 777 8
588 647 25
818 877 20
779 887 15
861 940 14
631 731 13
658 765 13
642 743 5
566 667 27
575 678 10
664 769 24
711 774 21
662 741 2
659 689 14
791 844 21
830 872 6
847 908 21
844 889 3
763 817 25
760 840 22
675 757 16
549 654 1
651 731 23
869 931 13
453 523 1
635 687 23
643 738 23
553 679 12
736 798 25
570 637 11
747 786 27
574 632 15
773 858 25
823 907 21
691 813 5
670 709 26
655 767 6
852 959 20
838 874 18
913 997 19
668 785 17
714 789 0
570 650 25
705 791 6
663 703 14
683 777 11
536 676 27
732 811 23
622 714 13
914 1058 16
689 768 7
579 637 0
598 673 3
573 651 9
827 895 27
912 969 21
657 721 6
595 716 24
545 615 3
953 1016 22
839 884 7
808 908 27
779 872 19
781 891 8
800 869 19
573 693 24
666 732 1
704 826 22
1062 1187 16
745 850 5
571 652 17
735 817 4
739 858 7
811 895 13
616 681 27
833 912 24
637 685 11
731 828 13
952 1035 0
457 517 22
866 963 7
887 990 15
840 938 13
777 875 21
676 770 3
672 739 18
464 499 1
645 756 19
792 856 27
856 945 16
650 747 10
729 768 12
668 744 18
677 762 14
699 810 24
984 1089 3
549 663 12
454 566 23
913 984 13
745 845 4
952 996 15
815 948 7
1047 1105 20
978 1124 9
890 944 16
812 917 12
735 840 7
652 735 0
715 793 13
970 1037 21
451 541 8
689 770 5
665 781 18
930 1058 22
835 902 11
517 648 25
628 734 18
835 966 7
881 1012 6
649 752 19
457 563 17
453 516 16
814 909 12
741 872 21
642 750 0
709 799 26
490 553 12
741 840 2
646 728 2
1089 1191 17
772 909 5
972 1038 14
636 712 15
829 881 26
676 768 27
451 541 20
691 789 21
800 915 10
736 787 27
893 1008 0
1017 1066 15
925 995 11
859 914 26
836 913 13
951 1030 18
828 920 13
738 842 23
450 529 9
889 968 1
778 835 8
810 916 21
721 798 25
721 850 6
575 654 11
574 661 13
772 838 7
798 884 18
766 834 16
793 851 11
867 991 27
822 874 7
910 1002 12
960 1075 20
532 662 27
983 1041 8
509 629 14
527 643 0
790 838 27
637 682 8
998 1095 26
736 822 23
564 664 13
689 759 11
577 620 4
693 779 16
1009 1096 19
763 804 14
899 997 27
586 685 2
1108 1193 20
694 781 2
454 509 14
625 701 25
450 525 8
563 620 17
450 516 2
564 682 17
617 735 3
838 906 27
786 836 5
970 1049 23
991 1034 1
876 955 10
695 806 24
640 706 1
941 1010 13
452 511 2
860 950 18
776 839 9
740 817 5
1032 1082 18
875 942 18
1027 1090 15
707 823 14
798 865 24
790 856 4
747 826 10
616 675 14
598 731 0
746 839 4
564 635 12
806 863 13
750 835 25
683 775 9
746 852 9
912 950 27
789 839 0
764 855 11
710 818 1
450 536 25
542 622 22
737 843 7
1066 1133 15
671 762 17
903 997 2
741 864 22
536 624 16
729 841 2
954 1056 18
727 788 4
724 838 12
641 783 25
529 611 8
714 822 15
494 546 19
955 1039 27
767 808 16
659 734 19
1084 1160 20
1041 1125 26
460 573 24
732 799 1
533 628 2
798 847 15
492 561 19
670 757 27
608 734 6
844 897 10
794 871 6
643 747 24
726 855 6
682 770 12
787 882 14
679 766 8
822 901 23
542 637 8
739 859 4
791 866 6
888 1007 20
779 853 11
736 775 0
1015 1101 12
853 883 4
1052 1182 7
571 628 2
451 552 26
654 689 11
532 641 19
737 852 19
972 1036 7
572 683 14
576 644 4
860 943 6
818 876 1
817 865 25
920 1032 12
759 815 27
905 972 0
740 855 22
801 860 1
784 846 2
872 975 3
586 670 2
747 790 10
826 975 10
840 917 4
745 850 18
580 717 18
765 846 13
648 725 25
769 834 19
578 695 24
565 630 16
871 957 19
887 919 26
816 845 10
796 892 8
664 775 13
632 701 22
722 783 4
790 853 0
753 818 19
451 560 14
799 894 25
502 606 23
864 909 20
883 995 22
743 880 22
555 635 20
681 718 10
752 800 20
902 982 23
709 837 11
842 938 11
839 935 16
716 808 2
625 697 11
786 888 16
858 922 27
773 885 19
844 919 7
805 914 0
885 964 18
926 1036 1
866 935 3
809 913 20
769 857 0
587 647 19
975 1066 3
737 803 3
713 774 14
899 1026 10
650 761 25
839 919 0
971 1026 8
647 736 19
735 783 25
712 831 10
900 944 3
636 673 20
1101 1150 22
820 898 4
452 533 11
1056 1100 18
729 785 25
748 805 10
895 1036 25
966 1060 18
872 981 24
939 1005 16
837 942 14
530 650 13
814 911 23
945 1033 14
836 927 7
839 936 7
860 950 0
994 1100 0
775 879 9
845 918 22
892 950 7
570 627 8
729 811 2
762 820 19
785 919 8
726 834 6
574 648 5
522 564 2
689 756 14
997 1068 15
930 1032 7
879 925 13
666 697 27
822 901 26
570 650 26
1001 1074 11
548 631 19
737 855 1
840 972 7
956 1081 7
634 678 17
696 792 27
768 826 15
920 979 26
1096 1191 26
659 781 1
907 1010 27
738 823 3
912 996 20
759 837 14
726 807 18
574 718 12
1011 1082 27
450 522 1
831 917 22
691 755 23
749 857 17
462 510 17
882 1016 26
834 872 15
536 660 25
849 921 10
906 945 21
742 810 20
866 969 17
864 987 17
463 535 11
849 908 6
814 884 25
855 939 22
661 780 8
655 775 17
867 918 20
970 1039 17
987 1023 24
458 538 27
1057 1194 18
537 616 1
578 661 9
956 1023 11
775 806 13
781 885 8
671 721 17
754 853 8
888 966 7
929 991 10
710 805 26
694 820 21
857 916 8
1017 1087 11
822 912 2
955 1031 3
578 642 24
843 908 9
716 786 24
940 1014 20
1008 1065 25
953 1037 0
799 873 17
828 937 26
852 962 4
786 899 17
913 970 13
1093 1192 3
542 628 27
897 973 17
579 671 25
1034 1129 26
663 700 13
840 927 12
898 961 3
1094 1187 15
642 707 8
701 746 13
518 587 17
847 905 15
910 953 10
705 817 23
1042 1109 17
805 933 3
766 824 14
755 812 4
653 686 16
887 963 5
837 903 5
963 1039 21
728 795 25
855 935 11
662 701 1
604 650 19
1016 1113 20
859 945 4
983 1058 26
905 980 15
645 752 4
658 755 5
978 1054 27
886 1017 20
827 862 15
812 894 4
703 754 1
522 596 1
783 859 20
787 861 24
853 918 19
967 1038 2
572 666 8
1004 1067 17
1104 1193 12
541 647 22
805 919 26
745 788 5
641 710 25
910 1037 5
535 609 6
507 570 4
1024 1117 24
515 577 5
1067 1155 3
877 955 7
899 945 0
735 777 7
719 823 10
688 797 23
814 862 14
784 914 25
521 610 14
697 757 11
832 904 25
979 1035 1
621 735 23
805 879 10
853 919 9
801 884 5
742 816 0
846 976 2
1042 1130 8
620 704 4
759 839 23
578 653 9
775 833 14
925 989 4
888 1006 15
863 919 13
689 816 5
1063 1149 26
877 959 1
794 854 13
830 905 10
1018 1097 20
849 925 0
918 981 3
831 931 23
590 691 17
879 976 9
972 1019 7
946 1034 13
632 695 19
913 968 6
608 669 23
965 1023 5
1002 1033 20
1017 1061 22
766 901 24
866 957 25
668 733 2
786 923 22
969 1005 1
963 1103 4
589 621 11
660 762 25
758 889 1
646 793 1
706 763 22
907 989 5
633 726 16
867 971 15
582 681 23
757 804 11
838 960 14
779 845 10
867 916 6
734 827 6
530 628 9
795 882 21
771 843 3
998 1076 2
1086 1188 7
623 761 0
931 986 0
454 555 5
824 918 3
644 689 2
951 997 23
701 831 14
886 954 8
1076 1141 2
738 832 23
954 1027 16
738 827 19
914 1008 4
773 884 12
683 745 8
576 667 24
1101 1152 18
661 735 12
570 638 4
885 961 14
791 858 19
845 958 22
571 660 9
781 848 1
864 936 4
944 1037 6
889 998 16
928 1037 13
907 1001 10
709 795 4
686 799 23
982 1027 23
450 509 16
578 640 5
940 1071 19
835 937 19
874 976 19
467 550 5
534 616 11
838 919 8
1087 1190 27
1020 1103 7
677 766 20
771 905 12
678 746 14
1158 1188 26
747 839 2
794 913 9
1019 1100 10
764 849 17
849 954 6
632 725 15
887 992 25
858 936 17
1063 1154 9
627 724 11
1000 1073 16
977 1085 9
713 804 8
556 669 5
576 668 0
735 849 21
814 921 4
1000 1116 27
973 1036 1
861 929 10
776 846 0
958 1039 25
844 952 25
992 1057 5
807 899 27
735 837 12
1006 1088 23
981 1037 6
526 654 8
564 664 5
885 946 21
852 916 14
767 844 23
829 927 19
878 948 10
1002 1087 0
996 1086 11
1034 1088 20
946 1039 4
1119 1152 19
947 1003 16
751 778 17
739 832 15
999 1098 27
789 898 18
848 958 0
962 1078 25
744 838 4
682 723 17
924 1044 12
586 660 22
587 652 17
883 978 9
678 753 5
971 1042 13
670 744 9
639 753 8
735 874 13
859 937 1
827 919 6
956 1036 8
696 736 5
1096 1174 25
856 967 11
761 854 25
936 1012 3
759 846 23
700 769 11
1030 1104 8
1126 1190 9
919 1008 22
954 1028 15
679 811 24
837 883 12
747 802 13
914 1038 24
560 617 14
1130 1194 26
918 1026 22
1010 1077 22
862 919 15
611 671 8
902 984 13
865 944 26
832 916 15
989 1062 3
950 1039 21
956 1001 7
904 966 8
913 1024 5
750 804 23
976 1013 19
1049 1189 16
982 1029 15
880 969 21
963 1044 19
760 800 4
1103 1194 7
832 918 19
819 918 18
692 796 17
589 651 24
723 786 17
787 919 4
770 876 11
781 859 14
1128 1191 24
1064 1109 22
858 962 23
874 949 17
735 767 2
913 1033 9
917 960 14
643 779 0
784 906 27
996 1083 14
792 844 19
673 709 22
1055 1174 19
714 795 25
932 1030 7
1057 1116 27
843 913 3
888 933 12
666 799 8
894 986 4
811 901 23
1109 1141 17
611 740 21
780 880 0
741 856 9
1003 1111 10
676 742 23
815 903 17
935 1024 10
827 918 19
700 766 27
696 794 10
1023 1112 11
842 983 23
840 908 23
1114 1193 20
633 720 16
745 801 18
1032 1133 5
899 1007 4
830 884 21
826 885 14
861 943 19
806 896 18
861 917 5
846 931 10
596 689 1
889 956 9
855 913 25
972 1038 11
1009 1087 4
1143 1193 17
651 746 26
1152 1194 18
552 641 26
817 919 27
621 713 14
799 875 10
1008 1075 4
635 720 21
1060 1194 18
1107 1186 14
631 710 14
697 788 19
1097 1192 20
724 783 16
553 596 22
802 917 23
683 735 8
727 834 11
640 703 9
584 675 2
789 836 24
1036 1124 0
510 650 16
800 857 4
808 871 23
905 972 10
450 569 7
688 796 10
955 1044 10
1047 1112 21
810 867 25
961 1049 22
866 917 19
643 761 26
912 995 23
1086 1121 11
1059 1122 16
881 963 10
808 919 16
675 761 24
1004 1100 16
873 914 6
734 839 0
754 788 0
735 803 18
1080 1162 11
560 678 11
805 905 8
755 849 8
942 1038 1
766 840 20
979 1038 7
1121 1190 10
999 1084 10
969 1040 6
1077 1192 19
776 860 17
916 992 15
891 943 25
806 868 13
867 948 27
653 752 12
878 918 11
869 995 17
761 898 24
1155 1194 3
1058 1192 5
1056 1139 15
914 953 25
898 940 24
925 1029 22
945 1017 0
1087 1179 18
684 764 11
655 753 8
873 936 23
858 1000 17
937 1032 11
1073 1192 16
767 843 0
777 838 2
571 672 7
686 792 18
736 830 20
591 674 18
983 1031 21
1142 1193 27
834 949 20
1076 1142 3
1042 1146 6
981 1065 15
940 1040 24
981 1110 26
1078 1192 22
701 805 24
749 887 8
1007 1094 15
920 1038 24
1141 1191 15
830 916 10
876 986 9
863 918 14
706 795 2
714 826 14
744 855 18
816 897 18
672 767 7
927 985 12
793 896 19
662 738 9
1122 1194 16
751 819 23
832 914 23
1100 1176 27
966 1092 17
945 1070 22
1018 1089 19
809 916 25
907 960 21
1116 1193 27
942 1032 7
1048 1142 10
1044 1109 22
809 882 4
726 817 17
570 657 17
947 1077 25
811 918 13
689 816 2
859 959 4
967 1035 14
922 1026 27
787 903 25
1104 1186 4
1091 1192 23
1111 1190 22
996 1081 23
796 869 25
776 814 23
838 934 23
651 716 13
901 1037 17
1076 1125 4
789 918 17
921 1025 0
695 801 18
728 810 13
762 881 25
1091 1189 20
953 1038 25
986 1039 4
505 570 8
861 916 11
884 972 12
628 701 9
750 852 21
747 807 24
942 1024 18
768 906 21
840 909 4
958 1043 0
664 741 12
674 795 5
857 951 12
767 860 27
788 838 16
805 935 11
1010 1058 7
785 837 25
821 906 17
1005 1098 1
706 776 22
790 917 0
668 756 0
1003 1127 4
834 894 22
960 1021 9
1110 1192 10
796 900 7
906 983 8
964 1055 27
640 759 4
979 1035 25
794 893 18
852 921 21
1122 1189 11
1099 1184 17
1068 1118 15
689 779 1
947 1023 19
729 792 22
655 777 17
701 832 9
655 747 16
787 864 24
710 774 14
692 785 2
1130 1190 1
773 913 11
883 935 14
705 829 9
631 732 27
756 849 8
935 1017 12
965 1039 3
993 1056 13
1004 1066 9
1090 1167 12
750 831 16
749 792 9
895 1024 27
839 913 2
1094 1153 15
853 912 0
885 1025 4
967 1038 8
888 980 18
1100 1194 1
979 1086 9
993 1039 15
1053 1126 22
832 909 20
664 796 9
1059 1146 22
937 1038 23
760 821 4
1041 1184 27
850 919 6
947 1083 21
861 919 24
1011 1108 13
832 919 14
571 643 21
920 1039 0
842 911 20
908 1005 25
793 863 22
717 802 12
881 919 25
841 918 2
1029 1095 23
1152 1193 3
1085 1194 9
1035 1123 1
838 954 5
1104 1193 8
960 1037 14
911 970 4
981 1038 2
991 1038 18
1049 1111 13
915 1013 7
747 814 26
736 861 14
811 914 24
728 852 12
763 844 5
1133 1195 15
1088 1182 23
852 908 17
1003 1075 17
653 738 19
1149 1194 6
850 912 23
1009 1097 25
710 814 22
812 903 1
733 818 25
814 917 24
812 873 12
711 767 23
964 1035 7
846 929 19
768 835 7
971 1013 4
993 1039 8
1119 1193 15
726 765 21
652 762 21
952 1041 20
940 1031 4
1121 1194 11
660 788 1
950 1052 26
816 918 5
935 989 23
822 916 24
977 1039 10
860 939 18
550 684 16
886 966 5
868 919 13
832 919 9
642 740 24
815 914 13
546 661 19
845 931 24
941 1036 18
855 919 6
768 807 21
983 1039 23
1125 1194 0
898 994 18
696 794 16
886 972 14
921 1004 21
813 902 10
1074 1189 26
754 840 5
661 714 11
753 786 8
892 919 8
844 918 2
657 729 5
733 845 27
779 839 1
1037 1114 7
772 873 8
789 849 19
940 1016 11
860 948 25
958 1037 5
1113 1184 21
913 1034 22
807 874 2
693 810 16
1124 1192 26
972 1039 12
1156 1192 15
1100 1191 16
910 976 17
868 915 24
1126 1189 1
818 907 2
804 925 18
996 1085 4
870 913 17
681 753 16
996 1081 5
681 758 17
753 855 16
983 1039 24
815 898 26
1005 1144 21
953 1038 25
1073 1188 9
854 916 21
1073 1161 1
756 859 0
741 822 21
852 956 2
880 919 0
1058 1122 7
893 1016 22
875 975 12
962 1039 4
944 1002 14
1060 1185 13
947 1078 3
1133 1192 22
748 810 11
829 870 24
1087 1186 9
799 919 8
1025 1124 18
1125 1193 25
830 906 9
1158 1191 19
964 1057 2
1013 1098 4
740 825 24
847 918 0
706 780 27
1044 1134 13
936 1067 10
678 781 2
760 860 17
847 962 5
943 1037 10
796 918 5
874 974 24
833 925 12
973 1031 5
981 1028 24
1163 1194 11
820 899 25
799 924 25
1123 1193 7
843 916 2
839 919 18
935 1031 2
1089 1192 11
862 919 17
610 648 6
614 698 22
932 1038 23
650 734 6
793 900 17
1091 1173 0
1113 1189 22
831 957 26
954 1038 12
1011 1105 2
944 1023 12
807 880 22
1095 1193 19
612 674 14
798 885 10
902 989 11
859 917 27
787 901 8
731 799 16
791 855 16
960 1038 14
933 1036 17
928 1038 18
943 1039 14
1108 1193 13
808 919 21
841 912 11
1108 1184 2
848 913 1
752 814 6
682 790 14
825 919 24
850 918 5
998 1083 14
745 814 19
829 897 16
763 887 21
1104 1188 4
781 871 27
991 1059 11
1063 1184 27
1085 1194 3
861 919 20
821 919 4
911 1016 6
711 798 24
860 919 1
1135 1194 13
791 915 1
801 903 16
957 1039 26
1032 1100 4
1087 1182 4
685 811 14
814 917 22
624 724 12
1165 1193 20
950 1031 11
972 1057 23
923 996 21
1043 1102 0
855 915 0
775 919 14
948 999 7
835 919 7
1000 1039 7
918 1034 20
922 1032 23
807 894 9
896 979 19
918 1005 25
1083 1194 21
1103 1158 5
1096 1194 23
986 1039 12
839 920 1
1115 1192 7
700 815 22
814 916 5
736 836 5
887 997 27
799 894 9
808 910 26
886 955 22
849 919 19
876 917 15
1008 1039 0
1063 1187 20
687 748 19
898 978 26
998 1090 27
757 830 19
517 573 1
800 918 16
950 1039 21
950 1007 10
1036 1142 17
674 736 23
740 789 23
781 874 2
889 966 8
857 919 16
1128 1194 4
888 963 21
936 1010 2
830 916 19
953 1018 14
984 1038 12
968 1038 19
1127 1188 18
1009 1117 25
657 733 17
1154 1194 21
937 994 19
913 1040 1
658 745 26
827 867 22
859 920 0
733 845 17
961 1038 21
976 1058 12
855 920 16
950 1096 17
850 919 8
781 903 2
1099 1173 2
851 919 18
1011 1112 19
963 1039 10
968 1028 10
788 918 26
832 918 16
862 909 27
1100 1193 4
1125 1194 26
730 862 5
1058 1117 12
1111 1168 13
765 850 22
1043 1170 22
1091 1182 10
853 918 22
929 1032 19
885 912 14
591 693 1
908 986 9
909 1006 10
978 1039 17
1020 1107 7
1107 1189 17
946 1037 24
964 1037 21
963 1036 5
823 919 2
819 912 6
938 1007 9
871 918 25
1059 1124 11
862 913 18
703 777 1
874 918 22
785 912 12
865 916 5
975 1022 19
1144 1194 21
826 919 24
842 922 16
797 842 23
1067 1194 15
1109 1166 7
828 906 19
1079 1193 25
1031 1174 0
1101 1177 22
727 819 12
1117 1194 12
885 1014 2
1099 1191 17
838 938 25
1141 1194 2
889 918 1
971 1037 8
1004 1119 22
886 962 10
793 873 14
1119 1188 25
860 899 12
989 1032 9
843 916 5
1085 1171 14
1047 1145 6
921 1037 5
1086 1191 22
849 917 8
1130 1194 8
1116 1193 19
847 969 17
854 919 13
781 824 11
794 919 1
994 1101 18
1072 1163 17
795 934 22
996 1036 17
1075 1188 10
1125 1194 11
1043 1116 9
1071 1192 22
1093 1145 23
872 917 27
852 899 23
950 1002 4
955 1027 25
979 1039 26
932 1002 14
994 1113 23
1088 1191 4
1150 1195 22
1007 1122 25
823 900 21
1125 1185 21
830 958 12
926 982 18
826 892 23
747 792 9
902 1038 21
1128 1176 22
813 916 23
1122 1191 25
1102 1178 0
1103 1193 0
877 919 21
1101 1194 18
797 920 9
847 918 3
1082 1172 25
990 1039 15
900 1027 9
937 1015 2
813 916 14
967 1038 12
1153 1192 6
808 913 21
1114 1193 23
901 1034 12
1016 1144 10
905 1039 23
908 1039 18
1127 1193 4
1142 1193 10
1103 1194 27
965 1034 10
921 1035 9
970 1039 17
970 1031 22
1157 1193 22
820 917 11
940 1021 16
1118 1172 23
Shifts = 4
0 0 0 0 0 0
450 0 0 470 0 0
570 0 0 470 0 0
735 0 0 460 0 0
Employees = 20
614: 0 4 7 17 21 33 36 38 39 41 43 44 45 49 50 51 53 56 58 59 68 69 70 71 74 75 76 78 89 91 93 104 105 106 108 109 120 126 127 131 135 136 138 142 144 146 148 149 151 153 154 155 156 159 163 166 169 185 190 194 195 200 205 208 211 213 216 218 219 222 226 229 234 239 241 245 246 250 251 252 254 273 276 278 282 286 287 288 289 290 292 293 294 297 305 306 308 312 315 317 320 322 326 327 331 332 333 337 342 343 346 348 349 353 358 359 361 364 365 369 372 374 388 389 390 395 399 400 402 410 423 426 427 429 433 435 436 439 443 458 465 466 468 472 479 480 489 490 491 493 499 500 501 505 506 507 509 511 513 514 516 519 524 525 527 529 530 531 532 533 540 543 544 547 548 554 556 558 559 560 567 570 582 585 589 593 600 601 602 607 608 611 613 615 621 623 629 631 637 642 646 647 649 653 659 662 663 673 676 679 693 696 697 706 712 722 724 729 730 735 736 744 745 748 751 756 766 770 775 780 788 790 793 796 797 803 804 811 812 814 818 819 821 822 824 826 832 835 837 838 841 842 849 850 858 860 866 876 877 878 880 882 887 888 904 921 925 927 928 932 935 936 938 939 943 945 948 953 956 958 959 961 965 967 969 971 975 977 983 985 986 987 991 995 997 1003 1006 1007 1009 1016 1019 1024 1026 1029 1032 1047 1049 1051 1054 1055 1065 1068 1073 1074 1075 1076 1081 1085 1087 1088 1090 1092 1093 1103 1108 1113 1115 1124 1128 1129 1132 1141 1145 1151 1156 1159 1162 1168 1169 1173 1178 1181 1182 1184 1186 1191 1197 1198 1203 1206 1219 1223 1229 1230 1233 1235 1241 1243 1246 1255 1256 1258 1261 1262 1266 1268 1269 1276 1277 1279 1284 1289 1293 1295 1297 1299 1302 1305 1321 1325 1326 1330 1343 1346 1351 1353 1354 1356 1357 1363 1365 1366 1370 1375 1379 1382 1390 1393 1396 1402 1408 1410 1417 1421 1422 1423 1424 1425 1427 1431 1432 1433 1434 1436 1437 1446 1449 1457 1458 1463 1464 1467 1469 1474 1478 1489 1490 1492 1500 1503 1504 1506 1507 1509 1511 1513 1516 1524 1525 1532 1535 1538 1544 1545 1547 1548 1551 1553 1554 1555 1558 1559 1561 1564 1568 1576 1577 1579 1603 1605 1609 1615 1623 1628 1631 1636 1637 1638 1639 1641 1642 1644 1648 1649 1657 1658 1661 1664 1669 1676 1677 1680 1681 1685 1694 1695 1697 1698 1699 1702 1705 1708 1710 1714 1718 1719 1722 1723 1728 1733 1742 1743 1747 1749 1750 1753 1754 1756 1757 1765 1770 1776 1777 1781 1789 1798 1806 1809 1811 1813 1814 1815 1817 1818 1820 1825 1826 1830 1831 1833 1836 1839 1842 1843 1846 1851 1866 1872 1874 1877 1882 1885 1886 1888 1890 1892 1895 1898 1902 1918 1924 1926 1927 1930 1933 1934 1935 1939 1941 1945 1947 1948 1950 1951 1956 1957 1961 1964 1969 1970 1972 1973 1974 1977 1978 1979 1991 1996 1997 2002 2004 2012 2017 2021 2022 2029 2035 2040 2045 2047 2051 2052 2056 2058 2061 2062 2065 2069 2072 2079 2080 2083 2086 2089 2093 2094 2098 2099 2101 2102 2103 2105 2110 2116 
660: 0 1 8 10 12 15 16 17 21 22 26 39 42 44 46 48 49 51 52 55 57 63 64 67 74 77 85 87 89 92 98 99 100 101 103 104 108 109 111 120 121 124 125 130 134 135 137 145 146 147 148 152 154 155 156 161 162 166 171 175 177 180 185 193 194 195 196 197 198 203 205 206 208 211 214 216 219 222 226 227 229 230 237 242 249 252 254 261 263 265 267 270 273 277 278 283 290 292 293 299 301 302 303 304 305 307 310 312 316 320 323 324 325 326 337 340 342 345 347 348 350 351 359 360 363 368 370 374 375 378 380 383 385 387 390 391 393 394 397 398 399 400 402 406 407 408 416 433 435 436 437 439 441 442 446 450 454 455 457 461 463 464 471 473 481 483 484 485 486 491 492 500 505 508 512 513 516 518 519 525 529 535 541 543 548 550 551 557 562 569 570 571 573 575 578 579 580 584 586 589 592 593 595 596 604 607 610 613 614 616 622 625 626 629 633 638 641 644 645 650 654 655 666 669 671 677 680 682 691 694 698 700 705 709 715 723 725 726 727 733 735 738 741 747 749 753 755 757 759 766 768 769 770 771 772 775 776 783 784 788 791 794 796 797 802 803 807 809 810 812 813 815 824 826 833 836 837 838 839 843 844 850 852 858 863 867 868 869 871 872 875 877 879 882 884 887 889 892 899 905 910 913 916 917 919 921 922 924 925 926 933 934 935 938 940 942 946 953 956 963 965 969 974 978 981 982 988 993 996 997 999 1000 1003 1004 1009 1011 1012 1015 1019 1021 1022 1027 1033 1044 1047 1053 1056 1058 1060 1064 1065 1072 1073 1075 1077 1078 1081 1085 1088 1092 1097 1100 1101 1102 1105 1106 1109 1111 1121 1128 1129 1133 1134 1135 1139 1140 1151 1154 1160 1164 1165 1174 1183 1191 1193 1197 1198 1207 1210 1213 1217 1227 1228 1234 1237 1241 1242 1246 1249 1252 1254 1255 1263 1265 1267 1268 1271 1272 1273 1279 1282 1283 1285 1286 1288 1292 1297 1299 1302 1303 1312 1315 1317 1318 1319 1323 1324 1325 1327 1334 1336 1341 1342 1343 1350 1351 1353 1361 1370 1372 1373 1375 1378 1380 1382 1383 1385 1387 1390 1395 1396 1401 1402 1405 1409 1411 1412 1422 1423 1437 1440 1444 1446 1455 1456 1463 1465 1467 1469 1472 1486 1487 1496 1498 1507 1510 1521 1524 1526 1527 1534 1549 1562 1564 1566 1580 1581 1587 1591 1592 1593 1594 1596 1598 1600 1605 1614 1615 1619 1627 1629 1632 1644 1645 1646 1649 1652 1653 1657 1658 1664 1665 1668 1671 1677 1678 1679 1681 1685 1687 1691 1695 1696 1701 1708 1711 1712 1714 1720 1726 1728 1730 1731 1732 1735 1737 1739 1744 1750 1752 1757 1761 1765 1766 1771 1773 1776 1778 1780 1781 1785 1797 1800 1803 1804 1805 1808 1811 1812 1817 1818 1820 1822 1824 1826 1835 1838 1843 1844 1849 1850 1854 1855 1858 1859 1863 1871 1872 1874 1879 1883 1887 1888 1889 1890 1892 1893 1895 1897 1898 1901 1910 1911 1913 1914 1915 1917 1923 1924 1926 1928 1932 1933 1934 1937 1939 1943 1944 1948 1952 1960 1962 1965 1966 1970 1971 1977 1979 1981 1982 1989 1993 1996 1997 1998 2001 2002 2003 2006 2011 2017 2020 2023 2025 2028 2029 2035 2036 2046 2047 2049 2055 2056 2058 2063 2064 2066 2073 2077 2088 2090 2091 2093 2095 2103 2107 2111 2112 2114 2115 
650: 1 3 4 6 7 11 15 16 29 43 45 47 51 61 63 65 67 68 72 77 80 81 83 85 86 88 95 103 105 108 110 115 120 126 129 133 137 139 141 142 143 147 149 156 157 158 163 170 172 177 178 179 180 184 192 196 201 205 210 212 217 218 219 220 225 228 232 236 237 238 244 247 248 249 251 253 257 260 261 263 266 269 270 277 278 283 287 293 297 298 304 307 310 313 318 319 321 325 328 330 340 342 345 346 349 351 356 361 364 366 367 371 374 376 384 385 390 392 394 399 401 410 413 414 416 418 421 423 431 434 439 442 443 446 452 453 457 458 459 468 469 471 473 478 479 480 482 485 490 491 494 499 500 503 504 510 518 522 528 532 533 534 536 537 544 550 551 552 553 556 561 562 565 574 581 587 588 589 590 592 602 603 604 605 609 611 613 616 620 621 626 629 630 632 637 648 650 657 660 666 667 672 676 679 681 683 691 695 700 709 715 716 717 722 724 726 727 729 731 733 735 738 741 742 743 744 746 748 752 756 758 761 767 768 771 775 777 785 789 790 792 796 797 801 802 803 807 811 814 815 818 821 825 826 833 834 837 839 840 841 845 847 851 862 866 867 871 872 873 874 875 877 879 886 889 892 897 906 907 909 916 919 921 928 930 934 938 940 943 946 947 952 955 959 966 967 971 972 974 976 979 986 988 990 991 996 999 1002 1005 1007 1010 1011 1012 1022 1023 1026 1027 1028 1029 1035 1037 1042 1044 1047 1057 1063 1064 1067 1068 1070 1074 1075 1076 1081 1083 1091 1092 1097 1099 1101 1109 1112 1113 1122 1123 1133 1138 1140 1141 1145 1151 1153 1155 1157 1158 1163 1165 1173 1176 1177 1182 1183 1186 1189 1190 1192 1194 1201 1209 1210 1216 1217 1220 1223 1224 1227 1228 1232 1242 1244 1248 1250 1260 1261 1267 1271 1275 1279 1280 1281 1287 1288 1290 1299 1300 1307 1309 1313 1317 1318 1319 1320 1321 1325 1333 1335 1337 1338 1340 1341 1345 1348 1352 1353 1360 1370 1371 1373 1374 1377 1379 1381 1384 1385 1386 1387 1390 1392 1394 1395 1396 1399 1401 1407 1414 1422 1425 1431 1435 1436 1437 1438 1440 1441 1442 1447 1448 1450 1456 1457 1459 1460 1461 1463 1467 1468 1470 1471 1473 1474 1475 1477 1484 1486 1489 1493 1495 1497 1503 1515 1521 1522 1523 1525 1526 1529 1530 1531 1535 1539 1542 1545 1546 1547 1550 1554 1556 1557 1558 1561 1563 1566 1568 1574 1578 1580 1581 1582 1586 1588 1590 1591 1600 1610 1611 1613 1614 1623 1633 1634 1635 1636 1638 1640 1641 1648 1649 1650 1656 1657 1660 1662 1665 1667 1668 1675 1681 1682 1683 1687 1698 1701 1702 1710 1717 1720 1721 1726 1727 1736 1746 1748 1763 1766 1768 1770 1771 1773 1780 1783 1785 1788 1789 1790 1804 1810 1811 1817 1818 1824 1825 1826 1834 1839 1844 1845 1855 1856 1858 1863 1871 1872 1881 1884 1888 1889 1892 1895 1896 1898 1900 1902 1903 1909 1912 1913 1918 1920 1925 1926 1927 1928 1929 1931 1934 1940 1942 1943 1945 1950 1952 1954 1959 1960 1964 1965 1974 1975 1984 1985 1986 1992 1994 1995 2001 2003 2005 2006 2007 2009 2011 2013 2014 2016 2019 2020 2024 2026 2037 2043 2047 2049 2051 2052 2059 2061 2062 2071 2073 2074 2075 2079 2080 2084 2087 2089 2105 2108 2111 2113 
599: 0 1 2 4 12 14 15 19 20 25 26 32 35 37 39 46 48 53 61 63 66 69 70 74 76 77 80 83 85 88 102 103 105 114 115 117 122 127 132 139 141 143 147 148 151 153 155 161 162 163 166 167 170 175 176 177 180 182 186 189 191 195 196 202 205 206 209 218 228 229 236 240 241 254 255 268 270 271 272 278 279 282 285 290 292 298 299 304 305 306 311 313 314 321 330 333 335 336 339 343 352 371 372 382 386 388 389 391 395 399 402 403 405 406 409 411 414 415 417 420 425 427 429 430 433 434 438 445 447 449 450 451 456 459 462 463 464 470 475 476 479 480 482 483 485 488 491 493 496 498 499 502 503 505 511 512 514 515 519 524 526 531 534 539 540 541 548 559 568 571 573 576 577 584 589 593 595 599 607 608 624 628 630 638 640 645 646 653 655 662 665 667 670 671 674 677 684 688 691 695 696 705 711 712 713 716 726 728 735 736 741 742 746 747 748 759 768 773 777 782 783 785 792 793 795 797 799 811 812 814 822 824 827 828 830 832 842 845 851 852 853 856 857 859 860 861 863 865 866 869 876 880 885 898 900 911 918 919 928 929 932 933 940 942 945 952 955 958 960 962 964 968 971 978 983 986 987 988 992 1003 1006 1010 1017 1018 1023 1024 1025 1030 1032 1036 1041 1042 1045 1046 1049 1050 1051 1054 1060 1064 1070 1073 1075 1076 1078 1086 1088 1093 1097 1100 1102 1103 1106 1111 1112 1114 1115 1116 1123 1125 1126 1132 1137 1139 1144 1146 1147 1148 1151 1152 1157 1158 1163 1164 1170 1171 1173 1174 1175 1180 1182 1188 1204 1208 1209 1211 1214 1216 1217 1220 1221 1224 1228 1230 1234 1235 1239 1246 1253 1264 1268 1269 1274 1277 1278 1282 1283 1293 1294 1297 1300 1303 1306 1311 1316 1318 1322 1323 1327 1330 1331 1332 1334 1339 1350 1361 1363 1367 1375 1380 1382 1383 1385 1386 1387 1393 1403 1406 1409 1412 1419 1421 1422 1423 1424 1427 1428 1429 1432 1435 1438 1439 1442 1444 1448 1450 1456 1458 1459 1464 1470 1476 1478 1479 1481 1482 1483 1496 1507 1509 1512 1517 1518 1520 1531 1542 1545 1547 1560 1566 1567 1570 1573 1574 1579 1580 1587 1588 1590 1594 1595 1604 1606 1612 1617 1618 1619 1623 1626 1631 1634 1642 1653 1655 1656 1660 1662 1663 1664 1670 1672 1673 1675 1679 1681 1683 1684 1688 1690 1692 1695 1696 1698 1699 1700 1703 1704 1706 1709 1714 1715 1721 1722 1729 1730 1733 1734 1735 1744 1746 1750 1752 1757 1760 1761 1767 1769 1770 1773 1777 1782 1785 1787 1789 1790 1794 1807 1814 1818 1819 1824 1826 1833 1834 1835 1842 1843 1844 1858 1859 1860 1861 1872 1873 1876 1879 1880 1884 1885 1887 1888 1889 1895 1896 1899 1900 1902 1912 1923 1928 1937 1940 1942 1944 1951 1955 1956 1965 1970 1971 1974 1986 1999 2001 2007 2010 2012 2013 2014 2016 2020 2022 2024 2025 2026 2030 2031 2035 2036 2040 2042 2043 2049 2052 2055 2060 2068 2071 2076 2078 2079 2081 2083 2095 2100 2105 2109 2112 2116 
619: 3 6 9 11 16 19 22 25 28 29 35 36 37 41 43 46 52 56 62 69 70 91 93 98 103 107 109 110 114 116 121 122 128 133 139 141 144 145 154 155 158 159 160 163 168 172 173 174 175 176 178 179 180 181 188 191 192 194 195 197 201 207 211 215 217 218 221 224 225 227 230 231 232 233 234 235 238 240 243 245 247 249 251 252 254 258 264 268 272 275 277 279 280 283 285 287 289 290 292 296 304 305 311 312 319 321 322 330 331 332 333 338 341 344 346 349 352 360 367 370 372 377 378 381 383 385 388 390 397 398 400 402 404 406 409 411 412 413 419 420 421 424 427 430 433 434 436 444 446 449 454 464 466 469 470 472 474 475 491 494 496 524 526 529 533 535 537 539 542 550 557 558 565 566 567 571 575 576 577 581 584 588 592 595 601 602 603 606 608 619 621 628 629 635 636 637 638 643 652 655 666 667 668 670 676 681 692 695 696 702 703 713 714 721 724 726 731 732 737 744 745 746 747 752 760 763 766 770 771 775 781 783 784 785 789 790 791 795 798 800 808 809 811 813 818 822 827 830 833 834 835 844 846 847 850 853 857 869 870 876 877 880 881 888 889 893 894 899 900 905 907 910 914 915 919 921 924 925 927 934 937 941 949 952 953 954 955 957 959 961 965 966 967 968 970 974 975 976 983 992 1000 1002 1005 1011 1016 1018 1022 1027 1034 1035 1041 1044 1045 1048 1049 1051 1054 1056 1058 1059 1063 1064 1070 1074 1081 1082 1090 1091 1100 1102 1103 1104 1107 1108 1110 1111 1112 1127 1132 1145 1149 1150 1152 1153 1159 1161 1174 1175 1176 1184 1191 1192 1195 1202 1204 1207 1208 1211 1213 1218 1222 1223 1229 1240 1241 1244 1252 1255 1256 1266 1267 1275 1282 1306 1311 1313 1314 1316 1318 1323 1324 1327 1334 1339 1340 1343 1356 1358 1360 1362 1371 1373 1376 1379 1381 1384 1386 1388 1389 1390 1392 1398 1401 1402 1403 1408 1409 1412 1413 1415 1416 1424 1425 1427 1430 1431 1432 1444 1445 1447 1448 1452 1465 1472 1492 1493 1496 1497 1498 1501 1502 1504 1508 1509 1510 1513 1517 1519 1521 1532 1536 1539 1540 1542 1544 1555 1560 1569 1571 1572 1578 1580 1586 1589 1593 1595 1600 1602 1604 1606 1609 1614 1616 1619 1622 1623 1630 1641 1643 1645 1647 1649 1651 1654 1657 1661 1662 1663 1664 1668 1673 1675 1678 1680 1683 1685 1692 1693 1695 1696 1702 1710 1713 1716 1719 1721 1723 1727 1728 1729 1732 1735 1738 1743 1746 1753 1756 1761 1764 1765 1773 1780 1784 1790 1794 1795 1796 1797 1798 1807 1809 1811 1812 1816 1827 1828 1829 1832 1833 1838 1840 1842 1843 1847 1850 1853 1857 1858 1860 1861 1863 1869 1879 1880 1881 1886 1891 1892 1897 1898 1904 1905 1907 1909 1910 1911 1917 1921 1924 1935 1937 1940 1944 1948 1951 1953 1956 1957 1958 1962 1963 1966 1968 1975 1977 1978 1982 1983 1984 1992 2003 2005 2008 2011 2018 2026 2027 2032 2036 2040 2041 2045 2048 2049 2050 2051 2052 2060 2067 2069 2073 2075 2079 2080 2086 2087 2088 2091 2093 2097 2100 2102 2106 2107 2109 2110 2115 2116 2117 
617: 0 1 14 16 19 20 22 26 27 29 34 35 36 37 38 43 53 58 63 64 66 73 75 76 79 81 82 83 96 97 99 100 101 106 111 115 119 121 123 125 126 132 133 135 140 145 148 151 155 159 160 164 165 166 174 175 184 188 192 193 209 215 222 228 229 230 235 238 239 243 246 250 256 258 259 260 264 271 272 283 287 289 292 294 296 297 299 301 307 309 315 319 320 321 323 328 330 331 335 336 337 346 348 351 355 362 365 367 368 371 382 386 390 391 393 394 398 401 409 411 412 423 431 434 436 437 441 444 445 447 448 450 454 455 460 470 473 477 480 490 500 502 504 507 509 510 511 513 514 519 520 524 527 529 534 559 566 569 570 572 575 578 579 580 581 593 597 598 599 600 604 606 609 612 616 617 618 622 627 634 637 650 658 661 662 664 667 668 670 671 672 678 682 685 686 690 691 693 694 700 702 705 714 717 718 720 721 724 731 734 737 740 746 747 748 749 752 757 758 762 764 766 767 768 769 777 778 785 787 790 791 793 800 801 803 806 807 810 816 817 824 827 830 831 835 839 843 844 847 849 852 858 865 866 869 871 873 878 879 880 881 883 885 887 889 892 894 895 898 899 906 907 908 909 912 913 917 919 920 927 929 933 934 940 941 949 950 951 956 959 962 964 966 967 968 972 978 987 988 989 995 998 1006 1017 1018 1021 1024 1025 1026 1029 1032 1034 1036 1037 1041 1043 1045 1056 1057 1063 1064 1069 1072 1077 1078 1080 1083 1085 1086 1096 1097 1098 1099 1105 1107 1110 1119 1123 1127 1132 1133 1140 1142 1143 1146 1148 1149 1150 1151 1155 1160 1170 1172 1180 1187 1190 1194 1203 1207 1210 1211 1213 1214 1216 1218 1219 1223 1225 1226 1230 1231 1233 1238 1240 1244 1245 1248 1251 1254 1255 1257 1260 1264 1268 1278 1279 1280 1286 1287 1289 1293 1311 1317 1320 1321 1322 1329 1332 1334 1344 1347 1355 1356 1363 1370 1373 1374 1382 1384 1385 1389 1393 1400 1403 1405 1406 1408 1411 1413 1414 1415 1421 1425 1428 1429 1431 1436 1438 1450 1451 1454 1455 1457 1460 1471 1472 1474 1476 1482 1483 1484 1486 1487 1488 1489 1490 1495 1497 1500 1513 1519 1524 1527 1528 1532 1534 1535 1537 1545 1546 1548 1550 1551 1556 1564 1565 1572 1576 1583 1584 1585 1589 1591 1594 1599 1605 1610 1613 1614 1615 1618 1624 1625 1626 1629 1634 1636 1637 1641 1648 1651 1654 1667 1670 1680 1682 1689 1692 1710 1712 1715 1717 1723 1726 1733 1736 1737 1745 1749 1750 1752 1755 1762 1768 1770 1771 1772 1773 1778 1779 1791 1793 1794 1796 1798 1803 1804 1807 1810 1811 1817 1821 1822 1824 1830 1832 1833 1840 1843 1845 1848 1855 1856 1859 1862 1867 1868 1871 1874 1876 1877 1879 1881 1883 1891 1893 1895 1900 1901 1902 1914 1915 1918 1920 1924 1927 1930 1931 1932 1939 1944 1945 1948 1949 1951 1952 1953 1954 1958 1963 1971 1973 1979 1982 1984 1985 1988 1992 2001 2006 2007 2009 2015 2018 2020 2027 2034 2036 2037 2046 2047 2049 2056 2067 2071 2073 2076 2079 2084 2087 2088 2109 2113 2114 2115 2116 2119 
645: 2 3 5 6 8 10 11 16 18 20 21 25 27 29 42 43 44 46 50 52 57 58 59 63 69 71 75 76 78 79 83 91 93 97 98 100 103 107 108 112 113 114 118 123 126 127 131 133 136 138 139 141 142 147 149 154 161 165 167 168 170 176 177 188 189 197 198 202 219 221 223 224 225 226 230 233 239 243 249 258 259 269 272 274 276 282 285 286 290 291 297 299 302 307 311 312 323 331 335 340 341 343 348 363 364 372 374 377 378 380 383 384 386 391 394 397 399 405 406 409 410 411 414 415 416 417 419 422 427 429 430 433 443 452 457 458 462 465 467 471 472 475 478 481 482 484 486 491 492 493 494 495 498 501 506 507 508 510 519 525 528 531 533 541 542 545 553 555 556 558 571 572 575 576 577 579 589 590 593 595 601 618 619 621 622 624 625 627 631 637 638 640 643 646 648 650 651 666 668 674 678 691 693 694 697 699 700 704 705 706 708 713 714 715 716 717 722 723 726 727 728 731 732 734 738 739 742 745 749 750 753 761 767 772 773 774 777 780 781 787 788 789 790 791 793 795 802 804 806 809 816 818 821 823 825 830 831 832 843 847 855 856 858 865 866 867 868 872 876 889 890 894 901 908 909 916 917 919 923 924 928 930 931 932 933 934 940 942 943 944 946 948 950 951 953 967 971 972 973 975 976 978 980 982 983 993 994 997 999 1001 1011 1016 1017 1023 1025 1028 1034 1038 1041 1042 1043 1046 1048 1049 1051 1054 1055 1060 1064 1069 1073 1074 1084 1085 1088 1089 1091 1095 1096 1100 1101 1102 1105 1113 1116 1122 1128 1135 1137 1138 1139 1143 1149 1153 1154 1155 1157 1165 1167 1168 1170 1173 1174 1177 1178 1185 1186 1187 1188 1189 1195 1197 1198 1200 1202 1206 1208 1212 1217 1224 1226 1231 1233 1244 1254 1257 1264 1268 1282 1283 1287 1292 1296 1297 1304 1308 1309 1310 1311 1314 1316 1318 1323 1327 1329 1330 1331 1334 1335 1339 1346 1350 1352 1356 1357 1358 1359 1362 1363 1366 1387 1388 1390 1391 1400 1401 1412 1416 1420 1423 1426 1430 1431 1432 1433 1435 1437 1441 1444 1447 1450 1451 1452 1457 1461 1464 1466 1471 1474 1478 1482 1494 1497 1498 1504 1506 1508 1509 1510 1514 1516 1519 1521 1527 1528 1531 1537 1541 1542 1543 1545 1547 1548 1549 1551 1555 1564 1574 1576 1578 1580 1587 1589 1595 1599 1600 1605 1608 1610 1612 1615 1619 1626 1633 1645 1646 1653 1656 1660 1662 1664 1666 1670 1675 1680 1681 1683 1689 1690 1691 1694 1700 1704 1705 1710 1711 1712 1713 1720 1723 1725 1732 1733 1734 1735 1740 1741 1742 1745 1746 1749 1755 1756 1757 1759 1776 1782 1787 1788 1793 1794 1796 1797 1802 1808 1809 1811 1816 1819 1822 1826 1829 1830 1831 1837 1838 1839 1842 1849 1851 1853 1856 1857 1860 1862 1864 1865 1866 1867 1868 1869 1871 1873 1874 1875 1879 1884 1895 1896 1902 1906 1908 1909 1917 1925 1927 1929 1935 1937 1941 1942 1944 1947 1952 1957 1960 1965 1966 1967 1972 1974 1978 1983 1984 1987 1995 2000 2003 2007 2013 2024 2025 2030 2033 2035 2036 2039 2041 2047 2049 2059 2060 2062 2065 2067 2070 2073 2079 2080 2081 2088 2089 2094 2095 2097 2099 2103 2104 2105 2109 2112 2113 2114 2116 2118 
597: 5 10 11 13 17 23 29 35 39 43 46 47 54 55 70 71 76 78 90 94 95 98 104 105 106 107 108 110 114 122 128 130 131 132 140 143 153 158 165 167 168 169 173 174 187 189 190 202 206 207 208 211 216 220 221 223 227 228 229 230 231 233 234 235 242 243 244 246 247 252 253 254 257 258 259 261 263 265 266 267 270 272 274 281 296 297 303 304 308 316 318 319 320 321 329 346 349 350 351 352 353 361 363 364 365 377 378 379 384 385 393 401 403 405 412 414 415 417 419 420 436 447 457 460 463 466 470 473 477 481 485 488 490 493 498 503 504 505 507 512 513 515 517 529 536 538 540 541 543 549 553 562 563 572 575 581 582 594 595 602 604 605 608 609 614 617 620 626 628 629 630 631 632 633 645 649 652 653 656 657 659 662 664 666 669 671 672 674 678 685 689 691 697 698 700 704 707 710 716 719 723 725 729 730 732 733 736 739 743 745 749 756 757 758 759 763 764 773 776 777 778 779 781 784 787 788 792 801 808 810 819 820 832 833 836 838 839 840 841 849 850 856 860 862 863 866 867 870 875 877 879 882 889 893 896 903 904 906 909 918 919 920 926 928 932 936 938 939 941 943 949 951 952 955 956 960 961 962 968 976 985 986 989 1001 1003 1005 1019 1022 1024 1027 1030 1032 1033 1034 1037 1046 1048 1053 1056 1062 1070 1073 1075 1081 1084 1091 1093 1095 1097 1098 1103 1108 1109 1113 1124 1125 1128 1133 1135 1136 1140 1144 1145 1148 1150 1151 1152 1153 1154 1155 1158 1163 1166 1167 1168 1170 1171 1172 1174 1175 1176 1180 1182 1187 1189 1191 1194 1195 1198 1201 1202 1207 1212 1222 1225 1226 1229 1234 1237 1239 1241 1242 1243 1244 1246 1253 1254 1255 1256 1260 1262 1265 1268 1272 1273 1274 1280 1284 1285 1286 1292 1294 1296 1298 1303 1310 1312 1313 1316 1317 1321 1328 1335 1336 1345 1346 1347 1352 1353 1355 1359 1372 1373 1374 1376 1386 1388 1389 1390 1391 1393 1410 1416 1417 1423 1424 1427 1431 1435 1439 1441 1443 1445 1448 1449 1454 1467 1473 1480 1483 1490 1497 1501 1503 1507 1511 1515 1516 1518 1525 1527 1529 1532 1537 1545 1546 1551 1554 1555 1556 1559 1562 1567 1569 1570 1575 1577 1580 1581 1583 1587 1590 1593 1598 1600 1605 1607 1616 1623 1624 1625 1626 1627 1630 1633 1634 1638 1639 1644 1647 1651 1656 1661 1663 1665 1667 1671 1674 1676 1679 1680 1691 1692 1694 1695 1698 1700 1701 1709 1710 1712 1721 1724 1728 1735 1737 1753 1760 1763 1764 1769 1770 1773 1784 1796 1808 1812 1819 1821 1824 1827 1829 1837 1839 1843 1845 1853 1854 1863 1866 1868 1872 1874 1876 1890 1891 1892 1893 1894 1897 1900 1902 1905 1909 1917 1920 1934 1935 1937 1938 1947 1948 1953 1959 1962 1967 1968 1973 1979 1983 1984 1992 1997 2000 2002 2005 2008 2013 2014 2018 2021 2027 2032 2040 2042 2045 2047 2055 2061 2063 2066 2068 2073 2075 2076 2080 2081 2085 2091 2092 2095 2096 2097 2104 2105 2113 2115 
630: 5 6 7 8 9 10 11 14 15 18 19 21 24 27 32 38 39 41 54 63 64 65 67 69 72 73 77 78 79 82 84 86 87 95 96 98 100 105 108 114 116 118 119 121 122 126 128 131 132 134 138 139 140 155 160 161 164 167 168 171 173 182 183 188 191 198 199 202 207 209 210 217 219 225 229 241 243 246 248 252 255 260 262 263 265 266 268 271 273 276 277 279 280 293 296 299 308 309 310 313 315 317 320 322 326 331 339 343 348 352 354 357 360 365 366 370 373 385 386 396 399 403 406 409 413 427 430 431 432 435 439 443 448 449 455 457 475 476 478 480 483 485 489 496 499 501 505 507 508 512 514 515 516 517 519 523 530 545 549 551 556 558 560 561 563 564 565 568 570 580 582 583 585 586 587 588 589 590 593 595 598 603 605 606 608 612 615 619 623 625 626 630 634 638 645 646 647 648 649 662 664 665 666 667 676 677 681 689 692 694 699 701 703 704 705 708 714 715 717 720 728 734 739 745 746 747 751 752 754 764 769 772 775 776 777 782 787 798 799 803 808 815 817 824 826 828 829 831 832 839 843 844 848 850 854 859 867 868 872 873 877 878 880 883 886 889 890 899 902 904 908 911 912 918 921 923 924 930 934 939 947 956 960 967 970 975 976 980 982 984 994 996 1004 1005 1006 1007 1008 1011 1013 1016 1019 1026 1032 1033 1034 1035 1040 1042 1043 1044 1047 1048 1050 1053 1055 1059 1066 1068 1079 1083 1084 1085 1091 1098 1100 1103 1106 1110 1111 1115 1118 1119 1120 1122 1124 1125 1138 1146 1147 1148 1149 1150 1151 1154 1155 1157 1163 1170 1173 1179 1180 1191 1193 1194 1196 1203 1210 1213 1221 1225 1235 1240 1242 1243 1244 1249 1250 1252 1254 1256 1257 1269 1271 1272 1279 1281 1283 1286 1288 1291 1318 1325 1326 1329 1330 1331 1337 1338 1340 1344 1346 1349 1354 1355 1359 1360 1361 1362 1364 1367 1369 1370 1378 1379 1380 1382 1383 1384 1385 1387 1388 1393 1396 1397 1402 1403 1406 1408 1409 1412 1413 1414 1415 1420 1421 1425 1426 1432 1436 1445 1447 1448 1451 1452 1456 1457 1459 1460 1463 1468 1469 1471 1475 1476 1477 1479 1480 1481 1482 1485 1488 1491 1495 1497 1500 1503 1504 1510 1511 1518 1523 1525 1530 1538 1540 1545 1548 1550 1560 1562 1563 1566 1567 1572 1573 1576 1587 1588 1590 1591 1599 1603 1607 1611 1616 1617 1619 1624 1629 1631 1635 1636 1638 1639 1645 1647 1658 1659 1661 1668 1670 1671 1678 1682 1684 1685 1686 1690 1695 1699 1702 1704 1708 1723 1724 1735 1737 1739 1747 1751 1755 1757 1763 1764 1767 1779 1784 1785 1787 1788 1793 1797 1799 1804 1806 1809 1811 1816 1819 1820 1822 1824 1826 1836 1841 1843 1854 1860 1861 1865 1868 1870 1872 1881 1888 1891 1892 1893 1895 1896 1899 1906 1907 1908 1916 1919 1922 1925 1926 1932 1933 1937 1938 1939 1941 1947 1949 1952 1953 1954 1956 1959 1960 1961 1962 1964 1966 1967 1972 1983 1984 1986 1990 1991 1997 1998 2001 2003 2007 2010 2011 2018 2024 2031 2032 2036 2038 2043 2045 2052 2058 2061 2068 2069 2072 2073 2078 2082 2086 2090 2094 2095 2099 2100 2102 2104 2107 2108 2111 2113 
669: 6 8 10 12 14 15 17 18 22 40 46 49 50 51 52 54 56 63 68 69 75 77 79 85 87 88 93 94 98 101 102 104 105 110 115 116 123 126 129 131 132 137 139 140 144 147 150 162 163 167 169 174 175 177 184 186 193 203 207 208 210 218 219 222 224 225 229 230 236 237 241 243 245 247 249 251 257 258 263 264 267 268 269 274 276 278 279 281 282 284 288 289 293 294 298 299 308 311 320 324 325 326 327 330 333 334 337 342 344 345 347 349 351 352 353 354 358 361 365 370 371 374 377 380 382 383 384 385 387 392 393 399 401 402 405 411 416 418 419 425 426 430 432 434 436 442 444 446 447 450 453 454 456 459 460 461 468 473 474 478 481 482 484 491 494 498 499 503 505 506 507 509 513 514 521 522 524 528 531 535 539 540 545 548 549 551 553 554 557 559 562 572 574 575 581 591 592 597 599 601 604 605 607 619 620 624 626 627 636 641 643 644 645 657 658 660 665 666 674 681 683 696 699 704 705 706 708 709 714 715 718 719 720 728 729 731 735 738 740 741 743 751 756 757 762 764 765 766 768 775 781 782 783 784 786 789 793 799 800 802 803 806 809 811 814 816 821 824 826 828 832 833 835 837 838 844 845 854 855 857 862 864 868 872 876 878 882 883 885 886 887 892 895 905 908 910 911 914 924 926 928 930 931 936 939 945 949 959 964 967 968 969 976 988 995 1000 1008 1009 1012 1019 1027 1031 1034 1035 1040 1041 1042 1043 1048 1053 1055 1056 1057 1063 1064 1065 1066 1067 1069 1073 1075 1078 1084 1086 1087 1090 1096 1098 1100 1103 1105 1111 1114 1122 1127 1129 1134 1136 1143 1145 1147 1150 1152 1153 1155 1156 1159 1162 1164 1170 1175 1180 1181 1182 1185 1187 1191 1192 1193 1195 1201 1206 1211 1212 1218 1221 1227 1232 1239 1241 1244 1246 1247 1249 1250 1252 1257 1260 1263 1267 1270 1275 1277 1279 1280 1281 1282 1289 1290 1296 1298 1301 1302 1306 1317 1323 1324 1326 1330 1331 1332 1333 1334 1339 1341 1342 1344 1345 1346 1349 1350 1358 1360 1362 1368 1370 1372 1374 1375 1382 1384 1387 1391 1394 1395 1397 1403 1411 1412 1413 1414 1416 1423 1425 1429 1431 1446 1451 1456 1457 1466 1469 1475 1476 1477 1478 1479 1483 1484 1485 1488 1499 1503 1504 1508 1513 1514 1516 1517 1521 1523 1531 1533 1534 1535 1536 1549 1550 1552 1553 1554 1556 1559 1562 1565 1566 1570 1577 1586 1588 1592 1606 1607 1608 1611 1612 1613 1619 1620 1621 1623 1624 1626 1627 1637 1638 1643 1646 1651 1653 1657 1659 1663 1665 1668 1670 1671 1672 1673 1676 1677 1681 1683 1687 1689 1691 1697 1699 1700 1701 1704 1706 1709 1710 1715 1716 1717 1718 1721 1726 1738 1746 1749 1752 1753 1754 1755 1760 1762 1767 1770 1772 1773 1776 1778 1785 1788 1795 1797 1798 1800 1801 1810 1812 1813 1819 1820 1821 1830 1831 1836 1837 1839 1840 1844 1848 1850 1858 1865 1866 1867 1868 1871 1872 1875 1881 1882 1885 1886 1889 1894 1903 1906 1907 1909 1910 1911 1913 1916 1917 1920 1927 1929 1930 1936 1938 1942 1949 1951 1954 1956 1958 1960 1965 1973 1974 1977 1979 1981 1986 1988 1991 2005 2006 2007 2011 2018 2021 2022 2023 2026 2029 2030 2035 2037 2041 2043 2045 2048 2050 2057 2059 2065 2068 2071 2079 2081 2082 2088 2090 2097 2101 2102 2103 2106 2111 2113 2116 2119 
621: 4 5 7 9 11 18 19 21 23 28 33 43 46 51 53 57 60 61 67 71 72 73 74 81 86 91 95 110 120 126 127 130 133 140 142 143 144 147 155 164 167 172 179 181 185 186 187 188 190 192 195 204 206 208 210 212 216 217 218 221 222 226 227 229 230 234 239 246 250 254 255 256 258 260 261 265 273 284 287 292 293 297 300 302 305 309 310 312 321 322 324 325 327 331 333 335 336 341 343 345 346 348 349 355 362 363 370 373 378 393 401 409 415 416 417 418 419 424 426 428 429 432 436 438 443 444 446 453 457 459 460 464 466 476 479 480 482 510 514 515 518 520 525 526 527 530 538 540 541 549 555 559 561 566 567 568 569 570 572 576 581 587 593 597 600 603 604 607 608 610 612 613 614 616 619 622 623 624 625 626 629 630 637 638 639 641 645 654 655 661 664 665 666 667 668 669 671 677 680 681 683 688 691 694 697 698 699 702 704 710 712 718 721 723 725 736 738 740 743 749 751 760 761 763 768 769 772 773 774 775 776 778 784 786 788 791 796 797 800 802 804 805 807 808 809 813 819 822 823 825 828 842 844 850 851 853 856 859 861 863 864 875 881 885 886 888 890 895 896 897 899 906 908 914 917 918 924 926 927 929 931 933 935 940 951 952 954 958 960 968 969 971 972 973 974 982 996 1007 1010 1014 1020 1022 1032 1040 1041 1046 1047 1052 1053 1054 1062 1068 1079 1081 1082 1083 1085 1095 1096 1100 1102 1105 1115 1118 1122 1131 1133 1134 1137 1139 1140 1150 1153 1156 1157 1158 1169 1178 1180 1184 1185 1186 1191 1195 1199 1210 1216 1222 1225 1226 1227 1229 1234 1238 1248 1252 1253 1258 1261 1264 1268 1277 1288 1289 1290 1296 1297 1300 1301 1307 1311 1313 1314 1316 1318 1320 1321 1328 1329 1332 1335 1336 1338 1348 1351 1356 1357 1360 1362 1365 1366 1367 1371 1372 1375 1380 1382 1383 1397 1398 1399 1400 1405 1407 1409 1415 1419 1423 1424 1428 1430 1435 1436 1440 1441 1448 1450 1451 1452 1459 1463 1469 1470 1482 1484 1485 1488 1492 1493 1498 1503 1510 1513 1519 1521 1527 1529 1531 1532 1533 1538 1543 1545 1553 1554 1556 1557 1558 1564 1567 1574 1575 1582 1583 1590 1591 1592 1597 1598 1599 1600 1601 1602 1603 1611 1621 1627 1629 1630 1635 1637 1638 1640 1643 1646 1647 1648 1649 1651 1653 1656 1662 1663 1664 1669 1674 1676 1681 1686 1692 1696 1698 1704 1711 1712 1715 1720 1723 1727 1728 1733 1734 1735 1737 1740 1742 1743 1748 1751 1760 1768 1770 1779 1783 1784 1789 1798 1800 1803 1804 1805 1809 1811 1812 1815 1816 1820 1823 1831 1833 1836 1837 1840 1841 1842 1848 1850 1855 1859 1862 1867 1872 1876 1878 1879 1880 1882 1884 1887 1891 1898 1899 1900 1901 1902 1905 1907 1909 1910 1917 1922 1926 1942 1946 1948 1954 1955 1957 1959 1960 1962 1967 1969 1970 1971 1973 1974 1978 1982 1988 1990 1992 1993 1996 2009 2011 2012 2014 2016 2020 2021 2022 2024 2031 2033 2034 2040 2045 2048 2049 2052 2056 2057 2058 2060 2065 2068 2070 2072 2074 2080 2083 2086 2088 2090 2099 2107 2108 2111 2115 2117 
632: 2 17 29 30 31 32 44 52 53 58 59 63 66 69 70 71 75 76 77 80 90 92 93 98 99 104 108 111 112 113 114 117 118 120 121 125 129 131 133 135 138 140 141 144 145 148 154 157 160 161 163 164 165 167 168 171 172 173 176 180 181 184 186 189 192 194 200 201 205 207 208 216 217 220 221 223 228 230 232 233 234 237 240 245 246 249 251 252 255 263 264 267 268 269 271 273 274 277 286 289 291 298 301 303 307 310 313 317 322 326 332 333 337 342 345 347 350 352 354 358 366 374 376 379 381 384 387 389 390 391 394 405 406 410 411 415 416 421 425 426 428 430 431 433 443 450 451 454 457 458 470 473 479 484 492 494 497 500 507 510 512 519 520 522 525 534 535 537 543 544 545 549 550 557 558 559 565 569 570 577 578 580 582 592 593 594 598 603 607 610 619 625 626 627 628 632 638 639 640 642 643 646 649 656 663 664 666 668 669 670 671 672 675 677 679 683 684 687 688 700 701 705 709 714 715 716 721 722 725 726 733 735 746 748 750 754 761 764 769 775 779 784 789 794 796 799 806 814 815 820 822 826 828 830 833 834 839 840 842 846 848 850 862 865 868 870 875 876 879 890 892 902 908 913 920 921 922 925 927 928 931 933 934 938 943 945 948 949 951 961 963 964 965 967 970 973 979 980 990 991 992 994 1010 1014 1016 1021 1025 1027 1029 1030 1032 1034 1035 1038 1039 1040 1049 1055 1057 1058 1059 1060 1065 1068 1080 1082 1088 1091 1092 1094 1096 1105 1112 1113 1114 1122 1129 1132 1137 1140 1142 1148 1150 1151 1157 1160 1164 1165 1172 1173 1174 1180 1181 1182 1186 1189 1192 1194 1195 1204 1205 1210 1213 1218 1219 1220 1226 1233 1235 1239 1241 1243 1244 1246 1248 1251 1259 1262 1263 1264 1265 1268 1277 1278 1280 1293 1296 1297 1298 1299 1301 1304 1307 1311 1313 1315 1317 1322 1326 1327 1330 1333 1335 1336 1341 1344 1345 1347 1348 1356 1362 1363 1364 1366 1368 1369 1374 1376 1378 1380 1382 1384 1385 1389 1405 1406 1411 1416 1418 1419 1427 1432 1437 1438 1442 1445 1451 1452 1457 1458 1459 1465 1469 1479 1492 1493 1497 1499 1500 1501 1515 1516 1517 1525 1526 1529 1533 1539 1540 1543 1545 1552 1553 1558 1560 1561 1562 1564 1566 1569 1571 1577 1579 1580 1582 1585 1588 1593 1594 1595 1597 1600 1606 1607 1612 1616 1618 1619 1624 1630 1631 1632 1633 1636 1638 1644 1646 1647 1648 1649 1651 1655 1661 1662 1663 1668 1673 1674 1678 1679 1681 1682 1686 1694 1698 1701 1703 1704 1722 1723 1724 1728 1735 1743 1744 1745 1749 1752 1756 1759 1762 1769 1771 1775 1776 1777 1781 1801 1806 1807 1815 1816 1817 1820 1823 1824 1825 1832 1835 1838 1840 1842 1843 1853 1854 1855 1857 1858 1862 1866 1868 1869 1872 1873 1877 1878 1883 1886 1889 1891 1894 1899 1902 1909 1910 1911 1915 1917 1919 1927 1934 1937 1938 1942 1962 1963 1965 1968 1969 1971 1972 1973 1979 1981 1987 1990 1993 1994 2005 2007 2010 2011 2013 2015 2021 2023 2030 2031 2035 2039 2045 2049 2055 2056 2057 2061 2062 2064 2066 2070 2071 2072 2073 2075 2082 2090 2091 2093 2097 2110 2114 2119 
646: 1 2 6 15 16 18 21 24 25 33 35 39 40 43 44 45 48 49 53 58 59 60 66 72 79 86 90 94 96 100 101 106 113 114 122 128 131 133 136 139 145 146 149 151 153 154 156 157 161 164 166 169 170 171 174 176 188 189 190 194 196 198 201 204 206 209 213 215 225 229 231 233 235 237 239 242 244 246 247 252 253 261 262 264 265 270 271 275 278 280 282 284 285 290 291 293 297 300 307 313 318 323 328 329 331 332 333 339 340 343 344 347 354 355 359 360 362 365 369 372 374 382 384 388 391 396 401 404 408 412 413 421 422 424 425 427 431 432 436 437 438 439 443 444 445 449 450 452 458 459 460 463 474 476 479 480 483 487 489 490 498 499 502 504 507 508 510 513 514 516 517 518 523 525 526 529 533 535 536 540 541 542 544 545 547 553 554 562 563 572 577 595 600 604 607 609 610 611 617 621 624 642 647 650 652 656 661 662 663 677 684 688 696 701 705 711 714 717 722 727 729 730 731 739 748 751 755 757 759 762 764 767 773 775 776 778 780 781 783 787 789 791 792 800 804 805 812 814 815 816 825 829 831 839 841 843 850 855 857 861 863 864 866 867 872 879 880 881 887 889 891 893 902 909 912 914 917 920 922 924 929 931 934 936 937 943 944 947 948 950 951 957 959 961 967 969 970 976 980 983 985 986 990 993 995 996 997 1000 1003 1004 1007 1008 1010 1018 1019 1020 1021 1025 1026 1035 1037 1038 1040 1042 1043 1044 1045 1046 1047 1050 1054 1076 1077 1085 1094 1099 1110 1112 1113 1115 1118 1120 1124 1129 1130 1131 1134 1149 1151 1157 1166 1172 1175 1182 1183 1185 1186 1188 1190 1192 1193 1197 1199 1200 1201 1203 1204 1205 1206 1211 1212 1216 1220 1223 1224 1225 1232 1240 1241 1243 1251 1254 1258 1259 1263 1268 1269 1275 1279 1280 1281 1283 1284 1287 1289 1292 1294 1295 1296 1297 1299 1301 1302 1303 1306 1307 1314 1315 1317 1319 1328 1329 1331 1335 1337 1338 1341 1343 1346 1348 1350 1352 1354 1357 1358 1370 1378 1380 1383 1387 1388 1391 1392 1394 1395 1397 1398 1399 1400 1403 1404 1409 1420 1421 1422 1430 1431 1437 1438 1440 1442 1443 1444 1456 1458 1460 1466 1468 1469 1470 1471 1475 1482 1485 1491 1492 1493 1496 1501 1505 1506 1510 1516 1517 1518 1525 1535 1542 1543 1544 1545 1547 1548 1558 1562 1569 1576 1581 1582 1584 1585 1586 1587 1588 1596 1599 1601 1605 1606 1613 1615 1618 1621 1622 1626 1632 1635 1642 1657 1660 1664 1665 1668 1669 1670 1673 1677 1682 1683 1687 1690 1694 1696 1700 1701 1702 1704 1708 1714 1715 1723 1727 1732 1736 1740 1743 1744 1749 1752 1760 1763 1764 1766 1767 1779 1795 1796 1797 1801 1805 1813 1817 1825 1833 1836 1838 1842 1848 1856 1857 1858 1859 1862 1870 1874 1877 1878 1881 1884 1887 1893 1904 1907 1908 1912 1915 1920 1923 1924 1926 1934 1942 1945 1946 1958 1961 1963 1964 1970 1971 1972 1974 1977 1978 1980 1984 1993 1996 1998 1999 2000 2002 2008 2010 2012 2015 2017 2022 2023 2024 2025 2027 2028 2029 2030 2031 2032 2033 2036 2041 2048 2054 2056 2063 2066 2067 2068 2069 2072 2075 2081 2084 2091 2093 2094 2098 2099 2100 2101 2102 2104 2106 2111 2112 2114 2117 
663: 2 3 4 8 12 13 20 24 27 29 36 38 39 41 43 45 49 51 53 57 60 62 63 68 69 70 71 72 73 74 78 82 87 88 90 91 93 106 107 109 110 113 118 121 123 124 126 132 133 141 143 150 154 158 159 169 170 171 178 181 183 189 192 198 204 205 207 208 209 210 211 212 213 214 220 223 226 229 236 237 242 243 244 246 250 251 255 258 259 262 264 265 267 268 271 276 283 290 294 295 296 297 300 301 303 304 308 311 313 314 326 332 337 338 340 347 348 351 353 354 355 357 359 360 368 369 370 374 376 379 386 392 395 396 397 398 403 406 407 415 419 423 425 427 429 433 435 436 438 439 440 442 445 458 459 460 463 464 467 469 470 481 485 489 494 495 496 502 504 509 511 519 521 529 531 532 533 538 540 541 543 544 545 546 547 551 552 566 568 571 574 575 577 579 581 588 590 591 593 596 597 603 605 609 615 619 623 630 633 644 649 650 653 656 661 668 682 683 684 690 691 693 695 697 701 705 708 712 713 717 721 727 728 729 730 735 737 741 742 748 749 750 753 755 759 764 767 768 771 774 780 782 787 791 792 795 800 817 818 829 830 834 835 839 840 843 846 847 849 858 863 864 869 878 882 884 885 890 895 896 898 900 902 906 907 911 915 920 927 928 930 933 941 953 955 958 959 960 962 963 966 972 973 976 977 981 982 984 985 987 989 1003 1004 1005 1010 1011 1015 1016 1017 1026 1029 1030 1031 1032 1034 1035 1044 1045 1048 1051 1053 1054 1055 1059 1060 1061 1067 1069 1072 1073 1074 1077 1082 1084 1088 1089 1091 1096 1097 1099 1106 1108 1113 1114 1116 1117 1121 1126 1129 1135 1137 1139 1148 1152 1153 1154 1157 1159 1161 1168 1170 1171 1172 1175 1177 1183 1187 1188 1190 1192 1193 1198 1203 1207 1209 1211 1213 1214 1218 1220 1225 1235 1238 1246 1247 1248 1251 1256 1260 1269 1270 1272 1275 1278 1283 1284 1291 1293 1296 1297 1303 1304 1307 1308 1309 1310 1312 1313 1314 1315 1318 1322 1323 1325 1327 1329 1330 1336 1337 1340 1343 1344 1345 1346 1355 1359 1360 1362 1364 1367 1369 1370 1378 1380 1384 1385 1389 1390 1391 1392 1395 1401 1403 1406 1408 1413 1415 1417 1419 1423 1425 1429 1432 1435 1439 1443 1444 1447 1450 1457 1458 1462 1463 1467 1481 1487 1491 1501 1506 1509 1521 1523 1533 1534 1535 1537 1540 1542 1543 1545 1548 1549 1550 1551 1552 1558 1560 1561 1564 1572 1584 1590 1595 1596 1597 1599 1601 1606 1610 1612 1615 1621 1626 1628 1638 1644 1654 1655 1656 1663 1667 1669 1675 1678 1681 1685 1687 1688 1692 1697 1699 1705 1706 1709 1719 1720 1721 1724 1726 1732 1739 1741 1742 1745 1746 1750 1751 1754 1756 1757 1758 1764 1765 1766 1770 1771 1774 1775 1776 1783 1789 1792 1795 1798 1801 1803 1804 1805 1808 1816 1818 1821 1823 1833 1836 1837 1838 1839 1841 1844 1846 1848 1849 1850 1851 1852 1856 1857 1864 1867 1876 1877 1878 1884 1885 1888 1891 1892 1894 1898 1903 1919 1921 1925 1933 1934 1936 1941 1945 1947 1948 1949 1952 1954 1957 1958 1965 1967 1969 1970 1973 1974 1976 1977 1979 1981 1983 1985 1986 1987 1988 1994 2001 2004 2005 2007 2008 2010 2023 2031 2032 2038 2039 2040 2043 2049 2055 2057 2074 2075 2084 2087 2090 2091 2092 2095 2096 2103 2104 2106 2107 2111 2112 
635: 7 17 21 24 30 33 34 38 41 43 45 46 48 49 51 55 58 68 76 79 80 81 83 89 91 92 96 98 99 101 105 110 113 117 120 126 127 128 132 133 135 138 139 144 149 152 153 156 157 162 165 168 174 176 177 178 188 189 192 194 200 205 207 211 212 219 221 225 226 231 232 234 237 238 240 241 243 245 253 261 264 266 267 268 274 275 278 280 283 296 298 299 300 301 302 303 306 310 317 318 320 321 322 323 325 326 333 334 343 346 353 355 357 361 363 368 383 390 392 394 396 398 400 401 402 408 410 412 413 415 416 418 420 421 423 424 437 438 442 443 444 445 447 448 453 460 461 465 467 469 475 479 480 481 486 489 490 496 505 507 512 513 516 519 520 521 529 530 531 543 550 551 556 558 560 562 564 570 571 577 579 582 584 587 588 589 594 595 596 604 608 609 611 616 621 622 625 626 627 631 638 640 642 645 646 652 655 660 666 670 671 672 675 676 678 680 681 684 686 687 691 694 696 700 706 722 728 733 736 740 744 753 765 769 771 772 779 788 793 795 799 800 802 809 810 814 816 820 821 822 823 828 833 835 836 837 846 847 849 852 855 857 861 868 870 871 872 873 875 877 878 884 888 889 891 892 893 894 896 909 912 919 930 932 933 936 939 940 943 946 953 956 961 963 966 967 973 977 979 992 993 997 1000 1002 1006 1007 1010 1011 1012 1015 1019 1021 1024 1026 1028 1029 1030 1032 1034 1040 1046 1049 1050 1051 1056 1067 1070 1074 1077 1079 1087 1088 1092 1093 1096 1102 1104 1114 1115 1116 1131 1132 1136 1138 1144 1148 1149 1150 1153 1164 1165 1170 1171 1174 1177 1178 1180 1181 1184 1186 1191 1194 1196 1197 1200 1201 1202 1207 1212 1219 1224 1225 1226 1228 1234 1235 1244 1245 1256 1262 1263 1264 1270 1272 1274 1278 1282 1283 1286 1291 1292 1293 1295 1296 1298 1302 1303 1313 1316 1317 1320 1321 1322 1332 1334 1337 1340 1341 1344 1352 1353 1357 1358 1365 1376 1377 1378 1379 1382 1385 1386 1388 1390 1393 1394 1397 1400 1407 1408 1410 1416 1417 1419 1424 1426 1427 1428 1429 1431 1432 1433 1436 1437 1439 1440 1441 1445 1452 1455 1457 1465 1466 1468 1470 1475 1481 1482 1485 1487 1490 1491 1493 1494 1497 1502 1504 1507 1512 1514 1517 1519 1520 1526 1529 1530 1533 1538 1539 1546 1554 1557 1565 1568 1573 1574 1576 1579 1582 1584 1590 1601 1602 1604 1606 1609 1610 1617 1621 1633 1646 1651 1653 1654 1656 1660 1662 1663 1671 1674 1681 1683 1685 1691 1692 1694 1698 1703 1704 1705 1711 1712 1713 1719 1726 1728 1740 1745 1746 1750 1753 1754 1755 1759 1762 1767 1777 1780 1781 1782 1787 1789 1791 1792 1793 1796 1797 1800 1806 1810 1813 1814 1815 1817 1818 1820 1826 1827 1828 1847 1848 1851 1857 1861 1863 1866 1869 1874 1879 1880 1883 1884 1886 1891 1897 1898 1900 1904 1906 1907 1912 1913 1914 1917 1928 1930 1939 1943 1948 1952 1953 1955 1959 1961 1964 1968 1971 1975 1980 1983 1988 1989 1994 2000 2001 2004 2005 2008 2009 2014 2020 2023 2024 2027 2029 2030 2031 2033 2034 2040 2041 2042 2044 2049 2051 2056 2059 2077 2085 2096 2100 2110 2113 2115 2116 2118 
654: 6 9 13 16 18 20 25 28 31 38 46 47 49 50 51 56 58 60 64 68 74 75 84 100 106 107 108 109 110 123 129 131 133 135 136 141 146 147 149 155 156 157 160 164 170 172 176 177 182 185 194 196 199 201 206 208 211 213 216 217 218 229 234 238 241 242 245 249 251 253 254 258 260 262 263 266 268 270 277 278 281 287 288 295 303 309 310 315 320 322 329 334 336 338 344 348 349 363 368 369 370 372 373 376 380 381 382 384 389 390 391 392 393 395 399 401 404 407 412 413 416 420 425 433 436 438 444 446 447 449 451 452 459 462 465 467 469 470 477 479 483 487 499 510 517 521 526 532 534 544 545 546 552 566 568 572 573 576 581 582 584 586 587 589 592 601 607 608 609 615 619 621 625 627 631 632 633 634 636 643 647 649 654 659 661 663 665 667 674 677 679 685 686 690 691 693 694 699 701 704 705 707 708 709 710 715 717 730 732 734 736 737 742 743 744 747 750 752 756 758 761 762 764 771 774 787 789 798 806 807 810 812 818 820 825 830 831 832 833 834 847 848 850 851 857 868 869 875 880 883 884 885 894 895 899 900 908 911 914 917 922 928 937 942 943 944 945 949 952 953 958 961 966 972 973 975 977 981 983 984 987 988 989 991 992 995 998 1008 1009 1012 1016 1020 1021 1024 1028 1029 1032 1033 1034 1039 1046 1047 1050 1051 1054 1058 1060 1061 1068 1071 1081 1083 1087 1088 1094 1095 1097 1098 1100 1102 1103 1105 1109 1110 1111 1114 1118 1119 1127 1128 1132 1135 1137 1141 1142 1143 1144 1149 1151 1153 1155 1157 1160 1162 1163 1165 1167 1172 1180 1182 1183 1186 1187 1189 1190 1191 1193 1194 1196 1197 1201 1202 1207 1208 1211 1216 1221 1227 1228 1229 1230 1232 1234 1242 1245 1248 1251 1254 1255 1257 1261 1264 1269 1270 1276 1278 1279 1280 1283 1285 1286 1291 1297 1300 1302 1304 1307 1309 1311 1312 1315 1316 1319 1320 1322 1323 1324 1327 1328 1331 1333 1334 1336 1353 1354 1360 1365 1368 1370 1376 1381 1382 1384 1388 1391 1393 1396 1399 1401 1402 1404 1407 1408 1409 1410 1411 1412 1414 1419 1422 1427 1428 1432 1440 1443 1444 1445 1446 1451 1453 1454 1462 1467 1470 1484 1487 1489 1490 1492 1493 1497 1498 1499 1501 1502 1505 1506 1511 1516 1520 1522 1523 1525 1526 1528 1532 1538 1544 1549 1552 1556 1557 1561 1568 1572 1574 1575 1582 1584 1585 1587 1594 1595 1597 1600 1602 1604 1607 1608 1609 1613 1614 1620 1622 1624 1627 1628 1634 1636 1638 1640 1641 1644 1652 1654 1657 1660 1664 1669 1678 1682 1683 1684 1688 1692 1693 1696 1707 1710 1711 1717 1720 1724 1727 1730 1735 1738 1739 1748 1750 1752 1753 1756 1759 1760 1763 1764 1765 1772 1773 1775 1778 1781 1784 1785 1794 1798 1799 1801 1802 1804 1809 1810 1813 1818 1820 1827 1831 1832 1837 1848 1849 1858 1860 1870 1873 1874 1876 1877 1878 1879 1880 1886 1890 1893 1899 1900 1902 1903 1906 1907 1910 1914 1920 1921 1923 1927 1929 1931 1932 1948 1950 1952 1955 1958 1959 1961 1962 1977 1979 1983 1984 1986 1996 1998 2000 2001 2003 2005 2010 2014 2020 2028 2030 2031 2032 2037 2040 2043 2044 2045 2053 2054 2057 2060 2067 2070 2071 2073 2074 2079 2083 2085 2093 2094 2098 2103 2104 2106 2107 2108 2113 2115 2118 
628: 4 6 7 10 29 33 36 37 40 43 47 48 51 55 56 57 58 63 65 66 75 77 79 81 84 85 89 92 93 99 101 106 126 127 129 130 134 143 150 152 154 155 166 176 182 183 184 185 193 195 197 202 204 210 211 212 213 215 216 217 219 220 221 225 230 234 237 239 240 241 244 255 258 259 262 264 266 276 277 279 284 286 293 295 298 301 303 304 310 312 314 318 319 322 330 331 332 334 340 342 343 344 346 349 350 354 358 360 362 370 372 382 383 385 392 393 395 398 399 400 404 410 413 415 418 423 425 427 442 444 445 446 448 451 457 461 462 465 466 467 468 471 473 479 480 481 486 488 496 513 516 521 524 528 534 538 539 540 545 548 549 550 551 553 562 572 575 580 588 591 592 593 594 595 598 610 613 614 617 618 619 623 629 630 633 634 635 636 640 644 653 654 655 657 665 667 673 674 675 680 682 683 685 687 689 698 699 702 703 706 709 712 715 716 719 722 723 724 725 726 730 731 738 740 745 761 762 764 765 767 770 772 774 776 777 782 784 786 787 798 800 802 805 806 808 816 823 824 827 832 845 850 851 862 863 867 870 872 873 878 879 880 883 885 886 889 898 900 901 905 906 911 916 919 923 925 926 932 934 940 942 948 951 958 959 962 976 983 988 990 991 1005 1012 1014 1022 1023 1024 1029 1035 1040 1042 1051 1052 1054 1056 1060 1066 1069 1071 1072 1074 1076 1077 1079 1089 1094 1102 1105 1107 1109 1110 1113 1114 1118 1121 1123 1129 1130 1133 1134 1135 1136 1142 1143 1161 1163 1164 1166 1168 1174 1177 1181 1189 1190 1191 1194 1199 1201 1204 1206 1209 1214 1215 1221 1222 1230 1231 1234 1258 1259 1261 1262 1266 1272 1274 1276 1277 1279 1282 1283 1287 1290 1294 1295 1305 1308 1309 1313 1323 1334 1336 1343 1353 1354 1355 1357 1358 1365 1367 1368 1370 1374 1381 1382 1384 1385 1387 1391 1392 1393 1396 1404 1407 1410 1418 1419 1420 1426 1427 1432 1433 1435 1437 1442 1456 1458 1460 1461 1463 1466 1467 1468 1475 1476 1480 1486 1487 1488 1493 1495 1496 1499 1502 1503 1510 1512 1513 1516 1518 1520 1528 1533 1534 1541 1550 1551 1558 1563 1565 1567 1580 1581 1584 1586 1588 1589 1596 1597 1599 1600 1602 1603 1606 1608 1610 1613 1614 1617 1621 1623 1627 1628 1631 1634 1640 1642 1648 1650 1652 1654 1655 1657 1660 1665 1671 1672 1676 1679 1684 1685 1689 1690 1691 1698 1709 1711 1712 1716 1718 1722 1724 1726 1729 1730 1731 1733 1735 1737 1741 1744 1748 1754 1755 1775 1777 1780 1786 1790 1792 1794 1795 1797 1801 1802 1812 1815 1819 1822 1824 1825 1828 1837 1842 1852 1853 1856 1861 1864 1868 1872 1876 1880 1883 1884 1885 1887 1889 1890 1891 1904 1907 1915 1916 1917 1923 1927 1931 1932 1933 1936 1940 1942 1943 1944 1945 1946 1948 1953 1957 1965 1972 1973 1976 1978 1983 1984 1987 1989 1990 1991 1998 2001 2002 2005 2006 2010 2013 2015 2019 2020 2022 2025 2026 2030 2038 2039 2040 2045 2046 2048 2049 2054 2058 2060 2062 2063 2065 2066 2067 2070 2077 2078 2079 2081 2083 2084 2086 2087 2088 2089 2091 2096 2097 2098 2107 2113 2117 2119 
642: 0 4 6 8 11 12 13 14 17 27 36 38 40 49 53 57 65 67 69 71 74 77 78 81 97 100 115 118 123 124 127 131 133 136 138 143 148 151 160 164 165 166 172 175 177 178 179 181 184 186 189 193 196 205 210 213 216 224 225 230 231 236 238 241 244 252 259 263 265 267 269 278 283 287 290 293 303 307 313 315 316 317 319 320 326 329 330 331 334 336 338 349 353 354 359 361 362 364 365 366 367 371 374 376 378 379 380 384 386 398 399 402 410 415 420 421 423 424 426 435 440 443 446 449 451 456 457 460 461 463 464 469 471 484 485 488 490 493 497 498 503 505 507 511 513 520 522 524 531 534 535 538 540 543 544 555 557 559 561 562 564 565 568 569 578 582 588 590 591 592 598 602 603 606 608 612 616 619 624 627 629 639 641 644 653 654 656 661 663 667 668 672 677 679 681 685 697 700 701 702 707 709 712 714 720 723 733 735 744 749 750 754 762 763 768 769 779 785 786 792 795 802 807 809 811 812 816 818 820 827 831 832 836 843 845 850 851 856 863 865 868 870 871 872 873 878 879 880 881 883 888 889 898 901 904 906 908 917 918 921 922 923 935 939 940 941 942 945 947 948 956 958 960 961 967 970 971 974 975 980 981 984 987 993 994 995 1000 1002 1005 1012 1015 1022 1027 1028 1033 1036 1037 1038 1041 1042 1043 1060 1061 1065 1067 1069 1071 1073 1083 1085 1093 1098 1106 1113 1115 1117 1118 1120 1124 1133 1134 1138 1139 1140 1141 1142 1144 1148 1149 1150 1156 1158 1159 1161 1164 1167 1171 1174 1175 1176 1179 1180 1181 1183 1185 1189 1193 1194 1195 1201 1204 1206 1207 1208 1214 1221 1227 1228 1229 1235 1237 1239 1245 1247 1248 1249 1250 1251 1254 1259 1265 1267 1269 1271 1274 1280 1282 1283 1286 1291 1292 1297 1298 1300 1301 1303 1307 1312 1316 1319 1321 1330 1333 1336 1338 1339 1346 1348 1349 1353 1356 1360 1362 1363 1370 1376 1377 1378 1389 1390 1392 1395 1398 1400 1401 1402 1403 1406 1407 1414 1420 1421 1425 1430 1434 1438 1448 1450 1452 1453 1456 1459 1460 1468 1470 1472 1473 1477 1479 1482 1486 1487 1489 1490 1493 1495 1498 1501 1502 1503 1505 1510 1517 1519 1520 1522 1526 1529 1530 1532 1533 1535 1543 1544 1545 1553 1556 1561 1562 1564 1565 1569 1570 1571 1573 1581 1584 1589 1593 1597 1598 1602 1604 1610 1611 1623 1624 1626 1630 1632 1633 1643 1650 1655 1658 1661 1664 1668 1670 1674 1687 1690 1698 1699 1700 1703 1705 1706 1709 1712 1713 1718 1720 1725 1727 1732 1734 1737 1743 1745 1746 1749 1751 1756 1760 1761 1766 1768 1770 1771 1772 1775 1776 1779 1784 1786 1789 1790 1791 1792 1793 1796 1800 1803 1805 1810 1811 1813 1820 1824 1827 1829 1830 1831 1834 1835 1842 1843 1845 1848 1851 1852 1854 1856 1860 1872 1876 1877 1880 1882 1888 1891 1892 1893 1896 1897 1898 1900 1901 1907 1908 1921 1922 1923 1925 1941 1942 1943 1946 1948 1951 1952 1953 1956 1964 1966 1971 1979 1983 1986 1989 1991 1994 1998 2000 2008 2012 2017 2019 2020 2022 2028 2029 2032 2035 2036 2037 2039 2040 2046 2049 2050 2053 2056 2058 2060 2064 2067 2068 2074 2079 2081 2083 2084 2089 2091 2094 2099 2105 2106 2111 2112 
627: 0 3 4 6 10 13 16 20 22 25 27 29 37 41 45 54 62 64 68 69 71 72 75 80 81 88 89 92 95 104 105 106 111 112 116 117 118 128 130 131 133 139 142 145 146 151 154 162 173 175 176 177 179 181 183 188 189 191 196 198 205 209 212 217 220 225 226 227 228 231 232 244 251 252 254 256 257 269 270 274 280 283 284 286 292 294 296 305 311 316 317 318 320 325 327 328 330 336 337 346 348 350 357 361 365 366 368 369 370 371 373 381 388 389 395 401 409 410 412 414 420 421 426 428 431 432 433 434 438 444 445 449 450 451 456 462 463 471 477 484 486 490 491 494 495 500 503 511 517 518 522 523 525 526 527 528 531 536 546 549 554 555 567 568 569 572 576 583 585 589 594 595 597 599 603 607 610 612 613 614 616 624 627 632 633 635 638 640 641 644 650 653 654 656 657 661 662 668 669 673 682 685 689 691 692 697 698 703 705 708 709 711 712 713 715 717 718 719 722 724 727 730 734 739 740 749 753 756 760 761 776 778 783 785 794 795 796 806 807 808 815 823 825 826 829 835 838 841 842 844 845 850 854 856 858 863 864 866 869 871 876 877 879 880 883 891 896 897 900 903 914 917 927 930 932 936 938 940 941 942 946 954 958 964 971 972 975 979 987 988 989 995 1000 1001 1004 1007 1008 1009 1016 1020 1027 1029 1032 1033 1034 1036 1042 1044 1049 1054 1063 1064 1071 1074 1077 1078 1079 1084 1085 1093 1094 1110 1111 1114 1115 1118 1119 1123 1127 1128 1130 1132 1134 1140 1144 1148 1152 1156 1157 1164 1166 1176 1178 1179 1181 1184 1189 1193 1196 1199 1201 1203 1205 1207 1212 1219 1231 1233 1235 1241 1247 1248 1249 1250 1251 1254 1256 1258 1262 1266 1271 1272 1274 1276 1277 1278 1283 1287 1291 1292 1294 1297 1299 1302 1303 1308 1309 1314 1315 1316 1318 1321 1330 1334 1335 1336 1347 1356 1357 1360 1362 1366 1368 1369 1373 1375 1378 1380 1386 1387 1389 1391 1399 1403 1405 1406 1411 1414 1415 1417 1420 1426 1428 1430 1433 1437 1441 1443 1444 1449 1451 1452 1459 1460 1463 1465 1470 1479 1481 1483 1484 1487 1491 1495 1503 1507 1516 1517 1519 1527 1531 1535 1537 1540 1542 1545 1546 1550 1563 1564 1566 1569 1578 1580 1583 1584 1585 1593 1599 1601 1602 1604 1609 1611 1612 1615 1617 1621 1625 1627 1628 1632 1637 1639 1640 1641 1645 1653 1655 1664 1668 1669 1670 1676 1680 1681 1688 1689 1697 1698 1700 1707 1710 1715 1717 1730 1739 1741 1745 1747 1748 1754 1755 1757 1758 1760 1762 1766 1767 1768 1772 1774 1776 1777 1782 1785 1786 1787 1792 1794 1796 1805 1807 1813 1814 1815 1816 1824 1832 1834 1837 1852 1854 1865 1866 1869 1871 1875 1877 1880 1885 1886 1890 1894 1901 1902 1903 1909 1910 1912 1916 1919 1921 1924 1926 1931 1937 1943 1944 1948 1953 1954 1961 1962 1965 1966 1967 1969 1970 1971 1976 1977 1980 1989 1995 1996 1997 1998 1999 2001 2005 2006 2007 2014 2016 2022 2030 2032 2034 2037 2038 2041 2042 2044 2046 2049 2054 2056 2063 2064 2067 2071 2072 2074 2076 2085 2087 2088 2089 2095 2097 2098 2099 2101 2110 2115 2119 
673: 0 2 9 13 17 20 26 28 29 37 40 45 46 47 51 59 66 68 72 77 81 83 84 87 89 94 95 98 99 101 102 105 106 107 110 111 113 115 118 126 128 133 134 136 137 143 144 148 149 156 158 159 160 161 164 171 173 174 176 181 183 184 186 187 190 191 197 199 202 204 205 210 214 217 219 222 223 228 229 240 244 252 260 264 268 269 270 274 278 282 283 286 287 288 290 297 306 308 317 318 323 328 330 332 333 334 337 340 343 345 348 353 355 357 358 362 366 368 373 375 377 379 380 392 395 398 400 402 407 410 411 413 417 425 428 431 436 438 439 441 443 449 452 454 456 457 458 463 464 473 475 477 482 485 495 497 506 510 511 517 519 527 529 530 537 540 542 544 546 547 551 553 560 561 564 567 571 573 574 575 576 578 579 580 581 585 589 591 597 609 614 624 625 628 634 635 636 637 639 641 646 648 651 652 655 657 658 661 667 668 671 672 676 681 682 687 693 694 704 706 710 711 718 719 728 732 734 738 739 741 748 753 757 759 763 768 769 773 774 776 780 783 785 786 788 790 791 792 793 796 798 799 812 819 829 830 831 836 837 838 839 840 847 849 850 852 854 855 856 857 861 864 866 867 872 874 875 877 884 890 894 895 897 898 899 901 903 904 912 914 915 916 917 921 930 933 935 941 943 946 953 956 957 961 962 964 971 972 973 974 977 979 989 991 994 996 997 998 999 1000 1001 1007 1010 1011 1012 1013 1024 1025 1027 1028 1029 1030 1034 1036 1037 1039 1043 1044 1045 1046 1047 1049 1053 1057 1058 1059 1063 1067 1069 1070 1072 1073 1075 1078 1079 1086 1091 1095 1096 1101 1103 1106 1108 1120 1121 1124 1126 1127 1128 1130 1132 1133 1134 1135 1138 1139 1142 1145 1153 1155 1158 1159 1162 1163 1166 1171 1172 1174 1176 1177 1178 1180 1184 1186 1197 1200 1204 1206 1207 1224 1226 1233 1235 1236 1247 1249 1252 1257 1260 1263 1265 1271 1273 1274 1275 1279 1282 1284 1286 1290 1291 1292 1295 1311 1312 1318 1320 1323 1328 1334 1338 1341 1347 1350 1361 1362 1363 1364 1367 1369 1371 1374 1375 1376 1379 1381 1382 1386 1387 1390 1396 1399 1404 1406 1408 1409 1411 1420 1422 1423 1424 1429 1431 1438 1442 1444 1447 1455 1461 1462 1463 1464 1466 1471 1472 1479 1480 1483 1486 1487 1489 1490 1491 1493 1494 1495 1496 1499 1502 1505 1507 1509 1512 1516 1524 1525 1533 1536 1537 1539 1541 1543 1546 1548 1549 1553 1556 1563 1568 1571 1577 1578 1579 1580 1583 1584 1587 1599 1601 1606 1608 1609 1610 1614 1615 1616 1617 1619 1622 1623 1624 1627 1629 1631 1636 1640 1641 1643 1656 1657 1661 1662 1664 1670 1673 1676 1678 1686 1694 1696 1699 1704 1719 1723 1727 1728 1733 1736 1739 1750 1752 1753 1760 1762 1765 1768 1769 1771 1772 1779 1780 1781 1783 1785 1786 1787 1793 1798 1799 1800 1802 1806 1811 1814 1820 1824 1828 1829 1830 1832 1834 1837 1845 1847 1849 1850 1852 1853 1855 1868 1872 1873 1875 1876 1878 1882 1883 1886 1887 1889 1891 1892 1901 1903 1905 1906 1908 1909 1919 1922 1928 1933 1936 1937 1944 1945 1947 1948 1954 1957 1963 1966 1967 1970 1974 1975 1976 1978 1979 1980 1981 1985 1989 1990 1991 1993 1995 2006 2007 2010 2011 2018 2022 2028 2030 2032 2034 2036 2037 2041 2044 2047 2052 2061 2063 2075 2089 2097 2101 2102 2104 2105 2112 
Days = 28
Shift constraints
8 24
8 20
4 24
0 28
4 24
4 5
true
true
Forbidden sequences = 2
3 1 
2 3 

