# Randomly generated data for the integrated task scheduling and personnel rostering problem, skilling=0,300 and tightness=0,900 seed=90720
Tasks = 2187
615 678 7
795 884 24
641 732 12
798 912 11
615 675 18
615 678 21
360 419 0
362 407 15
619 664 26
805 910 15
796 920 3
366 449 15
623 653 7
362 437 16
380 426 2
360 493 19
422 480 0
795 904 26
798 885 20
365 399 20
616 684 12
796 910 14
823 965 15
360 462 21
795 899 5
362 490 5
369 430 16
619 701 17
663 775 16
360 437 10
361 477 6
648 688 7
616 649 18
795 865 25
620 756 22
795 846 15
738 810 12
615 716 2
617 731 4
616 675 19
799 904 23
360 418 27
795 880 12
617 686 24
377 483 24
615 712 9
618 723 14
805 853 20
360 460 13
839 886 12
795 863 26
620 669 10
797 838 18
705 738 17
361 419 4
624 679 17
795 877 17
795 874 7
363 424 25
622 709 19
795 846 5
616 690 22
360 444 26
624 695 0
620 696 6
615 684 1
626 703 8
797 885 0
927 963 3
616 688 12
618 724 6
361 421 27
369 425 26
801 858 6
622 709 21
798 928 20
815 859 23
731 795 4
369 417 12
360 464 5
632 710 4
360 503 12
795 919 3
362 474 4
361 436 6
795 836 23
617 672 8
806 907 9
615 716 2
913 967 14
778 862 16
795 870 6
360 477 24
799 863 16
364 407 2
362 477 5
615 693 19
366 454 6
618 672 25
617 738 4
363 413 23
425 480 25
796 934 20
362 465 24
797 927 13
800 858 27
621 757 4
620 736 8
615 755 2
616 701 6
928 1004 13
797 922 2
370 470 16
796 912 14
737 831 7
363 476 15
451 508 6
362 471 15
622 692 23
615 738 18
620 709 20
504 577 12
795 884 19
482 534 0
404 460 20
795 892 1
361 400 13
615 719 2
616 727 14
623 755 17
654 719 8
616 655 17
360 432 4
362 446 16
467 507 5
797 877 4
360 483 18
719 760 2
615 712 7
617 672 9
798 890 19
796 836 21
795 879 10
616 702 8
401 508 13
360 461 3
361 425 3
905 945 26
615 677 20
361 485 13
797 926 18
796 874 10
615 716 23
361 442 24
462 544 21
801 914 15
617 703 25
917 1032 15
749 808 4
934 1008 20
795 886 9
796 899 15
800 875 27
369 446 14
373 453 22
675 721 25
617 726 1
948 1033 20
615 657 3
795 903 23
625 724 16
426 471 2
806 851 24
615 707 19
795 870 22
544 660 21
795 868 7
622 695 1
795 861 5
615 732 16
861 961 27
704 765 25
615 693 23
366 432 3
461 519 3
829 887 2
360 447 11
361 429 14
797 884 23
901 952 20
615 684 17
460 523 13
795 860 2
804 846 14
384 494 17
366 419 26
762 835 2
795 859 0
728 792 16
839 923 21
838 933 18
362 421 14
370 468 5
367 458 11
915 1003 15
761 788 2
488 562 5
419 528 27
873 922 6
475 581 2
694 804 19
715 828 7
676 724 19
832 926 7
615 706 0
809 875 27
360 492 17
927 1006 2
796 877 3
496 595 17
465 544 11
964 1071 3
615 654 5
798 828 15
616 708 19
872 933 16
847 888 14
361 412 15
693 767 23
616 723 14
947 1003 26
472 536 26
362 485 22
707 741 19
795 863 21
881 935 12
368 450 11
691 742 12
883 952 27
616 699 1
615 705 22
732 806 1
615 730 27
691 792 22
370 504 8
365 454 3
714 818 4
373 434 0
368 441 19
617 705 21
615 690 6
677 753 20
617 718 7
901 1003 15
361 446 13
625 728 13
726 786 14
360 447 8
487 592 22
628 701 4
421 536 4
698 821 1
615 731 0
807 903 27
820 909 15
363 433 7
688 809 24
474 564 5
858 923 24
461 542 20
577 640 12
521 630 3
731 789 0
860 959 2
796 913 3
419 458 26
361 420 23
697 758 6
455 559 23
620 699 9
630 699 3
623 715 1
734 807 25
870 903 7
1005 1143 13
619 718 26
822 888 4
381 464 23
708 766 22
434 554 14
375 495 26
808 845 26
362 432 7
625 694 14
814 918 24
625 705 8
371 418 26
795 876 12
1007 1112 26
723 829 2
730 820 14
915 1006 14
714 804 20
739 845 17
509 594 6
799 875 9
725 807 2
678 772 21
821 921 14
618 694 27
381 464 5
670 754 10
619 693 20
1010 1129 20
1004 1085 15
615 669 10
615 667 16
648 770 20
634 706 26
654 697 5
836 898 23
483 561 18
796 939 4
1099 1177 15
802 876 7
360 491 14
616 749 12
361 458 17
425 471 1
625 769 24
472 591 15
962 1082 27
615 672 9
846 962 26
629 733 12
413 488 15
870 914 22
459 575 26
859 992 0
732 832 16
1032 1086 15
915 984 9
364 490 10
1180 1264 15
577 675 26
360 440 1
819 878 16
1120 1197 26
724 801 19
433 500 7
490 565 15
479 538 15
500 579 26
795 893 20
706 826 14
873 928 20
458 528 24
616 735 4
716 768 23
810 903 26
360 438 14
743 835 14
361 472 12
616 742 1
702 812 6
892 935 1
495 551 14
686 771 17
909 969 19
984 1080 9
615 683 21
435 561 16
625 736 12
858 932 6
621 688 18
660 714 21
492 573 5
944 1024 12
878 969 3
758 864 17
711 834 8
475 618 4
447 581 11
622 721 21
366 472 21
865 974 21
795 927 11
799 914 14
795 825 22
615 666 8
811 855 24
1004 1096 15
449 581 19
360 424 26
796 909 11
422 515 27
913 963 23
772 905 21
373 491 4
630 737 23
883 974 16
972 1066 15
364 413 10
373 488 11
468 535 3
684 765 1
699 739 5
617 667 10
600 653 17
739 870 5
898 962 23
892 960 9
927 1073 18
637 736 16
915 1006 14
362 410 4
684 771 17
437 506 3
615 694 6
969 1056 20
914 964 22
364 484 10
487 533 13
367 437 13
489 532 6
562 613 16
361 409 14
440 536 0
922 965 14
712 745 8
534 609 13
835 915 14
373 452 19
615 662 10
901 962 5
980 1037 19
969 1023 3
561 631 18
624 694 4
946 1001 24
795 855 10
616 736 0
491 589 25
879 1022 17
411 477 2
796 894 25
433 467 4
964 1097 22
847 910 15
790 823 0
796 851 25
889 973 14
451 524 26
364 432 18
612 750 13
762 851 22
671 768 10
362 494 24
796 873 0
725 825 6
616 708 22
796 864 13
615 676 1
712 857 21
760 858 4
620 710 8
899 949 4
562 651 11
389 482 24
692 771 21
799 897 2
617 665 21
576 647 5
714 850 21
616 742 2
767 834 25
741 848 18
626 703 17
438 483 14
620 684 13
877 954 10
539 598 15
833 956 16
1057 1130 20
491 550 4
614 663 16
681 769 1
680 759 8
615 647 27
626 728 22
772 870 20
751 809 8
1086 1138 15
456 569 19
536 597 4
493 605 19
795 922 9
783 916 24
448 538 13
927 1002 11
426 534 26
768 823 23
605 682 19
616 696 27
447 551 8
544 607 20
700 774 27
903 1026 25
619 719 23
630 757 23
412 478 14
819 899 4
652 707 5
707 800 0
592 642 25
537 616 6
615 678 27
645 696 25
929 1018 7
853 987 22
939 1000 1
730 818 27
689 798 8
619 649 6
847 926 17
806 889 20
455 587 6
593 701 2
360 457 15
1202 1264 26
793 874 22
415 469 23
868 959 17
361 442 18
592 652 22
961 1008 17
645 730 1
1008 1091 14
799 871 6
721 804 5
615 649 6
581 650 11
655 750 22
798 888 23
959 1061 2
515 581 3
513 575 5
893 994 20
679 762 7
896 976 19
796 898 1
797 876 4
485 545 12
721 780 1
694 765 20
838 899 25
887 1000 0
654 761 11
370 512 27
658 772 17
795 875 11
416 485 10
539 601 26
953 1018 4
618 691 2
767 877 20
967 1072 10
916 1053 11
877 950 7
975 1085 21
367 460 5
1022 1127 17
840 924 2
927 1024 21
360 443 9
808 872 2
699 815 1
1138 1206 20
630 711 9
364 426 10
817 919 16
916 957 24
360 419 21
1097 1182 22
616 703 25
849 894 18
455 519 10
771 881 8
565 663 13
494 575 11
765 820 8
1206 1261 20
537 654 0
523 590 13
367 454 24
741 806 19
551 618 8
470 535 16
825 877 1
362 507 6
912 981 15
445 556 3
799 888 10
920 1025 14
360 437 1
633 731 11
923 989 9
891 960 8
364 466 3
700 793 3
437 512 13
751 801 22
578 685 23
713 829 9
926 957 4
456 587 14
361 408 25
807 914 19
673 782 9
865 931 13
899 1014 4
898 975 7
688 762 12
796 892 13
572 612 3
369 396 0
968 1081 14
795 855 13
361 444 17
1054 1166 11
480 571 14
763 802 7
374 423 0
675 785 26
698 760 0
993 1100 0
816 896 8
1035 1128 12
1131 1209 20
624 759 0
795 881 25
889 946 23
867 964 5
771 863 16
428 493 0
405 473 19
364 456 13
801 894 24
598 698 4
578 668 24
891 956 25
933 1022 6
616 681 11
470 549 24
513 579 27
411 533 8
360 501 1
797 920 2
871 956 5
512 590 13
834 925 6
1086 1170 21
370 421 24
905 955 27
398 481 24
795 886 20
719 800 8
887 992 20
856 898 10
618 716 4
755 815 10
650 731 18
1171 1221 21
807 909 19
423 544 14
1082 1159 9
909 996 12
658 743 17
818 938 27
572 665 15
996 1062 23
623 677 1
473 587 23
365 452 11
973 1065 24
426 506 24
829 921 9
923 983 6
507 630 7
947 988 23
905 958 21
442 524 12
773 868 21
704 835 25
963 1080 27
881 951 4
476 619 24
661 776 3
795 845 7
816 918 3
361 442 16
552 636 14
651 758 6
360 437 5
803 904 19
766 813 12
904 1012 23
495 606 24
797 850 10
1026 1103 14
1082 1201 14
994 1092 20
708 796 19
745 807 4
624 747 2
408 520 25
667 734 10
796 889 20
976 1055 19
1001 1109 1
495 625 24
954 1057 4
914 997 3
699 749 25
1119 1208 27
957 1006 5
1007 1048 5
966 1026 5
472 601 4
580 687 26
957 1049 27
876 981 12
710 787 21
966 1037 25
799 871 8
445 475 9
722 760 23
797 839 19
618 724 2
905 1021 19
750 845 25
1067 1100 24
617 725 14
597 708 6
695 743 8
767 844 22
881 1001 20
981 1069 15
617 703 3
360 447 12
471 538 24
500 576 10
459 531 17
692 758 2
899 1003 1
477 547 24
797 863 27
579 658 10
799 935 0
1023 1146 3
1013 1060 23
370 481 19
473 557 21
811 948 19
621 677 27
954 1049 7
808 878 25
882 959 0
647 719 27
897 968 13
529 647 26
1004 1079 11
475 578 9
570 632 12
1145 1258 13
915 965 20
917 1035 11
519 602 10
1096 1195 15
665 725 10
621 704 25
1114 1186 1
557 619 24
727 850 14
362 458 18
783 851 9
909 983 19
496 579 26
1147 1264 3
411 454 7
581 662 11
918 972 24
666 730 16
875 946 11
678 712 27
1038 1108 19
618 677 8
545 591 14
565 670 14
981 1119 12
835 882 25
894 1023 24
627 701 23
758 784 6
673 769 9
1021 1103 19
849 888 5
863 895 24
821 862 10
710 764 22
860 971 4
683 776 11
609 683 26
795 908 22
899 966 10
729 783 9
760 829 6
628 737 20
620 696 10
882 998 7
1108 1206 19
812 946 12
1029 1143 24
712 809 27
861 909 8
1052 1172 27
626 759 18
492 580 1
565 699 5
882 982 25
535 617 16
912 977 26
845 891 7
784 844 11
811 860 12
551 594 4
685 821 16
483 587 14
911 968 7
363 429 15
457 531 15
966 1047 10
362 394 17
704 786 10
1182 1264 22
454 558 16
360 449 8
743 840 2
447 518 10
718 791 3
631 723 18
876 975 21
788 863 2
989 1098 14
963 1057 26
935 1002 8
1168 1216 11
1076 1145 15
694 779 6
449 557 8
1163 1248 9
867 948 27
855 914 13
594 688 15
678 759 27
914 1009 19
753 861 20
442 542 18
1026 1087 25
591 655 19
632 771 12
736 779 2
770 826 0
831 949 0
448 547 17
704 763 25
810 869 0
564 629 5
1134 1204 12
369 473 18
761 880 27
616 655 26
489 552 12
962 1024 23
1187 1258 1
841 925 15
1127 1207 17
1055 1160 7
531 661 15
934 1037 20
946 1018 11
448 536 12
808 904 7
723 840 27
911 1018 15
484 594 18
966 1039 14
615 735 6
619 752 4
826 902 6
902 997 24
596 688 23
682 738 19
958 1011 16
1035 1125 15
361 426 15
1055 1121 19
773 843 17
863 934 10
692 781 13
771 852 22
744 832 1
735 839 21
1024 1129 21
525 608 25
666 759 21
852 918 14
955 1026 0
511 571 6
749 834 17
963 1006 5
1002 1082 4
774 825 17
616 714 10
835 941 17
794 849 3
460 519 18
576 629 5
764 880 25
615 684 13
994 1103 22
502 590 10
582 641 27
1010 1099 17
1097 1182 25
666 757 13
809 891 1
797 845 3
896 1015 5
1098 1175 14
858 914 21
895 989 24
934 994 18
1006 1116 5
710 801 19
1080 1151 18
678 775 24
957 1058 19
711 754 8
761 821 21
850 927 27
433 534 18
737 849 16
796 916 11
870 998 2
604 665 4
1003 1109 1
879 970 1
896 952 20
797 906 5
440 558 1
1077 1158 3
826 951 17
613 685 20
737 781 0
703 773 23
1019 1128 4
946 1016 17
1047 1102 10
702 750 26
591 650 10
929 962 2
962 1032 9
983 1067 25
675 757 4
926 982 17
595 720 8
649 771 6
872 945 6
743 816 1
752 794 2
800 903 16
920 1051 14
800 897 0
1059 1164 7
731 801 2
682 743 18
796 843 1
1092 1162 20
700 772 4
506 566 24
559 686 1
834 895 2
1032 1065 9
795 865 9
958 1008 21
707 777 26
750 846 26
1111 1204 1
1039 1127 25
1019 1097 17
815 888 0
611 672 25
519 588 10
714 785 23
668 752 11
738 844 12
714 805 10
641 694 5
931 998 16
809 888 27
816 934 1
959 1024 20
1207 1256 19
973 1044 20
695 764 18
687 771 1
628 698 16
1153 1264 15
888 936 10
502 537 17
796 885 4
580 650 9
856 990 25
889 999 27
809 849 22
756 870 20
650 759 11
433 550 7
665 752 26
1138 1260 25
639 707 5
1000 1106 23
932 1037 4
1028 1088 5
827 926 0
546 646 24
587 660 14
916 994 11
1225 1260 11
1012 1104 24
772 848 4
1119 1195 12
701 794 5
620 680 9
549 643 17
708 780 5
471 530 5
491 541 19
1065 1148 19
1008 1058 21
517 588 27
437 528 5
632 695 24
740 827 6
1057 1161 4
528 630 12
671 742 14
734 854 13
846 877 22
731 786 18
949 1079 27
873 941 9
530 627 5
682 756 9
1020 1144 11
898 984 2
753 844 4
804 882 7
1144 1183 11
1160 1263 3
750 846 13
653 732 17
414 503 4
428 509 15
942 1024 0
676 737 25
736 833 12
779 906 26
845 900 3
626 695 22
951 1060 17
1003 1064 24
530 656 27
1221 1264 21
938 1041 27
777 866 11
776 861 1
825 894 4
568 649 12
921 1018 9
360 436 22
637 769 8
951 1034 21
668 770 10
991 1099 17
672 706 26
1132 1262 21
986 1088 4
800 846 24
441 541 22
720 764 4
895 949 8
362 434 18
883 997 7
776 836 27
793 834 10
1021 1104 9
538 618 18
904 968 16
1184 1264 11
703 787 23
807 870 19
540 652 26
1000 1039 2
660 719 0
1198 1261 15
853 953 9
870 983 16
591 677 14
1195 1264 12
800 923 16
702 754 1
759 849 11
691 743 6
1061 1166 2
1148 1255 15
810 857 16
875 916 22
1111 1245 14
929 1021 16
533 636 5
875 955 23
882 923 25
941 1006 25
932 1032 13
937 1027 10
788 837 12
983 1103 19
914 1007 13
677 767 8
984 1061 6
842 898 21
1058 1128 26
458 556 26
657 761 27
549 633 22
805 849 5
887 952 16
1030 1082 16
573 686 14
456 573 13
1006 1116 12
994 1102 18
872 903 12
812 864 4
1124 1213 19
1128 1264 26
760 849 13
803 896 11
615 696 18
1000 1085 0
667 727 11
479 601 19
1116 1203 5
536 625 0
863 933 26
826 888 22
760 871 8
466 577 15
413 456 15
594 678 10
688 744 7
1062 1145 6
1217 1254 27
449 476 8
580 638 19
786 861 18
371 418 12
925 990 26
767 861 18
882 1022 18
430 511 7
925 1021 22
957 1042 23
1018 1099 7
836 909 10
735 847 10
961 1046 8
1040 1104 2
727 838 11
661 752 10
523 567 15
637 761 12
532 677 17
976 1039 21
851 977 27
752 832 6
1079 1177 11
1023 1130 16
541 652 3
1014 1098 25
638 689 8
474 558 3
786 849 5
904 968 7
902 983 21
862 923 18
759 802 23
1037 1103 0
1150 1262 19
767 872 23
448 570 16
670 736 24
797 860 21
764 846 12
1065 1169 24
1024 1103 23
641 742 19
360 420 18
449 540 1
926 1000 6
899 955 1
553 686 17
984 1104 27
1037 1102 21
447 517 12
901 1017 25
777 842 23
636 682 0
665 750 19
786 866 6
365 441 3
862 956 20
939 1057 0
420 528 18
768 847 10
945 1012 9
723 823 7
1003 1100 20
871 928 1
760 830 18
523 622 8
650 722 5
641 743 12
851 977 18
660 736 14
1008 1078 2
714 758 8
764 842 19
899 952 11
623 690 6
1162 1265 20
907 1014 3
799 828 2
1052 1126 8
880 973 11
501 582 1
759 817 9
369 486 3
579 651 15
754 878 11
783 875 13
1102 1146 10
1027 1103 22
1013 1119 9
405 470 16
401 466 0
818 870 8
874 965 0
699 794 22
1072 1163 15
656 771 7
979 1089 1
796 893 1
1024 1090 8
852 937 22
803 888 8
705 795 24
682 768 14
780 892 6
1163 1207 7
807 886 10
749 850 12
772 849 6
846 914 2
590 649 13
573 620 24
685 800 13
793 926 4
1007 1066 13
990 1079 9
633 726 22
360 427 2
429 526 15
1089 1148 16
617 685 0
542 612 19
919 1029 2
652 752 9
540 635 1
649 760 19
873 945 23
1166 1215 2
476 538 18
1023 1081 26
605 655 26
588 685 8
545 635 10
871 932 4
881 963 9
933 1032 27
738 850 19
511 578 23
820 924 1
848 951 10
984 1037 0
588 633 15
779 834 4
811 938 4
1020 1104 25
884 985 25
467 599 11
924 1020 18
812 870 6
808 928 23
621 711 24
1039 1090 11
767 850 8
1066 1181 13
1038 1129 0
770 813 9
867 935 21
1102 1183 18
1176 1264 7
996 1093 26
772 880 7
829 895 8
1146 1264 10
934 1037 1
877 950 13
999 1099 16
429 525 2
696 769 1
872 911 6
559 603 3
621 671 19
900 1014 2
975 1038 7
753 860 26
679 756 17
976 1070 1
741 849 25
366 425 10
948 1022 7
702 807 5
1033 1127 24
625 729 18
830 953 6
630 690 5
574 705 13
881 999 7
638 695 14
745 843 12
790 834 23
845 933 12
745 838 18
901 1033 0
691 768 0
605 672 11
615 702 24
528 601 18
527 633 15
862 974 16
866 938 6
1072 1206 10
635 698 15
853 1000 12
1080 1164 27
1004 1095 6
985 1049 25
1068 1155 9
766 851 1
477 560 22
1095 1181 11
1100 1193 0
840 899 19
634 693 15
749 821 26
627 743 24
1053 1104 5
945 1046 23
1205 1254 12
861 972 12
771 849 14
476 548 8
1000 1102 7
526 623 7
690 801 15
1183 1262 25
365 464 23
765 841 2
952 1034 3
762 813 23
425 487 13
937 1000 21
735 810 17
478 561 2
1203 1264 5
946 1045 6
1089 1190 5
1165 1263 27
865 989 13
769 834 0
1190 1263 5
746 805 7
933 1025 26
593 729 13
894 934 18
912 1047 6
841 916 23
719 811 26
615 674 22
898 977 4
638 727 1
1141 1230 24
841 963 2
1034 1098 20
1226 1264 10
724 801 18
1204 1264 14
826 882 7
838 923 0
824 889 21
980 1101 11
938 993 22
827 948 14
874 947 2
900 998 19
943 1057 4
797 847 3
1060 1183 23
972 1090 7
1039 1096 4
1153 1261 6
1050 1126 7
886 974 23
952 1052 10
546 600 12
819 874 23
691 755 6
1061 1104 17
865 980 25
921 998 3
676 773 11
690 793 5
445 546 10
703 775 9
974 1042 12
848 968 18
1045 1116 13
686 731 14
1062 1135 6
1046 1128 2
600 705 15
703 763 14
1139 1260 0
846 940 2
661 730 15
935 1011 18
460 515 5
568 655 22
693 777 15
1120 1176 9
835 908 26
1013 1104 18
908 1013 22
602 671 18
845 934 2
999 1093 9
1195 1260 11
831 886 6
638 697 13
1041 1103 14
785 849 23
975 1038 23
1071 1102 1
1173 1255 27
729 783 22
555 637 13
1007 1097 14
750 851 23
1164 1234 24
1001 1094 21
834 917 6
743 810 12
994 1102 18
998 1104 2
699 776 15
486 573 16
855 903 23
749 828 8
989 1084 24
976 1045 2
617 750 21
878 1016 23
880 999 10
996 1100 11
420 522 21
460 543 7
1052 1114 2
1018 1120 5
547 625 24
939 1016 6
994 1116 25
743 847 14
1110 1165 9
377 481 20
589 671 6
818 899 12
1090 1164 7
544 616 2
526 599 18
890 981 6
954 1034 9
923 1023 0
518 627 5
881 1002 27
1102 1144 20
872 931 20
956 1011 20
912 957 1
513 573 13
875 1000 23
1103 1167 4
999 1063 3
546 612 0
690 742 23
451 582 11
635 699 7
779 840 15
771 841 10
945 1038 16
468 553 23
1011 1104 20
752 828 18
780 825 1
810 842 22
973 1069 2
1139 1239 7
1040 1118 16
1132 1189 4
1123 1183 5
1041 1100 21
1187 1261 5
1002 1081 3
851 910 4
692 757 8
911 1053 4
762 818 21
548 679 8
1041 1113 23
648 717 26
889 961 8
764 847 14
1030 1102 20
1028 1103 0
777 874 3
573 658 13
441 515 16
1016 1082 27
572 679 16
855 964 12
820 900 21
728 801 1
688 779 17
561 667 2
984 1090 11
969 1052 13
700 774 20
675 779 22
649 705 13
1216 1263 19
709 762 17
780 920 17
880 962 10
709 767 15
522 611 21
1030 1098 2
902 1025 12
558 605 7
872 954 8
891 1002 22
899 967 8
598 685 23
851 929 10
979 1100 12
625 707 7
361 422 2
933 1023 4
537 577 12
1023 1103 4
1141 1259 16
423 488 2
929 1033 10
649 751 24
1164 1225 4
1024 1164 6
749 843 24
1082 1178 27
770 804 8
1147 1261 20
841 921 8
950 1037 14
949 1018 20
614 681 7
792 919 8
872 981 19
908 1014 23
516 582 16
951 1093 2
1079 1143 3
1015 1102 16
731 792 10
941 1008 2
555 626 23
1084 1158 2
951 1024 13
620 704 12
784 898 0
781 847 24
758 849 17
489 586 2
592 679 14
1120 1174 23
780 888 22
681 759 16
1166 1262 9
824 888 23
730 798 15
954 1060 6
801 855 13
772 845 4
1143 1254 25
632 746 23
402 459 19
944 1031 1
902 974 0
1089 1182 0
1020 1104 23
605 664 3
1048 1104 13
680 787 10
602 711 11
680 731 18
1014 1142 22
1171 1264 7
679 749 6
982 1056 25
562 625 21
777 807 1
969 1012 16
1043 1095 1
602 705 10
653 719 27
1063 1150 23
1046 1168 10
1042 1105 20
713 837 18
749 853 11
1211 1263 20
983 1054 8
1114 1177 23
807 848 5
993 1086 21
872 992 8
1027 1098 0
857 945 13
994 1085 20
999 1104 7
1027 1106 10
702 779 13
760 849 10
728 849 5
661 771 13
821 922 9
831 886 16
1044 1163 23
706 752 7
1081 1138 2
968 1047 8
672 770 15
706 784 23
486 588 24
892 983 6
705 804 13
1020 1101 20
803 849 1
979 1102 0
819 881 7
711 756 6
792 847 22
513 653 20
591 708 1
878 961 11
746 803 23
612 724 21
982 1056 6
730 804 22
878 953 27
934 982 23
943 1039 15
730 794 13
1117 1172 13
744 834 23
664 758 26
1079 1166 9
1067 1097 4
687 753 1
1040 1104 27
912 969 21
920 989 8
827 911 1
1046 1077 7
848 935 1
507 598 4
457 530 15
1013 1064 22
1173 1254 23
1024 1064 3
927 1000 8
724 841 27
800 845 2
918 1036 6
1058 1175 0
658 731 26
934 994 12
714 832 24
771 844 15
1154 1258 18
453 580 3
705 784 24
948 1019 2
1104 1158 11
1206 1264 1
763 846 13
1180 1263 23
951 1046 4
1067 1144 22
705 787 0
1168 1263 15
601 660 4
1121 1215 16
886 964 20
588 652 16
770 844 6
708 791 7
540 658 18
935 1028 23
724 777 4
667 773 2
761 830 8
1074 1155 20
1053 1116 13
1188 1229 18
1046 1104 23
982 1045 19
805 872 16
824 903 9
1002 1098 23
739 821 12
717 795 11
706 779 10
695 758 27
755 849 9
917 1015 2
501 609 3
877 932 13
992 1111 16
1160 1262 20
1067 1195 3
848 979 22
1057 1162 25
769 848 15
967 1052 10
1003 1094 12
1088 1164 24
701 767 16
646 725 10
546 659 18
927 983 2
682 748 7
864 969 26
1203 1249 14
753 836 6
744 830 12
970 1059 8
795 848 10
1144 1262 22
918 984 6
846 936 1
764 842 19
665 731 4
740 772 26
783 920 9
1177 1254 24
1113 1189 10
1181 1264 13
591 679 27
970 1104 26
931 1020 10
1046 1098 19
1136 1264 6
1025 1088 12
656 753 15
786 844 26
1162 1262 25
1167 1263 9
998 1103 8
1025 1110 26
1146 1252 15
999 1068 19
1019 1101 2
798 845 11
794 847 5
691 785 19
1004 1101 8
949 995 1
707 848 13
1182 1262 27
999 1104 27
977 1098 21
1177 1264 11
1101 1165 11
999 1069 13
1128 1249 4
1089 1192 3
588 661 2
781 843 17
754 847 16
1138 1248 2
1103 1181 23
1065 1150 3
1127 1248 8
779 847 10
1034 1104 9
805 849 23
1194 1264 0
786 848 11
1118 1245 16
559 696 26
733 847 18
771 849 13
657 750 22
610 733 3
736 850 14
894 983 16
1013 1137 16
658 735 3
1033 1102 10
1042 1104 1
877 964 3
626 747 21
989 1076 16
831 861 19
775 847 20
922 1041 9
1162 1261 2
650 751 0
757 848 6
1061 1102 6
940 1019 1
998 1081 23
934 1012 12
969 1102 0
1054 1104 8
722 803 0
1168 1259 24
809 849 1
1037 1093 4
795 852 13
1019 1102 22
1160 1225 11
512 616 19
540 643 15
821 942 26
1054 1201 10
659 737 18
1081 1217 2
762 833 15
994 1102 22
1190 1263 23
1117 1175 13
888 985 16
888 1013 7
1108 1170 20
742 848 14
774 831 1
792 839 0
886 974 10
1193 1260 3
984 1011 6
897 988 8
961 1085 9
805 868 8
1152 1256 22
933 983 13
578 622 12
990 1095 8
615 731 3
1018 1104 23
991 1103 2
1091 1171 1
1009 1103 19
779 849 15
1164 1220 6
1011 1103 2
785 843 24
1156 1257 9
878 925 22
622 734 12
577 683 10
764 848 26
932 987 22
1100 1149 26
736 846 12
943 1026 5
1145 1222 3
807 848 5
1099 1210 4
597 654 24
544 642 7
767 852 1
1179 1259 9
1191 1261 10
1077 1160 16
661 747 2
660 769 20
1048 1103 8
835 940 8
825 929 8
762 837 17
884 957 7
890 1001 21
627 669 5
735 849 3
1007 1096 8
803 849 2
799 847 7
852 928 2
1087 1202 20
680 746 14
559 681 16
803 903 10
666 752 3
1000 1099 12
1045 1100 9
1220 1263 6
810 849 12
853 932 1
927 1062 17
1176 1264 0
804 850 13
916 972 0
967 1069 16
625 737 24
1110 1154 26
679 772 27
748 847 7
745 835 24
853 951 13
881 922 8
766 838 21
1016 1103 6
809 845 22
1062 1104 8
625 666 8
968 1100 20
888 973 23
619 713 19
979 1099 18
760 822 27
907 949 19
954 1065 27
1178 1262 13
643 721 7
824 936 27
1162 1258 16
1125 1261 12
1012 1104 6
931 974 8
1021 1104 12
987 1063 16
802 849 15
481 548 0
1001 1091 1
1208 1263 17
774 849 26
401 511 17
1019 1100 7
882 987 11
1057 1102 6
1152 1189 3
1068 1104 19
777 848 4
515 592 17
841 898 17
1058 1105 21
1203 1255 10
1166 1262 11
993 1039 22
1079 1177 27
984 1079 12
852 947 22
1140 1259 16
1190 1253 26
775 848 22
932 1009 1
1064 1169 15
1218 1261 4
954 1017 1
1006 1068 0
499 634 24
996 1100 6
1040 1104 18
801 849 18
1049 1165 0
1170 1263 10
1175 1261 13
1203 1264 20
738 848 4
753 803 19
1195 1258 3
1051 1103 25
679 725 8
943 1015 8
1225 1264 4
759 844 7
949 1068 2
594 661 17
725 850 8
1067 1104 25
667 733 17
1189 1264 1
877 986 1
731 779 8
1181 1265 23
1017 1095 8
649 723 15
950 1015 27
901 1030 17
747 848 14
974 1033 23
806 836 0
726 847 26
743 842 19
1045 1094 14
767 847 16
732 834 1
936 1002 8
967 1070 3
739 844 18
761 848 27
957 1036 13
1029 1109 5
747 849 2
792 874 9
1176 1261 15
798 849 15
1182 1250 27
587 675 3
773 843 16
643 719 2
797 849 24
1041 1104 27
807 846 19
962 1099 11
675 766 3
1169 1245 0
550 631 0
1057 1102 4
664 795 24
993 1068 11
1117 1188 5
978 1100 8
713 759 8
732 797 7
724 848 15
1110 1202 7
888 959 22
1185 1264 23
1191 1263 3
1118 1229 2
1018 1103 27
740 824 10
1002 1104 21
904 1045 10
1053 1104 10
949 1049 13
890 1011 9
735 847 17
1002 1096 16
786 849 8
601 666 18
737 844 3
661 747 18
1066 1156 8
904 1037 9
911 1027 1
979 1099 10
1088 1166 6
1218 1256 16
1188 1264 8
1054 1101 9
1031 1103 17
1182 1263 4
1119 1242 12
693 820 16
696 755 26
746 839 2
960 1031 22
369 453 20
1071 1102 3
656 739 24
1148 1247 2
770 845 20
978 1099 4
953 1047 26
1051 1104 14
1063 1096 17
1230 1264 18
915 1005 26
1035 1103 22
1020 1104 18
1154 1264 26
797 842 13
657 739 16
1215 1265 2
1051 1104 13
672 744 5
1199 1264 5
453 542 20
632 726 0
953 1057 22
1027 1068 9
1030 1100 1
715 820 19
1037 1100 1
737 850 24
1047 1102 6
757 828 24
756 847 3
775 846 26
1040 1095 13
997 1104 1
559 697 20
1021 1095 10
1033 1104 23
1013 1097 26
980 1049 4
1044 1098 22
1057 1098 10
1064 1103 16
736 848 3
688 782 13
672 749 18
779 847 2
756 814 26
733 816 20
953 1079 10
994 1083 13
774 848 27
771 849 3
1004 1082 8
751 845 18
1196 1263 0
729 845 0
739 843 16
1010 1104 1
1034 1101 7
991 1098 7
698 836 10
746 849 5
1174 1257 20
724 849 21
761 844 18
1035 1103 23
Shifts = 4
0 0 0 0 0 0
360 0 0 490 0 0
615 0 0 490 0 0
795 0 0 470 0 0
Employees = 20
634: 2 4 5 6 7 17 22 25 26 34 37 41 42 43 45 52 54 55 56 57 60 65 69 72 78 79 80 82 87 93 97 98 100 103 104 106 107 110 114 115 116 123 124 125 129 133 134 137 138 141 143 144 146 147 149 150 151 152 163 165 166 167 168 169 172 174 175 182 185 188 192 199 200 203 208 210 215 219 220 227 230 233 235 240 241 242 243 244 248 250 253 254 259 262 264 266 267 274 275 279 293 298 299 309 312 314 316 317 320 321 323 326 327 331 338 344 346 347 352 357 358 359 363 365 366 373 376 377 378 383 386 390 393 400 402 404 406 407 412 413 417 424 430 431 432 439 440 443 447 448 452 464 467 472 474 478 480 483 485 487 493 495 496 498 501 509 512 516 517 520 521 522 523 526 529 532 534 537 539 545 546 550 552 556 557 561 563 566 567 578 580 584 586 587 588 595 600 603 608 616 617 620 621 623 624 629 630 637 645 647 651 654 657 672 673 679 680 681 688 690 692 693 698 700 702 706 708 714 716 718 719 723 726 732 734 736 738 740 741 742 748 749 750 752 753 755 756 757 767 771 772 775 777 781 784 786 791 795 796 800 802 805 807 808 809 810 811 822 827 832 833 834 836 838 839 842 847 849 851 856 857 868 870 871 872 878 879 882 884 887 892 895 896 898 899 900 901 921 935 937 939 943 944 945 946 949 952 960 962 964 970 971 972 978 980 989 993 1001 1005 1006 1010 1013 1014 1025 1032 1037 1039 1040 1043 1046 1058 1059 1062 1070 1073 1081 1085 1093 1098 1099 1102 1106 1111 1128 1131 1135 1140 1141 1144 1146 1147 1159 1160 1167 1168 1171 1172 1175 1179 1180 1183 1184 1187 1188 1191 1193 1194 1197 1199 1202 1204 1206 1210 1214 1216 1227 1229 1231 1232 1239 1245 1255 1263 1265 1266 1269 1271 1272 1275 1276 1280 1281 1282 1286 1289 1300 1303 1309 1316 1317 1325 1326 1329 1352 1364 1368 1375 1377 1379 1384 1389 1391 1392 1399 1401 1403 1405 1407 1408 1420 1422 1428 1431 1433 1434 1435 1440 1444 1451 1453 1457 1458 1463 1464 1467 1469 1477 1478 1480 1482 1483 1484 1487 1488 1489 1494 1497 1500 1513 1514 1518 1520 1523 1534 1535 1536 1538 1545 1547 1548 1553 1562 1571 1575 1576 1581 1583 1586 1587 1594 1599 1607 1611 1612 1615 1618 1620 1621 1622 1626 1631 1637 1638 1647 1650 1653 1655 1656 1657 1660 1661 1667 1668 1676 1681 1682 1685 1686 1687 1688 1693 1694 1699 1700 1712 1713 1715 1716 1717 1719 1723 1728 1734 1742 1743 1756 1760 1765 1776 1781 1783 1784 1787 1789 1791 1794 1803 1804 1810 1811 1812 1814 1815 1822 1826 1829 1832 1843 1847 1856 1862 1864 1865 1869 1870 1873 1880 1884 1889 1895 1896 1901 1902 1907 1909 1913 1922 1927 1931 1935 1936 1937 1940 1947 1956 1958 1961 1962 1966 1967 1968 1969 1973 1978 1984 1988 1991 1992 1994 2000 2011 2016 2017 2019 2020 2021 2022 2030 2031 2032 2035 2036 2038 2042 2046 2052 2056 2058 2059 2062 2074 2076 2082 2087 2089 2091 2097 2098 2112 2113 2114 2116 2121 2132 2136 2138 2141 2145 2148 2150 2152 2154 2155 2157 2158 2160 2162 2163 2168 2174 2176 2179 2180 2181 
643: 1 2 7 14 15 17 20 21 22 23 25 26 30 36 38 41 43 59 60 62 64 70 71 72 73 74 76 80 81 83 89 94 100 102 104 109 110 112 114 117 120 121 122 126 128 129 132 134 139 142 144 145 148 150 156 157 165 166 167 170 174 177 179 180 184 185 190 205 207 211 218 223 226 228 233 242 243 252 255 258 261 269 271 273 277 279 292 293 294 298 300 305 307 310 311 313 315 317 318 319 321 323 324 326 327 332 334 335 336 344 350 353 355 356 361 365 368 370 373 375 376 377 380 381 386 393 394 398 401 412 420 425 426 428 431 437 443 447 450 452 459 461 462 463 464 465 472 479 482 485 486 494 505 506 508 511 514 515 524 526 533 536 546 554 555 562 567 569 570 573 576 578 579 583 584 594 595 600 601 602 603 618 620 621 623 636 639 652 653 654 657 659 660 664 667 668 669 672 679 682 687 691 697 698 699 700 701 703 704 707 709 710 711 712 714 715 717 723 724 728 734 735 743 744 749 750 751 753 766 769 775 779 780 785 790 791 794 796 799 800 802 803 804 809 814 817 818 821 823 824 827 829 831 840 843 844 845 849 864 865 866 868 875 880 881 885 886 891 893 897 899 915 917 925 928 937 938 940 941 943 944 945 948 953 954 957 965 966 968 969 971 983 985 997 999 1001 1004 1010 1012 1014 1015 1019 1021 1022 1028 1030 1031 1045 1046 1048 1053 1068 1072 1073 1074 1077 1078 1081 1083 1089 1093 1094 1101 1102 1104 1109 1112 1117 1119 1121 1122 1128 1130 1133 1137 1138 1142 1144 1145 1151 1154 1158 1162 1166 1169 1177 1182 1185 1188 1189 1190 1194 1199 1200 1202 1210 1213 1217 1218 1220 1221 1224 1225 1231 1235 1237 1240 1248 1250 1253 1257 1267 1268 1273 1281 1286 1288 1289 1298 1303 1308 1309 1311 1313 1316 1321 1327 1342 1345 1347 1349 1351 1352 1356 1362 1363 1364 1366 1367 1373 1376 1379 1380 1382 1389 1393 1398 1401 1404 1408 1409 1415 1420 1422 1425 1437 1439 1441 1445 1457 1458 1466 1467 1472 1474 1482 1483 1484 1493 1498 1499 1500 1504 1506 1514 1520 1521 1524 1525 1526 1528 1535 1539 1540 1545 1547 1548 1550 1551 1554 1555 1559 1564 1566 1573 1583 1585 1586 1588 1595 1596 1599 1602 1603 1604 1607 1616 1617 1618 1620 1621 1623 1624 1628 1636 1638 1639 1642 1643 1644 1646 1652 1654 1661 1662 1665 1666 1667 1669 1681 1685 1686 1690 1691 1699 1705 1715 1716 1718 1724 1726 1737 1738 1739 1742 1752 1755 1756 1759 1761 1762 1766 1772 1773 1775 1777 1779 1784 1786 1788 1791 1792 1793 1795 1797 1799 1802 1809 1810 1811 1812 1815 1826 1830 1831 1833 1836 1839 1840 1843 1844 1845 1846 1848 1849 1850 1851 1854 1855 1857 1858 1860 1862 1863 1874 1880 1882 1885 1886 1888 1891 1892 1897 1898 1899 1902 1904 1905 1910 1916 1918 1927 1929 1930 1934 1936 1938 1939 1944 1946 1949 1952 1956 1961 1962 1970 1975 1978 1982 1985 1988 1991 1992 2004 2008 2011 2016 2020 2021 2024 2026 2028 2031 2033 2035 2037 2038 2041 2044 2047 2051 2053 2054 2055 2062 2063 2069 2070 2073 2076 2078 2080 2086 2089 2090 2095 2096 2104 2105 2109 2114 2117 2119 2122 2123 2138 2153 2161 2164 2167 2168 2174 2177 
675: 2 5 6 10 12 17 18 22 25 26 27 30 32 38 39 40 44 45 47 52 55 56 68 73 74 80 82 88 89 97 98 99 107 113 115 117 119 130 133 137 139 140 146 151 153 161 165 178 182 192 195 197 201 216 222 228 235 239 240 241 246 248 251 253 254 262 263 268 272 273 274 281 282 288 289 290 292 293 294 298 301 302 308 310 312 313 315 318 320 321 322 327 332 335 336 337 338 347 352 361 362 363 365 366 368 370 371 373 374 376 378 381 383 388 389 391 393 396 398 399 400 404 409 411 412 414 415 416 417 419 421 426 430 435 441 442 443 446 448 460 461 462 465 468 469 470 472 473 475 476 479 480 482 483 484 485 487 488 489 492 496 498 499 500 518 519 520 522 524 532 536 537 541 544 547 550 552 554 559 563 564 571 572 573 574 575 576 580 581 582 589 594 599 618 621 626 631 632 634 636 638 643 647 648 652 668 672 675 677 679 680 684 685 689 692 694 697 703 704 706 714 715 718 719 729 730 731 732 737 741 742 744 745 749 750 754 760 761 764 766 768 769 770 773 774 775 776 778 784 792 793 795 796 808 815 820 821 826 832 835 837 841 842 844 845 852 858 866 868 869 870 873 874 878 884 886 887 895 897 898 901 909 910 914 918 920 926 931 935 936 939 941 942 949 950 953 955 956 958 959 964 969 972 975 977 980 982 986 992 993 994 997 998 1009 1011 1013 1019 1024 1029 1037 1040 1047 1048 1049 1051 1052 1053 1056 1058 1059 1062 1063 1066 1067 1068 1081 1083 1085 1088 1089 1094 1096 1099 1102 1107 1113 1116 1117 1121 1124 1125 1126 1128 1131 1132 1133 1134 1135 1137 1141 1144 1146 1149 1152 1153 1154 1161 1165 1166 1167 1169 1171 1172 1176 1177 1183 1186 1187 1188 1191 1201 1209 1211 1212 1213 1222 1223 1226 1227 1231 1232 1235 1237 1239 1240 1241 1242 1243 1248 1256 1259 1262 1265 1272 1273 1274 1277 1284 1289 1291 1293 1295 1303 1304 1309 1313 1324 1329 1332 1336 1340 1343 1345 1348 1357 1359 1361 1364 1365 1368 1374 1381 1383 1386 1389 1391 1394 1396 1403 1417 1424 1430 1433 1438 1444 1445 1448 1456 1457 1459 1467 1468 1473 1476 1479 1486 1488 1495 1502 1510 1515 1519 1526 1529 1530 1533 1535 1537 1540 1541 1544 1545 1547 1549 1551 1554 1558 1561 1572 1573 1577 1579 1584 1587 1592 1612 1614 1619 1623 1624 1627 1630 1631 1635 1637 1640 1645 1646 1647 1651 1655 1657 1665 1666 1667 1668 1670 1672 1678 1680 1681 1683 1686 1691 1694 1697 1700 1716 1717 1718 1719 1723 1727 1728 1729 1740 1741 1743 1744 1745 1747 1748 1751 1752 1754 1761 1762 1764 1766 1767 1768 1769 1771 1783 1785 1786 1793 1798 1801 1812 1815 1816 1817 1824 1831 1833 1837 1838 1841 1842 1856 1857 1861 1864 1872 1874 1877 1883 1885 1886 1889 1890 1895 1898 1900 1903 1905 1911 1912 1920 1922 1926 1928 1929 1931 1933 1935 1936 1938 1939 1940 1945 1946 1947 1948 1950 1954 1961 1964 1965 1971 1973 1975 1976 1982 1985 1987 1996 1998 2004 2007 2008 2009 2012 2013 2016 2019 2021 2026 2027 2028 2029 2036 2037 2038 2040 2042 2044 2045 2047 2052 2053 2064 2065 2066 2068 2070 2072 2073 2076 2077 2086 2090 2091 2094 2098 2101 2103 2106 2107 2109 2110 2111 2117 2118 2119 2122 2132 2135 2136 2137 2139 2141 2142 2143 2146 2153 2156 2162 2172 2175 2176 2177 2181 2184 
633: 1 3 7 13 15 17 24 26 27 28 32 37 40 41 42 44 47 48 50 52 53 56 58 59 61 63 65 67 77 78 81 83 85 89 96 101 103 104 108 109 117 127 130 133 135 137 138 139 141 142 144 151 155 157 158 160 165 167 168 170 171 173 174 179 192 193 197 199 201 206 213 218 225 230 235 237 241 243 244 259 261 265 267 271 279 293 297 303 304 305 311 315 318 324 327 328 330 331 332 335 337 338 339 344 346 349 354 359 365 370 378 379 381 384 385 386 387 388 390 397 398 399 401 406 407 411 417 418 425 432 436 442 445 448 449 452 456 457 458 460 462 466 467 469 470 476 477 490 491 499 507 509 510 514 517 518 522 524 532 533 543 544 549 552 555 557 559 562 563 569 571 573 593 595 599 602 608 613 620 624 627 635 638 641 645 646 651 653 656 657 659 665 666 667 671 676 677 679 681 683 684 685 686 688 689 691 692 693 696 698 701 703 722 723 731 739 740 741 742 745 749 750 752 753 759 760 761 762 765 766 767 773 775 776 777 782 787 788 793 799 800 805 807 811 813 814 818 820 833 835 836 837 838 841 847 857 858 862 866 867 869 875 880 881 886 894 903 908 916 923 926 929 935 942 948 950 952 957 962 963 964 970 978 981 991 995 1002 1005 1006 1007 1026 1028 1029 1033 1042 1046 1048 1053 1063 1064 1074 1085 1088 1090 1091 1093 1098 1100 1101 1109 1112 1113 1117 1120 1122 1132 1140 1144 1145 1146 1147 1152 1153 1155 1163 1167 1168 1170 1176 1185 1189 1191 1194 1196 1197 1199 1200 1205 1212 1213 1216 1217 1222 1224 1225 1234 1235 1239 1241 1242 1247 1254 1257 1268 1274 1275 1277 1278 1282 1283 1285 1288 1292 1297 1300 1301 1307 1309 1322 1325 1326 1327 1330 1332 1334 1350 1360 1362 1363 1366 1368 1373 1378 1384 1385 1398 1401 1405 1406 1408 1414 1425 1426 1436 1438 1440 1441 1443 1446 1458 1462 1463 1466 1473 1475 1476 1480 1482 1485 1486 1489 1491 1496 1497 1499 1500 1502 1503 1507 1510 1519 1524 1525 1528 1529 1530 1531 1534 1538 1539 1540 1545 1546 1548 1549 1552 1553 1554 1555 1557 1558 1559 1566 1571 1572 1573 1577 1581 1587 1590 1591 1593 1596 1598 1604 1605 1606 1607 1608 1610 1613 1617 1620 1622 1625 1626 1628 1631 1636 1638 1639 1641 1648 1659 1662 1664 1669 1670 1671 1674 1677 1678 1680 1687 1688 1696 1699 1703 1708 1711 1712 1714 1717 1723 1725 1728 1729 1733 1737 1741 1742 1749 1750 1752 1757 1762 1763 1764 1774 1775 1776 1788 1789 1795 1796 1799 1808 1809 1813 1815 1816 1817 1822 1823 1824 1826 1830 1831 1837 1841 1842 1847 1848 1851 1852 1862 1865 1867 1875 1878 1882 1887 1890 1891 1895 1899 1901 1902 1906 1907 1912 1915 1918 1924 1925 1929 1935 1937 1938 1943 1944 1948 1950 1957 1962 1966 1969 1970 1972 1973 1974 1976 1977 1979 1981 1985 1989 1992 1993 1996 1998 2001 2016 2025 2029 2031 2035 2037 2039 2040 2041 2045 2048 2049 2053 2056 2057 2058 2061 2063 2067 2075 2078 2080 2087 2089 2091 2094 2095 2097 2098 2099 2100 2101 2102 2109 2113 2115 2116 2119 2123 2125 2126 2128 2131 2135 2138 2139 2151 2175 2178 2182 2185 
656: 0 1 4 12 13 14 19 22 29 30 39 41 49 58 60 71 79 82 86 92 95 99 109 110 111 114 124 126 129 130 133 137 140 141 145 149 150 153 158 164 166 168 175 182 187 196 197 201 202 204 206 211 213 215 216 217 219 221 224 227 228 233 236 240 241 247 248 250 252 253 254 255 261 266 271 274 279 281 286 288 289 299 305 308 315 320 324 325 326 327 334 342 345 346 347 358 360 361 367 373 375 383 392 393 396 402 407 411 417 420 425 427 434 440 449 452 454 462 468 470 474 475 480 481 484 486 487 488 490 493 501 502 504 506 508 511 513 522 526 527 528 531 541 545 546 550 551 554 556 558 560 562 564 568 569 574 577 578 579 582 583 596 599 610 616 617 620 623 634 635 641 647 649 650 651 653 658 661 667 674 678 679 684 687 688 689 692 695 696 700 703 707 713 715 716 720 721 728 731 734 735 739 742 744 745 750 760 762 763 766 768 769 770 772 773 778 779 783 786 790 791 794 797 798 799 801 805 806 809 811 813 817 819 820 822 825 829 832 840 842 845 846 847 851 854 856 861 866 868 869 870 873 878 879 881 885 887 888 892 893 895 897 899 905 907 912 914 916 920 921 926 933 936 947 950 954 956 959 964 966 969 970 973 976 982 985 986 988 990 998 1002 1005 1006 1015 1019 1020 1022 1026 1032 1038 1040 1041 1042 1043 1046 1052 1054 1055 1057 1063 1068 1069 1070 1076 1081 1084 1090 1094 1095 1096 1098 1099 1102 1109 1110 1116 1117 1118 1120 1121 1125 1130 1138 1142 1146 1155 1159 1163 1164 1165 1167 1177 1187 1190 1193 1194 1197 1198 1203 1204 1205 1206 1209 1211 1212 1215 1222 1229 1230 1231 1232 1237 1238 1246 1247 1248 1249 1250 1256 1262 1263 1266 1267 1269 1273 1274 1275 1276 1287 1289 1290 1295 1298 1299 1302 1307 1310 1311 1315 1317 1323 1327 1340 1344 1346 1350 1352 1355 1356 1357 1359 1361 1370 1372 1377 1379 1382 1383 1388 1390 1391 1396 1401 1402 1404 1405 1410 1419 1422 1423 1425 1426 1429 1431 1433 1441 1442 1444 1447 1453 1454 1455 1456 1457 1458 1459 1462 1467 1468 1474 1476 1478 1480 1481 1487 1489 1491 1496 1518 1520 1522 1523 1525 1531 1537 1538 1543 1550 1554 1563 1564 1565 1575 1578 1580 1583 1586 1587 1589 1590 1602 1606 1608 1610 1611 1616 1621 1623 1633 1635 1636 1639 1645 1646 1653 1659 1660 1661 1662 1664 1667 1673 1674 1678 1681 1684 1686 1689 1691 1692 1693 1700 1703 1707 1712 1719 1722 1724 1728 1732 1737 1739 1743 1744 1745 1746 1747 1748 1749 1751 1753 1759 1762 1763 1765 1766 1771 1773 1774 1777 1778 1780 1783 1789 1796 1798 1805 1812 1819 1820 1822 1823 1826 1830 1832 1834 1835 1839 1840 1845 1846 1851 1852 1853 1854 1865 1867 1868 1870 1874 1877 1879 1880 1885 1890 1892 1893 1894 1895 1898 1904 1905 1911 1912 1914 1915 1917 1919 1927 1934 1935 1937 1940 1950 1951 1954 1958 1963 1970 1971 1977 1982 1984 1991 1992 1993 1998 1999 2000 2001 2003 2005 2011 2023 2024 2025 2028 2030 2036 2037 2039 2042 2051 2056 2059 2063 2065 2068 2071 2072 2074 2075 2079 2080 2081 2083 2084 2088 2089 2091 2095 2096 2097 2099 2100 2106 2114 2116 2119 2120 2131 2132 2135 2142 2143 2144 2148 2153 2154 2157 2158 2166 2172 2173 2175 2177 
643: 0 5 7 8 11 12 18 24 27 30 37 38 43 46 50 55 57 59 63 64 66 76 78 86 87 89 98 99 101 108 113 114 119 122 124 125 127 128 129 132 139 140 142 143 148 155 160 161 171 173 179 181 191 192 193 194 199 202 203 205 211 212 214 215 218 224 226 230 232 234 240 242 244 245 251 254 256 259 263 267 273 276 285 286 290 291 294 295 301 302 307 312 318 321 324 325 329 330 332 337 339 341 347 355 360 363 364 365 367 368 371 379 387 390 393 395 397 402 404 406 421 423 424 425 429 436 438 440 448 449 451 452 453 458 460 464 468 472 475 476 478 479 483 484 491 500 501 511 515 521 522 523 526 527 540 543 549 551 552 557 558 560 561 565 566 568 571 576 581 582 585 587 589 598 604 605 608 609 610 615 620 629 636 637 644 647 652 653 654 655 656 659 662 678 679 683 684 685 686 687 688 690 691 695 702 706 707 709 712 718 721 722 730 731 737 738 745 746 751 758 764 765 766 774 775 777 778 779 780 782 789 792 800 805 809 812 813 818 819 831 834 836 839 840 844 847 853 854 855 863 864 865 866 871 872 877 881 882 889 890 891 902 903 906 908 910 914 916 920 925 935 938 942 944 960 964 965 967 972 977 979 982 984 990 992 994 995 1002 1005 1014 1019 1020 1023 1028 1029 1038 1039 1043 1044 1050 1055 1059 1062 1064 1065 1069 1070 1072 1077 1082 1085 1088 1092 1093 1098 1100 1101 1102 1104 1112 1116 1119 1126 1127 1129 1132 1134 1137 1140 1151 1156 1158 1159 1161 1162 1163 1170 1172 1180 1192 1194 1203 1208 1212 1216 1217 1219 1222 1223 1227 1230 1233 1234 1236 1250 1252 1255 1258 1263 1264 1265 1266 1267 1269 1270 1272 1276 1278 1284 1287 1288 1289 1292 1294 1295 1297 1299 1302 1305 1306 1307 1308 1309 1312 1314 1318 1326 1332 1334 1335 1337 1342 1343 1344 1345 1346 1347 1349 1350 1352 1358 1360 1361 1372 1375 1376 1382 1386 1387 1392 1398 1402 1409 1414 1415 1416 1418 1425 1426 1427 1433 1435 1438 1439 1442 1448 1450 1452 1453 1469 1472 1474 1475 1477 1485 1487 1489 1491 1497 1498 1499 1502 1506 1511 1516 1518 1522 1528 1530 1531 1532 1535 1536 1539 1544 1549 1553 1556 1557 1558 1559 1561 1565 1568 1569 1574 1579 1581 1582 1584 1588 1589 1590 1593 1597 1602 1604 1610 1613 1619 1620 1624 1629 1631 1632 1633 1636 1642 1649 1650 1653 1654 1655 1659 1661 1662 1664 1665 1666 1669 1673 1676 1683 1684 1685 1688 1689 1690 1692 1693 1700 1704 1705 1707 1708 1710 1711 1715 1717 1719 1721 1725 1731 1732 1734 1737 1741 1742 1747 1748 1755 1756 1760 1764 1768 1772 1775 1776 1777 1778 1783 1786 1788 1792 1796 1800 1801 1804 1808 1809 1824 1827 1828 1839 1844 1852 1857 1858 1864 1865 1873 1877 1880 1885 1890 1891 1893 1898 1901 1903 1904 1905 1911 1914 1917 1928 1932 1936 1940 1947 1949 1950 1953 1954 1957 1960 1963 1967 1983 1984 1988 1994 1995 2007 2008 2010 2013 2017 2018 2019 2024 2028 2029 2031 2034 2035 2036 2038 2040 2047 2054 2056 2064 2066 2067 2074 2076 2085 2088 2091 2094 2095 2103 2108 2114 2117 2128 2129 2130 2132 2139 2141 2142 2149 2151 2153 2155 2158 2160 2181 2183 2184 2185 
636: 0 2 8 13 15 16 22 26 27 30 31 32 33 38 39 40 41 42 45 47 48 51 52 61 62 64 66 67 68 69 73 80 81 86 92 95 96 104 108 111 113 124 130 131 132 136 142 159 162 164 170 171 173 174 186 190 195 196 198 202 206 207 208 209 212 214 215 216 221 223 228 230 235 236 237 241 242 243 254 255 257 259 262 263 268 274 277 285 287 297 298 308 316 318 321 325 329 333 339 340 342 343 353 356 358 362 364 367 374 377 381 382 386 387 390 391 392 396 397 401 409 413 416 421 422 426 431 437 441 444 446 451 452 453 454 457 461 462 465 467 476 477 486 489 490 493 495 496 497 498 499 509 510 512 514 521 528 530 531 536 542 544 545 546 548 549 556 557 558 560 561 566 571 573 579 581 588 590 593 599 604 606 613 615 616 625 626 630 631 638 639 646 647 651 657 659 660 668 670 676 680 681 682 684 685 686 688 693 695 718 722 724 728 741 745 749 751 753 755 756 763 768 769 772 774 779 780 781 788 789 790 791 795 804 805 806 807 811 813 814 815 816 817 819 820 821 823 827 828 833 834 835 840 842 843 848 850 855 857 858 859 864 867 872 875 876 879 883 889 891 900 907 915 921 922 925 926 932 934 935 936 937 944 945 948 949 953 955 956 957 961 962 964 969 971 974 975 981 983 987 990 994 995 996 1002 1003 1004 1006 1018 1022 1024 1029 1030 1038 1039 1043 1047 1048 1049 1051 1052 1055 1057 1061 1068 1069 1075 1081 1083 1087 1088 1091 1095 1097 1098 1099 1110 1114 1116 1117 1119 1120 1125 1128 1129 1132 1133 1140 1141 1144 1148 1150 1156 1157 1158 1160 1161 1162 1164 1167 1169 1171 1172 1176 1183 1185 1186 1189 1191 1192 1196 1200 1202 1208 1209 1211 1213 1219 1220 1228 1230 1231 1237 1240 1242 1243 1245 1247 1249 1253 1256 1264 1276 1282 1285 1291 1293 1294 1298 1305 1306 1307 1323 1325 1348 1358 1364 1371 1372 1388 1395 1407 1415 1417 1419 1421 1428 1429 1430 1432 1443 1446 1447 1451 1454 1460 1461 1463 1465 1468 1472 1474 1476 1483 1499 1502 1507 1512 1513 1515 1523 1525 1532 1533 1538 1541 1543 1555 1557 1558 1563 1566 1570 1571 1574 1576 1579 1585 1588 1594 1595 1597 1600 1604 1605 1606 1613 1616 1617 1621 1626 1632 1633 1635 1638 1639 1640 1641 1642 1646 1648 1650 1652 1660 1662 1664 1665 1670 1677 1678 1679 1680 1685 1687 1689 1695 1697 1699 1702 1710 1712 1713 1714 1716 1717 1720 1721 1724 1726 1727 1734 1735 1742 1743 1746 1753 1754 1762 1763 1766 1772 1774 1777 1778 1781 1786 1788 1789 1792 1797 1806 1811 1815 1817 1818 1819 1820 1829 1832 1833 1834 1835 1836 1840 1842 1843 1847 1849 1852 1855 1859 1864 1870 1872 1873 1874 1876 1879 1883 1885 1889 1890 1891 1897 1900 1902 1904 1907 1914 1915 1920 1923 1924 1925 1928 1942 1945 1950 1955 1965 1968 1978 1986 1993 1994 1996 2003 2005 2009 2010 2011 2012 2021 2022 2025 2028 2029 2040 2043 2046 2055 2061 2067 2068 2069 2071 2072 2074 2075 2077 2078 2079 2087 2096 2099 2103 2106 2110 2116 2127 2143 2148 2152 2153 2160 2162 2165 2168 2170 2171 2173 2175 2177 2180 2184 2185 
670: 2 10 14 17 28 29 31 35 36 45 46 48 49 52 55 59 62 64 68 69 73 74 80 83 85 88 93 94 98 99 105 113 116 117 123 124 127 129 134 137 141 149 154 156 157 165 168 170 172 173 178 179 185 189 191 194 196 197 201 203 204 210 217 222 224 225 233 239 241 246 251 254 265 267 272 276 279 283 285 288 291 292 296 303 306 311 312 315 318 320 325 328 335 341 342 348 353 354 356 357 363 365 366 375 377 385 392 395 396 397 399 402 410 414 416 420 425 426 429 435 442 445 446 447 449 450 451 458 460 461 466 468 473 479 480 483 486 488 489 492 493 496 499 514 517 520 521 522 527 529 530 532 533 535 537 540 542 546 553 554 557 559 560 561 565 567 574 575 578 579 581 584 585 586 587 591 593 595 602 606 608 609 610 617 620 623 624 625 630 632 637 638 639 650 651 657 662 666 670 672 674 675 676 680 684 688 692 695 697 701 703 713 716 717 718 720 722 723 728 729 742 746 747 749 751 752 755 759 763 764 768 773 774 775 780 781 782 790 791 793 796 800 806 808 813 815 818 822 827 837 841 842 843 846 865 868 873 876 883 887 888 889 890 891 899 904 905 911 913 915 916 917 918 919 920 921 930 931 933 934 937 942 945 949 950 951 953 955 957 959 970 971 972 973 982 984 996 1006 1008 1010 1011 1012 1014 1020 1024 1035 1041 1044 1045 1046 1053 1055 1056 1060 1065 1068 1069 1070 1072 1073 1078 1079 1086 1094 1095 1097 1098 1099 1101 1103 1106 1110 1123 1135 1138 1140 1144 1148 1149 1150 1152 1154 1155 1158 1159 1160 1161 1172 1175 1179 1188 1190 1191 1194 1196 1198 1200 1203 1204 1212 1216 1217 1218 1219 1221 1224 1225 1233 1235 1236 1239 1240 1246 1251 1259 1260 1261 1267 1274 1275 1277 1281 1282 1285 1286 1300 1309 1313 1314 1316 1317 1320 1321 1326 1327 1331 1332 1335 1342 1343 1345 1346 1350 1353 1354 1356 1358 1359 1362 1363 1366 1371 1373 1375 1385 1387 1389 1393 1395 1397 1405 1406 1408 1411 1412 1418 1419 1420 1428 1429 1435 1436 1440 1443 1450 1465 1466 1468 1469 1477 1478 1483 1487 1491 1493 1494 1502 1503 1504 1506 1510 1530 1531 1534 1535 1538 1539 1541 1542 1545 1548 1550 1554 1555 1558 1559 1560 1563 1564 1566 1567 1571 1573 1574 1577 1581 1583 1589 1594 1595 1599 1600 1601 1602 1604 1608 1613 1631 1633 1635 1645 1652 1654 1655 1657 1660 1663 1667 1674 1677 1680 1681 1689 1695 1698 1710 1712 1720 1728 1729 1731 1733 1738 1747 1748 1749 1752 1753 1755 1756 1757 1758 1759 1762 1763 1765 1772 1773 1777 1778 1781 1788 1791 1792 1793 1795 1796 1797 1805 1807 1808 1809 1814 1825 1826 1828 1831 1836 1841 1845 1851 1852 1861 1863 1870 1882 1883 1888 1893 1896 1897 1901 1903 1904 1905 1907 1913 1915 1923 1925 1926 1929 1931 1932 1933 1935 1936 1943 1946 1948 1949 1951 1952 1957 1959 1960 1962 1964 1965 1971 1977 1978 1980 1982 1984 1988 1991 1994 1996 1998 1999 2000 2007 2011 2012 2019 2022 2032 2033 2034 2035 2037 2039 2040 2045 2046 2052 2053 2054 2055 2059 2060 2063 2064 2065 2066 2068 2073 2074 2077 2079 2082 2083 2084 2086 2089 2090 2092 2094 2097 2098 2099 2100 2104 2105 2107 2110 2111 2116 2122 2124 2127 2128 2139 2140 2142 2143 2144 2151 2152 2153 2156 2158 2159 2170 2171 2173 2176 2182 2185 
643: 5 7 9 10 11 13 16 22 23 27 31 33 38 40 47 50 51 52 54 56 57 58 59 62 63 67 69 71 76 79 80 84 89 97 99 101 109 110 112 113 116 123 125 126 127 129 131 133 134 137 142 144 147 148 151 152 157 160 162 163 169 173 174 178 179 182 186 189 190 199 200 201 205 210 212 223 227 228 232 233 236 238 239 242 243 245 250 251 258 261 267 269 270 271 274 275 277 278 282 284 286 293 294 296 305 306 316 320 322 325 327 339 340 341 347 350 355 358 359 360 366 372 375 376 379 384 389 394 395 398 401 404 405 406 407 415 419 422 423 427 428 433 436 438 440 448 451 454 455 456 458 461 467 472 473 476 482 484 486 492 494 496 497 501 512 515 517 524 531 532 533 534 535 536 537 539 542 545 550 552 555 567 571 572 575 577 582 590 599 602 603 604 605 608 609 611 613 615 622 624 625 629 630 632 641 649 654 655 659 661 664 667 672 674 676 677 679 681 685 687 688 692 694 695 696 698 699 705 714 719 720 721 724 728 731 734 739 742 743 748 757 760 764 766 767 769 770 772 779 780 783 786 787 790 800 802 803 809 816 817 825 828 833 836 838 849 852 854 855 856 857 859 861 864 865 871 876 879 884 889 890 891 899 901 902 903 904 907 910 918 919 922 924 927 933 935 938 941 942 944 950 953 954 956 958 960 964 976 977 985 987 988 989 990 991 993 994 995 999 1005 1006 1015 1016 1024 1025 1033 1034 1038 1039 1041 1043 1044 1048 1053 1059 1062 1063 1073 1082 1083 1085 1086 1095 1096 1105 1106 1114 1115 1119 1121 1131 1139 1142 1145 1152 1153 1154 1155 1156 1165 1166 1173 1174 1176 1178 1189 1191 1192 1193 1194 1197 1200 1204 1206 1207 1208 1211 1214 1218 1220 1223 1225 1240 1248 1249 1251 1252 1257 1258 1265 1266 1274 1279 1293 1296 1300 1303 1309 1310 1316 1320 1321 1322 1323 1328 1330 1333 1335 1336 1341 1343 1358 1359 1361 1363 1368 1369 1376 1384 1392 1393 1394 1400 1406 1407 1408 1413 1414 1416 1423 1424 1427 1428 1436 1441 1447 1450 1452 1454 1458 1460 1466 1469 1478 1480 1482 1483 1489 1491 1492 1501 1506 1509 1512 1519 1522 1523 1529 1535 1536 1538 1539 1541 1543 1544 1546 1551 1564 1575 1576 1581 1583 1584 1586 1589 1601 1611 1617 1618 1619 1620 1622 1623 1625 1630 1635 1636 1638 1640 1644 1649 1651 1656 1657 1658 1660 1661 1667 1669 1670 1671 1672 1681 1682 1694 1695 1705 1706 1708 1710 1720 1725 1727 1732 1736 1741 1742 1747 1748 1749 1752 1755 1761 1762 1764 1775 1781 1782 1784 1786 1789 1797 1799 1803 1804 1808 1809 1813 1814 1816 1818 1819 1820 1826 1828 1829 1833 1836 1837 1842 1846 1848 1851 1853 1858 1862 1866 1870 1872 1876 1878 1885 1886 1888 1894 1895 1903 1905 1907 1911 1922 1923 1925 1933 1934 1938 1939 1941 1944 1946 1947 1951 1953 1954 1956 1964 1966 1967 1968 1970 1972 1976 1978 1980 1990 1992 1995 1999 2000 2004 2009 2011 2016 2020 2021 2022 2027 2038 2039 2043 2046 2048 2050 2059 2062 2066 2070 2071 2075 2081 2085 2089 2095 2096 2097 2098 2104 2106 2108 2125 2128 2129 2130 2134 2146 2157 2159 2161 2164 2169 2175 2183 2186 
659: 1 4 6 7 8 11 19 23 26 30 31 32 40 46 53 58 59 60 64 65 69 71 75 78 81 84 85 86 90 97 100 104 106 107 109 111 114 117 119 122 124 125 126 128 131 132 135 138 139 140 144 146 152 156 162 165 167 169 171 176 183 185 187 193 197 205 209 210 214 217 219 224 230 233 238 245 252 257 260 262 265 269 270 271 273 274 279 286 287 294 295 299 301 305 309 314 316 323 328 330 332 333 338 340 343 344 353 356 364 365 366 372 374 379 383 384 386 387 389 390 393 406 407 411 412 419 433 434 440 461 468 470 477 480 481 483 484 487 489 490 492 493 496 497 499 500 505 513 517 520 527 528 530 536 539 541 545 548 550 554 555 561 562 563 564 574 576 579 582 583 584 585 586 589 590 591 594 599 601 604 609 611 613 615 618 619 620 624 626 634 635 639 643 646 651 655 665 667 669 683 684 685 687 689 691 693 694 700 704 706 712 714 718 719 721 722 731 734 735 737 746 750 751 754 759 760 763 773 774 782 789 797 798 801 803 804 806 808 811 817 818 821 822 825 829 833 836 838 839 842 843 846 856 858 862 863 867 869 876 877 878 881 886 887 893 895 899 900 902 907 910 911 914 915 918 923 932 941 945 947 949 953 957 958 963 965 970 972 976 978 981 986 987 991 993 997 1002 1004 1009 1013 1014 1017 1018 1021 1024 1030 1031 1032 1033 1036 1051 1053 1054 1056 1065 1070 1071 1078 1096 1099 1100 1103 1106 1109 1110 1111 1112 1113 1118 1121 1123 1133 1135 1138 1144 1147 1148 1151 1152 1156 1158 1165 1166 1172 1177 1180 1181 1183 1185 1186 1190 1191 1192 1193 1194 1196 1203 1205 1207 1209 1215 1223 1226 1227 1230 1236 1238 1241 1256 1268 1270 1273 1279 1288 1298 1299 1306 1309 1310 1318 1322 1323 1324 1326 1331 1332 1337 1344 1346 1358 1360 1363 1366 1367 1369 1372 1373 1377 1383 1386 1387 1398 1400 1402 1414 1416 1419 1420 1422 1426 1427 1431 1432 1433 1435 1436 1439 1441 1446 1454 1459 1460 1461 1463 1469 1471 1473 1475 1476 1477 1482 1488 1490 1492 1493 1495 1496 1507 1508 1512 1521 1522 1526 1528 1530 1532 1536 1537 1547 1548 1550 1554 1559 1562 1563 1569 1572 1574 1582 1583 1585 1586 1587 1592 1595 1598 1602 1608 1609 1611 1613 1615 1617 1618 1619 1622 1623 1627 1631 1636 1642 1647 1648 1652 1653 1654 1655 1656 1659 1661 1667 1671 1672 1674 1676 1678 1679 1681 1683 1684 1685 1688 1694 1696 1698 1699 1702 1704 1706 1710 1713 1715 1716 1720 1724 1725 1730 1731 1733 1734 1736 1740 1741 1746 1751 1752 1753 1755 1757 1760 1761 1763 1767 1768 1769 1771 1773 1777 1779 1791 1799 1801 1803 1809 1810 1818 1820 1821 1825 1828 1830 1831 1834 1835 1848 1857 1858 1862 1864 1871 1873 1875 1879 1881 1884 1886 1891 1892 1896 1898 1902 1904 1908 1909 1920 1922 1925 1929 1932 1933 1935 1940 1941 1945 1946 1950 1953 1954 1958 1961 1964 1971 1973 1981 1982 1983 1986 1987 1993 1995 1998 1999 2006 2007 2010 2011 2013 2014 2019 2020 2028 2032 2035 2038 2039 2042 2043 2045 2047 2049 2050 2052 2059 2061 2062 2066 2068 2073 2077 2083 2085 2090 2093 2099 2101 2102 2104 2106 2107 2108 2109 2113 2114 2119 2122 2125 2134 2135 2137 2147 2149 2154 2156 2163 2170 2172 2175 2177 2184 
656: 14 16 17 19 26 28 34 36 37 40 46 48 50 54 57 58 65 72 74 76 80 81 83 86 90 92 93 96 100 109 112 113 116 117 121 126 127 134 141 147 149 150 152 155 163 165 169 170 172 174 177 179 180 184 186 190 192 194 201 204 205 207 209 216 221 222 229 230 234 239 257 259 260 263 266 268 269 270 276 278 280 281 285 291 295 296 297 300 303 305 308 309 310 311 312 314 315 316 323 324 326 328 331 333 334 338 340 341 343 361 363 364 365 367 368 372 378 380 384 385 386 387 391 393 396 397 400 410 418 419 421 422 426 428 432 435 437 439 443 445 446 448 454 455 456 460 467 470 480 482 484 494 495 496 499 500 502 507 514 519 522 527 528 532 535 540 541 542 544 549 550 552 555 556 557 558 560 561 562 563 564 565 566 569 574 581 582 584 586 587 589 591 593 595 600 602 603 608 612 614 616 619 625 626 635 637 638 639 643 644 645 648 655 661 668 672 674 675 678 681 685 689 690 696 704 705 719 721 724 726 727 733 734 745 748 754 757 759 760 763 767 770 771 774 777 778 782 783 784 786 787 790 801 805 808 812 818 823 826 834 837 840 847 852 854 856 860 863 865 868 869 872 873 881 884 885 889 891 893 894 896 901 902 906 909 915 916 917 922 930 934 935 936 938 939 947 948 950 953 959 962 971 975 985 986 987 989 990 992 998 1001 1002 1005 1006 1011 1017 1019 1024 1025 1026 1028 1035 1041 1047 1048 1049 1050 1055 1064 1067 1072 1073 1075 1080 1082 1083 1084 1092 1098 1103 1105 1114 1117 1118 1119 1126 1128 1129 1136 1139 1140 1145 1146 1147 1148 1149 1151 1159 1161 1162 1164 1181 1183 1189 1190 1193 1195 1196 1198 1199 1202 1203 1209 1210 1211 1212 1214 1216 1220 1221 1223 1225 1228 1239 1240 1244 1247 1251 1253 1259 1267 1271 1276 1278 1279 1282 1283 1284 1286 1290 1295 1299 1310 1312 1314 1318 1325 1327 1330 1341 1347 1348 1349 1351 1354 1355 1358 1359 1360 1361 1362 1367 1372 1378 1385 1386 1393 1397 1399 1404 1405 1409 1413 1423 1426 1428 1430 1431 1436 1441 1454 1466 1470 1477 1479 1481 1482 1483 1489 1493 1495 1499 1507 1510 1515 1516 1517 1518 1520 1521 1522 1529 1530 1532 1537 1550 1562 1567 1569 1570 1575 1576 1578 1586 1598 1600 1603 1604 1606 1608 1612 1616 1618 1626 1627 1629 1631 1632 1635 1637 1646 1647 1649 1651 1655 1664 1669 1670 1671 1672 1675 1678 1679 1680 1682 1683 1687 1690 1695 1698 1701 1702 1704 1705 1707 1710 1714 1716 1717 1718 1719 1722 1729 1730 1731 1733 1734 1736 1738 1742 1750 1751 1759 1760 1761 1771 1775 1776 1785 1788 1790 1797 1800 1805 1806 1807 1808 1809 1814 1819 1822 1826 1827 1829 1832 1837 1838 1844 1850 1851 1855 1856 1859 1861 1864 1865 1866 1867 1868 1869 1875 1878 1886 1890 1892 1893 1897 1899 1904 1906 1908 1915 1916 1921 1923 1924 1932 1934 1935 1936 1937 1940 1942 1945 1948 1950 1951 1954 1956 1958 1970 1973 1976 1978 1981 1984 1985 1988 1990 1996 1997 2004 2005 2007 2008 2012 2015 2019 2024 2029 2044 2048 2061 2063 2065 2068 2072 2073 2076 2080 2089 2091 2094 2100 2103 2105 2107 2111 2115 2122 2125 2128 2130 2132 2136 2143 2145 2149 2154 2157 2164 2168 2169 2173 2184 2185 
640: 7 8 10 14 17 20 23 24 29 33 38 40 45 52 53 55 59 62 63 66 69 73 77 82 84 87 91 96 101 107 109 110 112 114 118 119 122 123 124 129 140 149 152 153 154 156 163 176 178 181 184 187 191 206 207 208 209 210 214 216 219 224 226 227 229 230 234 238 239 246 248 249 250 252 253 256 262 268 269 273 274 278 279 283 286 289 290 293 295 303 304 316 317 321 322 328 337 341 343 352 353 366 367 369 370 372 373 375 376 383 393 394 404 407 409 412 413 417 420 422 426 429 432 438 443 454 455 457 458 465 470 475 480 489 490 501 502 508 510 511 512 513 517 524 529 531 535 537 541 542 543 545 551 552 555 574 576 579 582 584 591 593 597 601 603 613 616 617 618 625 626 627 633 636 637 640 641 643 651 654 655 660 661 663 664 666 667 675 678 687 689 691 698 699 701 702 704 705 707 709 712 714 719 729 731 738 742 748 751 752 754 756 758 759 760 767 769 776 780 783 788 789 802 803 813 814 818 819 821 822 827 830 831 832 833 834 841 842 847 848 849 850 853 854 855 857 858 860 861 867 869 872 876 885 898 903 905 912 913 916 919 921 922 933 934 936 937 939 946 948 949 960 961 963 964 966 967 969 971 977 978 981 982 983 993 996 1002 1008 1011 1012 1017 1025 1028 1032 1033 1035 1039 1040 1042 1043 1048 1049 1060 1061 1063 1065 1073 1074 1076 1077 1079 1080 1082 1086 1087 1093 1100 1102 1103 1105 1114 1120 1123 1130 1131 1133 1136 1141 1143 1144 1145 1147 1148 1149 1151 1153 1154 1155 1157 1163 1164 1168 1170 1172 1173 1175 1177 1180 1185 1193 1196 1199 1203 1215 1216 1222 1224 1226 1227 1233 1234 1238 1239 1241 1247 1255 1256 1258 1259 1264 1267 1270 1273 1274 1279 1281 1284 1286 1288 1291 1299 1300 1304 1320 1324 1325 1328 1331 1332 1337 1338 1339 1340 1343 1345 1347 1348 1352 1359 1361 1364 1365 1368 1370 1371 1374 1375 1378 1379 1383 1384 1386 1389 1390 1395 1401 1402 1407 1410 1411 1419 1422 1423 1435 1439 1443 1444 1445 1448 1452 1458 1460 1463 1464 1467 1468 1472 1484 1485 1488 1500 1503 1506 1508 1509 1514 1521 1525 1529 1531 1533 1538 1540 1541 1550 1554 1557 1559 1562 1563 1564 1566 1572 1580 1583 1586 1589 1591 1592 1602 1603 1609 1614 1615 1616 1620 1621 1623 1626 1632 1634 1637 1638 1642 1645 1649 1674 1675 1676 1677 1680 1682 1689 1690 1692 1696 1698 1701 1715 1718 1719 1722 1724 1726 1730 1734 1735 1736 1740 1745 1748 1757 1760 1761 1766 1775 1777 1783 1787 1788 1790 1793 1795 1799 1803 1807 1808 1810 1811 1818 1819 1823 1825 1828 1833 1834 1836 1844 1845 1854 1856 1860 1863 1864 1867 1869 1875 1876 1877 1879 1881 1882 1884 1885 1890 1891 1897 1899 1902 1905 1906 1907 1909 1910 1914 1916 1918 1920 1927 1931 1932 1934 1938 1945 1954 1955 1959 1960 1961 1969 1976 1981 1982 1992 1993 1995 2013 2019 2025 2028 2031 2032 2038 2043 2047 2048 2050 2052 2060 2065 2071 2076 2078 2080 2084 2085 2086 2087 2088 2092 2097 2099 2105 2106 2114 2115 2116 2118 2120 2124 2126 2128 2129 2130 2131 2136 2142 2143 2148 2151 2154 2158 2164 2166 2168 2170 2174 2179 2180 2185 
671: 1 6 9 17 18 20 21 26 31 32 34 37 42 47 51 58 62 63 68 69 71 72 75 76 79 80 82 85 86 87 89 91 94 96 102 104 107 114 115 120 124 128 130 131 133 134 136 139 140 141 147 149 153 159 163 169 170 171 173 174 184 185 187 188 189 198 202 207 210 215 217 222 233 237 242 246 251 254 255 258 262 264 265 268 269 274 275 278 286 289 290 292 295 300 301 303 304 306 307 308 312 313 317 319 327 330 332 333 336 341 342 344 345 353 354 359 360 363 366 367 368 370 372 375 377 383 384 390 396 398 408 409 413 417 419 422 424 425 430 434 436 440 446 448 450 452 453 454 456 462 464 468 469 472 474 476 478 481 482 483 484 486 490 497 501 503 504 506 510 513 515 517 519 524 528 531 534 536 541 543 544 546 549 553 554 556 563 565 570 577 578 581 583 584 585 589 591 592 593 598 599 601 607 608 613 620 621 622 623 624 628 632 642 643 646 647 648 650 665 667 668 673 674 676 677 684 686 687 691 692 695 698 699 704 705 706 709 711 714 715 723 732 744 749 750 751 753 757 760 761 763 764 768 770 771 774 780 786 793 795 801 804 821 823 828 837 851 855 860 862 863 868 873 876 884 890 894 901 902 904 905 906 909 915 918 919 921 924 937 941 948 951 958 961 966 967 968 973 975 980 982 984 992 996 997 1000 1001 1006 1012 1014 1016 1018 1021 1028 1032 1037 1039 1041 1044 1046 1048 1051 1055 1056 1062 1066 1069 1070 1071 1072 1074 1076 1079 1080 1081 1088 1092 1094 1096 1098 1105 1108 1112 1127 1132 1138 1141 1144 1147 1148 1149 1152 1158 1160 1167 1169 1180 1181 1184 1189 1190 1191 1192 1195 1196 1199 1202 1203 1204 1209 1210 1216 1220 1223 1224 1227 1230 1232 1234 1240 1242 1244 1246 1247 1249 1252 1253 1259 1261 1264 1265 1270 1275 1276 1277 1281 1284 1287 1289 1294 1295 1296 1299 1300 1305 1317 1319 1320 1325 1326 1328 1348 1351 1358 1363 1365 1368 1376 1378 1379 1380 1384 1385 1389 1391 1392 1401 1404 1413 1414 1418 1420 1423 1424 1425 1428 1429 1430 1432 1433 1438 1439 1446 1450 1470 1478 1479 1482 1487 1488 1492 1494 1497 1498 1500 1502 1505 1511 1513 1515 1517 1518 1519 1525 1526 1527 1540 1542 1547 1550 1551 1553 1557 1559 1561 1562 1563 1566 1569 1574 1575 1584 1586 1589 1590 1591 1593 1601 1605 1610 1615 1618 1619 1621 1625 1628 1632 1633 1636 1637 1638 1639 1643 1645 1654 1656 1657 1661 1664 1669 1671 1672 1673 1679 1682 1683 1686 1687 1690 1696 1697 1699 1705 1708 1710 1711 1717 1718 1720 1722 1727 1728 1729 1732 1736 1742 1743 1747 1758 1761 1763 1767 1775 1780 1781 1782 1786 1791 1794 1797 1800 1801 1803 1804 1807 1809 1810 1811 1813 1814 1823 1824 1826 1827 1828 1831 1833 1834 1835 1836 1843 1847 1848 1849 1854 1855 1857 1858 1862 1866 1867 1868 1873 1877 1879 1881 1885 1889 1893 1894 1897 1902 1904 1910 1912 1922 1925 1930 1931 1932 1934 1944 1946 1947 1948 1955 1956 1957 1959 1962 1967 1968 1969 1973 1974 1978 1991 1994 2002 2004 2008 2012 2019 2021 2023 2024 2027 2032 2033 2040 2051 2052 2054 2066 2072 2077 2078 2082 2083 2086 2089 2094 2097 2101 2106 2109 2110 2112 2113 2114 2117 2124 2125 2126 2137 2139 2140 2143 2149 2154 2157 2168 2170 2172 2173 2175 2176 2180 2182 2184 2185 
665: 8 13 14 18 24 26 27 33 37 40 41 42 48 50 53 58 62 65 69 70 72 73 74 78 79 81 84 85 88 93 98 102 104 105 106 107 110 111 112 113 120 129 131 132 133 134 139 141 142 145 147 148 149 157 159 164 177 179 180 182 192 193 194 196 198 200 201 202 207 210 211 214 218 219 229 235 238 241 247 250 257 262 264 269 270 272 274 275 279 280 284 285 292 296 297 299 301 302 306 307 313 315 316 321 322 323 324 331 339 343 346 347 352 355 356 358 362 367 376 377 379 381 382 386 388 389 390 396 397 398 399 400 401 404 406 409 411 413 423 427 430 432 433 435 436 438 439 444 446 449 456 457 464 468 469 471 477 489 493 500 501 502 506 511 515 528 531 532 533 538 546 547 556 557 558 564 575 577 583 585 589 593 594 596 598 600 602 605 611 614 615 618 620 621 633 634 636 638 645 653 655 656 658 661 663 666 672 673 682 687 692 696 704 707 711 714 716 719 722 728 729 730 734 735 743 744 750 751 753 758 761 770 773 774 780 783 784 789 790 791 794 806 809 812 813 818 819 826 830 833 836 844 846 847 851 852 853 856 861 862 864 867 868 874 876 882 887 892 900 905 912 915 917 926 927 930 937 942 945 946 949 950 954 957 958 963 965 978 980 983 985 987 996 1001 1002 1004 1005 1006 1011 1014 1018 1020 1031 1034 1035 1039 1040 1041 1045 1046 1048 1052 1060 1063 1071 1075 1078 1084 1085 1086 1092 1095 1099 1100 1101 1105 1111 1112 1113 1114 1121 1133 1145 1152 1156 1157 1164 1166 1167 1171 1173 1174 1176 1177 1179 1180 1185 1190 1192 1193 1197 1202 1203 1204 1205 1207 1209 1219 1221 1222 1225 1228 1229 1230 1233 1235 1236 1237 1242 1243 1245 1247 1248 1250 1251 1252 1258 1259 1260 1261 1266 1271 1273 1279 1282 1283 1288 1301 1320 1323 1324 1326 1338 1342 1344 1347 1348 1349 1350 1351 1356 1359 1362 1367 1370 1371 1376 1380 1382 1383 1390 1393 1395 1404 1406 1407 1408 1409 1410 1411 1413 1422 1431 1433 1437 1438 1441 1442 1445 1446 1449 1450 1451 1455 1456 1457 1462 1463 1470 1475 1476 1480 1486 1487 1491 1492 1493 1495 1499 1502 1503 1517 1518 1519 1521 1522 1524 1525 1527 1533 1535 1536 1541 1549 1551 1552 1554 1559 1561 1564 1568 1569 1573 1576 1579 1586 1592 1594 1595 1596 1604 1606 1607 1609 1610 1611 1613 1616 1620 1623 1625 1627 1628 1632 1633 1634 1635 1644 1647 1651 1652 1655 1664 1668 1670 1671 1672 1676 1680 1682 1683 1694 1708 1711 1712 1714 1715 1717 1719 1720 1723 1726 1737 1739 1741 1742 1748 1760 1761 1763 1764 1765 1769 1770 1772 1773 1778 1789 1790 1792 1795 1798 1799 1800 1801 1803 1804 1805 1810 1812 1813 1816 1826 1829 1830 1833 1834 1837 1839 1840 1842 1844 1848 1859 1861 1863 1864 1866 1868 1870 1871 1878 1886 1887 1888 1899 1904 1910 1912 1914 1915 1917 1922 1927 1929 1935 1936 1937 1941 1943 1944 1946 1956 1958 1968 1969 1971 1976 1978 1983 1987 1990 2000 2001 2003 2005 2008 2009 2010 2011 2013 2017 2018 2020 2021 2023 2025 2029 2033 2034 2035 2038 2039 2041 2043 2044 2052 2057 2059 2060 2064 2070 2073 2074 2082 2084 2088 2095 2096 2098 2100 2101 2103 2110 2112 2113 2122 2130 2133 2135 2137 2139 2141 2142 2146 2150 2151 2153 2156 2160 2162 2163 2165 2172 2174 
634: 7 11 12 13 19 21 24 26 30 32 35 36 44 50 62 63 71 72 74 78 79 80 82 84 88 95 97 99 100 106 109 110 115 118 129 135 141 143 145 147 148 150 156 158 169 171 178 180 181 183 184 186 193 194 196 202 212 214 217 220 225 228 229 230 231 237 238 241 255 264 265 271 274 275 277 278 280 282 291 298 299 304 307 309 310 316 318 324 325 328 329 332 335 336 346 349 352 356 360 363 365 370 371 373 377 379 380 387 392 395 400 408 411 415 418 425 426 427 433 436 438 441 443 445 446 448 451 453 456 459 461 466 467 479 483 487 489 494 497 504 505 513 514 517 518 521 524 526 527 530 531 538 540 551 552 555 556 559 564 566 567 569 570 571 572 579 581 585 586 587 588 589 590 599 609 618 627 632 633 637 639 640 642 645 652 653 666 669 670 673 680 682 684 696 697 699 702 703 708 710 716 718 720 725 727 728 730 732 736 738 739 741 742 748 751 759 760 761 762 764 766 767 770 774 775 776 778 779 781 788 791 795 796 799 803 809 811 824 826 827 829 833 838 841 843 847 853 856 857 858 860 862 864 872 876 877 882 887 889 892 894 895 896 897 900 901 922 924 925 926 934 936 941 942 950 953 954 956 957 965 971 972 973 994 995 996 1013 1014 1018 1019 1023 1028 1029 1030 1033 1034 1036 1041 1042 1051 1053 1058 1062 1070 1071 1074 1078 1079 1082 1085 1086 1088 1095 1096 1097 1100 1104 1113 1114 1116 1118 1119 1124 1130 1132 1134 1138 1139 1142 1149 1150 1157 1160 1163 1167 1168 1169 1172 1177 1179 1182 1185 1187 1193 1195 1200 1202 1211 1212 1213 1215 1218 1224 1228 1230 1231 1234 1235 1236 1238 1241 1243 1245 1247 1248 1253 1255 1256 1257 1258 1260 1264 1267 1269 1272 1273 1284 1285 1288 1293 1300 1301 1302 1306 1314 1319 1321 1323 1324 1325 1330 1331 1332 1334 1337 1345 1347 1349 1352 1353 1355 1357 1363 1371 1374 1380 1386 1392 1397 1401 1405 1410 1412 1413 1414 1416 1432 1434 1435 1439 1444 1446 1448 1449 1455 1456 1457 1461 1464 1468 1470 1473 1477 1495 1497 1504 1506 1507 1511 1513 1514 1521 1524 1525 1527 1532 1537 1538 1540 1541 1546 1547 1566 1569 1571 1572 1574 1575 1576 1582 1583 1585 1587 1592 1596 1597 1601 1604 1614 1619 1620 1622 1633 1634 1642 1649 1652 1654 1656 1658 1662 1664 1669 1670 1678 1682 1683 1685 1694 1695 1696 1698 1699 1704 1705 1715 1716 1722 1723 1726 1731 1733 1734 1735 1740 1741 1743 1745 1747 1754 1756 1758 1759 1760 1764 1770 1776 1779 1780 1786 1790 1793 1795 1801 1803 1807 1808 1811 1813 1814 1819 1820 1821 1828 1834 1842 1844 1853 1855 1856 1867 1874 1876 1878 1881 1889 1890 1894 1901 1903 1905 1908 1910 1911 1912 1913 1915 1921 1927 1929 1930 1934 1938 1939 1943 1944 1945 1947 1948 1951 1952 1953 1955 1957 1958 1959 1960 1965 1967 1973 1974 1975 1980 1984 1987 1989 1990 1995 1997 2005 2010 2014 2021 2022 2023 2028 2033 2041 2048 2055 2063 2065 2066 2079 2080 2088 2091 2092 2095 2096 2103 2108 2111 2112 2114 2115 2125 2127 2131 2132 2136 2142 2147 2151 2159 2165 2167 2171 2172 2175 2177 2178 2180 2181 
685: 4 11 13 22 29 33 34 36 37 39 61 65 67 68 69 71 73 74 75 85 86 87 88 98 102 106 107 118 119 121 122 125 126 127 138 142 143 148 150 152 156 159 163 164 166 170 180 181 184 188 190 195 197 200 201 209 211 212 213 214 216 219 222 224 226 228 229 231 234 250 255 256 257 266 267 270 272 274 275 276 277 278 280 282 285 287 291 293 300 302 304 308 309 315 316 319 322 327 328 330 331 333 334 335 336 338 340 341 346 348 356 365 369 375 382 387 388 390 393 395 401 402 403 404 405 406 407 408 409 414 415 420 421 422 424 428 430 432 433 435 437 439 440 447 450 453 458 462 467 469 475 482 485 489 490 492 501 507 508 510 512 515 518 523 528 529 530 537 542 549 558 559 561 566 567 568 569 571 574 576 583 586 589 593 595 596 597 598 607 609 612 614 616 618 622 627 628 631 632 638 640 641 644 645 650 654 655 657 658 665 668 669 676 677 683 690 692 695 696 703 704 708 714 718 719 724 725 726 727 729 731 732 733 739 740 744 745 746 749 750 757 760 761 763 764 765 767 768 769 772 776 777 782 785 790 791 793 794 799 800 802 805 807 811 812 816 819 820 821 822 824 832 838 839 842 846 851 853 854 856 859 862 864 865 867 872 875 878 880 885 887 888 895 897 907 912 913 914 918 926 929 936 938 941 951 958 959 965 969 970 971 976 984 988 989 993 994 996 997 999 1000 1001 1003 1005 1013 1014 1018 1023 1026 1030 1035 1037 1043 1047 1048 1050 1052 1058 1059 1060 1061 1063 1066 1070 1073 1074 1077 1086 1087 1089 1090 1092 1095 1097 1099 1105 1108 1118 1120 1121 1125 1130 1133 1136 1137 1138 1139 1140 1141 1143 1145 1149 1151 1157 1159 1161 1162 1163 1168 1173 1177 1178 1180 1184 1185 1187 1190 1192 1195 1197 1198 1199 1200 1203 1205 1218 1220 1223 1224 1229 1231 1233 1235 1237 1238 1243 1247 1250 1252 1253 1262 1267 1268 1271 1272 1275 1279 1290 1298 1301 1308 1310 1312 1317 1322 1324 1326 1328 1329 1331 1332 1334 1335 1338 1339 1357 1363 1364 1368 1370 1372 1373 1374 1375 1380 1382 1383 1385 1387 1388 1389 1390 1392 1393 1394 1396 1399 1401 1402 1404 1406 1409 1410 1411 1418 1419 1422 1429 1433 1434 1435 1439 1442 1446 1449 1452 1453 1457 1459 1466 1469 1471 1474 1479 1485 1487 1488 1490 1493 1494 1498 1501 1502 1510 1514 1520 1525 1527 1531 1534 1535 1536 1538 1543 1545 1546 1549 1551 1560 1561 1570 1572 1580 1588 1589 1590 1592 1593 1596 1597 1600 1602 1606 1608 1609 1612 1613 1620 1621 1623 1624 1634 1637 1642 1644 1645 1647 1648 1649 1651 1653 1661 1663 1672 1675 1682 1689 1692 1695 1697 1698 1699 1700 1719 1724 1725 1726 1727 1730 1735 1739 1746 1748 1750 1751 1755 1757 1759 1765 1769 1772 1773 1777 1782 1783 1787 1796 1802 1803 1806 1807 1808 1816 1818 1821 1824 1826 1827 1835 1839 1843 1844 1846 1850 1853 1858 1861 1862 1863 1867 1868 1871 1872 1874 1880 1883 1884 1886 1888 1891 1897 1898 1905 1907 1913 1914 1916 1929 1932 1935 1937 1938 1942 1943 1946 1948 1955 1959 1974 1975 1977 1982 1983 1985 1988 1994 1995 2008 2011 2012 2015 2016 2017 2021 2022 2027 2029 2030 2031 2032 2047 2056 2062 2063 2065 2068 2073 2074 2088 2090 2092 2098 2106 2111 2112 2123 2130 2138 2139 2141 2145 2146 2148 2156 2157 2159 2160 2161 2167 2171 2173 2178 2179 2180 2181 
671: 0 3 4 6 13 16 24 25 27 28 30 31 33 37 38 39 41 42 44 49 51 55 59 61 65 70 75 81 86 94 97 104 115 116 121 123 124 126 130 132 133 142 143 149 150 152 157 162 165 178 179 186 187 191 196 198 206 214 216 217 218 219 223 224 226 230 231 235 237 239 241 243 245 250 252 254 255 257 261 263 264 265 268 271 275 281 283 285 288 289 291 295 296 297 298 300 303 306 307 309 311 314 318 323 327 335 339 341 343 352 353 355 358 359 363 368 373 374 376 377 381 382 383 387 390 391 392 393 395 396 401 407 408 409 410 419 420 422 425 429 432 434 436 438 439 441 451 457 460 461 470 471 472 477 479 481 485 490 491 499 501 505 507 509 513 517 520 522 526 527 536 537 539 541 547 548 551 553 557 561 562 564 565 574 575 576 577 581 586 590 592 593 595 602 607 611 613 619 626 627 630 636 639 641 642 643 644 646 647 648 651 654 656 657 662 663 664 670 671 676 677 691 692 700 701 709 710 711 712 713 717 718 720 721 724 725 726 727 729 730 731 732 733 734 737 738 742 746 747 752 757 762 768 770 772 777 780 782 787 793 794 796 798 801 803 804 808 809 810 812 821 822 825 826 834 835 839 849 850 856 858 859 864 869 870 880 884 885 888 892 895 896 901 902 905 908 909 910 914 917 919 920 922 925 928 931 933 937 941 943 945 949 950 951 956 959 964 981 983 984 988 992 993 996 997 1002 1003 1004 1006 1007 1009 1020 1021 1027 1028 1029 1033 1035 1040 1041 1046 1050 1053 1055 1057 1058 1059 1064 1066 1068 1069 1075 1076 1077 1079 1083 1085 1086 1093 1098 1102 1106 1113 1115 1118 1119 1120 1123 1124 1130 1143 1147 1148 1149 1151 1161 1164 1168 1170 1172 1173 1178 1179 1182 1191 1195 1197 1198 1201 1203 1206 1208 1217 1218 1222 1226 1235 1246 1251 1252 1257 1258 1261 1262 1266 1273 1274 1277 1282 1287 1289 1292 1293 1295 1298 1302 1305 1306 1310 1314 1315 1316 1321 1322 1328 1336 1337 1339 1342 1345 1346 1349 1350 1354 1355 1359 1360 1369 1375 1380 1381 1382 1386 1395 1396 1403 1405 1406 1408 1411 1413 1419 1421 1425 1432 1434 1436 1437 1438 1448 1449 1451 1454 1469 1470 1478 1483 1487 1494 1496 1501 1502 1504 1505 1507 1509 1510 1513 1517 1521 1522 1529 1530 1537 1541 1546 1547 1549 1550 1559 1560 1563 1564 1568 1575 1577 1580 1583 1585 1587 1588 1592 1593 1601 1602 1609 1621 1628 1633 1644 1646 1651 1652 1654 1656 1659 1666 1669 1670 1672 1673 1684 1685 1686 1691 1693 1704 1705 1708 1710 1711 1715 1722 1723 1724 1726 1729 1730 1739 1740 1743 1752 1762 1768 1769 1776 1782 1784 1786 1787 1790 1793 1795 1796 1797 1799 1800 1803 1814 1815 1816 1817 1819 1820 1821 1825 1828 1846 1848 1855 1859 1865 1866 1874 1876 1879 1883 1884 1887 1889 1892 1896 1906 1912 1913 1916 1918 1928 1930 1933 1934 1943 1944 1946 1952 1953 1962 1971 1975 1976 1986 1993 1995 1996 1997 2001 2003 2006 2011 2012 2013 2015 2017 2018 2021 2023 2025 2027 2029 2032 2034 2037 2039 2043 2049 2053 2055 2060 2064 2065 2066 2067 2068 2072 2075 2076 2087 2088 2095 2101 2106 2108 2109 2114 2118 2119 2120 2123 2125 2126 2134 2139 2140 2141 2143 2145 2147 2149 2150 2152 2156 2159 2167 2169 2171 2173 2174 2175 2180 2183 2184 
634: 8 9 11 15 16 19 23 27 30 35 36 53 55 56 58 59 60 62 63 67 68 81 84 94 101 102 103 107 110 112 118 122 124 135 139 141 142 144 146 152 153 154 155 156 157 158 159 160 163 166 167 170 173 174 178 182 184 185 191 197 199 205 223 227 230 234 235 237 240 246 250 263 267 269 272 279 287 288 295 297 303 305 307 310 312 313 318 325 326 333 337 342 347 348 349 353 356 359 361 364 365 368 371 374 375 379 382 383 387 393 398 406 409 415 416 417 418 420 421 422 424 429 432 434 438 439 440 441 444 448 449 450 451 453 458 460 466 468 469 470 480 485 486 495 502 505 517 521 524 526 531 535 541 547 548 549 558 559 561 566 567 568 573 577 578 586 587 588 592 597 598 600 607 612 618 619 625 626 628 632 636 640 646 649 653 654 657 662 666 668 670 679 690 692 694 711 718 724 729 730 735 742 745 747 756 764 765 767 770 776 779 783 788 789 798 802 804 806 814 815 816 819 825 826 831 833 835 840 841 852 853 858 868 869 870 873 876 877 880 881 882 884 885 889 895 901 902 906 912 913 917 922 929 930 932 934 936 938 939 941 944 945 946 949 954 955 956 958 960 962 963 964 968 970 971 974 975 980 983 985 988 991 995 996 997 1003 1004 1006 1007 1008 1017 1020 1022 1023 1026 1030 1031 1037 1041 1043 1047 1048 1053 1056 1059 1065 1067 1069 1070 1075 1077 1080 1081 1085 1089 1095 1096 1097 1098 1099 1102 1105 1111 1118 1119 1127 1128 1133 1136 1141 1144 1147 1155 1159 1160 1163 1167 1170 1174 1180 1181 1182 1183 1185 1188 1192 1195 1199 1201 1205 1207 1209 1212 1213 1216 1219 1231 1237 1239 1243 1250 1252 1255 1259 1263 1264 1266 1271 1280 1281 1283 1287 1289 1293 1294 1297 1302 1304 1305 1309 1312 1313 1314 1315 1317 1324 1331 1332 1338 1341 1348 1355 1363 1364 1366 1371 1373 1379 1386 1387 1389 1390 1393 1399 1402 1403 1404 1405 1407 1416 1418 1430 1433 1434 1435 1441 1448 1454 1459 1464 1468 1472 1474 1475 1480 1481 1482 1506 1507 1508 1509 1510 1511 1514 1521 1522 1525 1526 1528 1536 1539 1541 1547 1551 1552 1553 1554 1561 1567 1569 1574 1576 1577 1579 1592 1594 1595 1596 1597 1604 1605 1615 1623 1625 1629 1632 1633 1634 1636 1641 1643 1647 1651 1659 1662 1664 1666 1668 1669 1671 1673 1681 1682 1686 1690 1692 1694 1698 1700 1705 1707 1709 1712 1716 1717 1719 1720 1721 1724 1725 1728 1729 1731 1733 1737 1741 1743 1745 1747 1748 1750 1753 1758 1760 1763 1766 1768 1776 1777 1778 1784 1785 1788 1791 1792 1797 1803 1805 1806 1812 1815 1818 1819 1820 1821 1823 1824 1826 1830 1834 1837 1849 1853 1854 1857 1862 1864 1865 1866 1868 1875 1876 1879 1882 1883 1890 1892 1895 1898 1900 1901 1909 1916 1919 1920 1923 1924 1931 1936 1941 1944 1945 1951 1957 1959 1960 1965 1966 1967 1970 1978 1980 1983 1985 1987 1989 1992 1997 2000 2001 2003 2010 2015 2018 2020 2027 2033 2034 2038 2041 2046 2048 2049 2058 2063 2064 2071 2075 2077 2080 2084 2086 2090 2094 2095 2100 2102 2106 2118 2121 2122 2137 2143 2154 2160 2163 2165 2166 2171 2172 2174 2182 2184 2185 
690: 8 11 14 16 17 24 26 27 28 30 33 38 41 43 44 45 55 56 57 60 63 66 73 78 79 82 83 90 93 103 119 120 122 126 128 130 134 135 138 139 142 144 146 151 152 163 166 168 170 171 174 176 177 178 184 185 192 194 195 198 202 205 207 208 209 210 215 218 220 224 225 229 231 233 234 238 245 249 251 253 260 261 264 267 270 273 276 278 280 283 288 290 291 298 302 307 312 316 317 319 322 323 324 326 327 329 340 344 347 350 362 364 365 366 367 368 371 373 374 378 379 381 384 386 387 389 396 397 398 402 414 415 416 417 419 420 421 423 425 426 427 430 433 444 448 452 454 455 461 473 474 476 477 478 480 485 487 492 493 495 496 498 507 508 511 513 515 516 517 518 520 522 523 525 527 530 532 534 535 536 540 546 548 555 558 565 569 573 582 588 589 591 593 598 602 605 609 612 613 618 619 620 623 625 631 634 638 639 650 651 656 657 658 659 664 666 675 677 681 686 689 690 691 697 701 707 708 710 713 716 717 718 722 723 724 729 731 732 735 736 737 739 740 742 743 745 748 749 750 763 764 766 767 784 785 789 792 793 794 797 804 809 813 816 817 818 820 821 823 824 825 828 831 834 835 836 841 842 847 849 852 855 867 874 878 880 882 883 885 894 896 904 911 912 915 917 918 923 924 940 942 943 947 950 952 955 957 958 961 963 965 966 969 972 978 981 984 985 986 988 989 994 996 1001 1004 1008 1010 1012 1014 1015 1023 1024 1027 1029 1031 1033 1036 1043 1051 1052 1056 1057 1060 1063 1064 1065 1067 1069 1082 1086 1087 1089 1090 1094 1097 1101 1105 1107 1114 1116 1120 1126 1127 1128 1130 1137 1142 1143 1145 1146 1149 1159 1161 1165 1167 1173 1174 1180 1181 1183 1185 1188 1190 1198 1199 1202 1203 1205 1206 1211 1214 1222 1226 1236 1238 1240 1245 1250 1257 1262 1264 1265 1266 1269 1272 1273 1275 1276 1281 1282 1288 1290 1295 1298 1300 1308 1309 1314 1316 1319 1320 1323 1327 1330 1332 1333 1335 1336 1338 1339 1343 1349 1351 1353 1364 1365 1370 1372 1389 1391 1392 1393 1394 1403 1405 1412 1416 1417 1422 1426 1427 1428 1429 1432 1433 1435 1436 1437 1440 1441 1442 1443 1449 1453 1457 1463 1465 1466 1468 1470 1478 1479 1480 1486 1491 1493 1505 1506 1513 1515 1516 1517 1519 1520 1521 1523 1531 1533 1535 1536 1537 1542 1545 1546 1548 1552 1555 1560 1565 1566 1568 1572 1573 1575 1576 1578 1579 1581 1587 1588 1589 1594 1602 1604 1605 1607 1610 1618 1619 1622 1626 1628 1629 1630 1632 1637 1641 1644 1645 1648 1649 1650 1653 1654 1656 1660 1662 1664 1666 1667 1668 1669 1671 1679 1685 1687 1693 1698 1701 1702 1703 1708 1712 1713 1714 1715 1718 1720 1723 1727 1732 1737 1740 1744 1745 1751 1753 1755 1759 1760 1763 1764 1765 1766 1770 1772 1773 1774 1788 1799 1802 1804 1806 1812 1818 1822 1823 1824 1825 1830 1832 1833 1835 1838 1842 1843 1845 1851 1856 1859 1860 1863 1869 1874 1875 1877 1883 1885 1886 1889 1898 1899 1907 1912 1913 1915 1917 1920 1921 1923 1929 1938 1943 1947 1948 1950 1957 1961 1963 1970 1971 1975 1979 1982 1991 1993 1996 1999 2000 2002 2008 2009 2012 2018 2020 2021 2023 2024 2025 2027 2028 2031 2037 2040 2042 2043 2046 2047 2058 2061 2065 2072 2077 2078 2080 2083 2087 2090 2091 2095 2099 2102 2105 2106 2119 2130 2131 2135 2145 2146 2149 2155 2168 2169 2170 2172 2175 2176 2180 2185 
684: 0 7 10 11 13 16 17 19 21 23 25 26 31 32 33 35 36 44 47 50 51 52 54 58 59 64 66 68 74 76 81 82 83 84 88 89 91 93 95 101 104 108 112 113 115 116 118 120 123 128 130 132 133 143 150 154 157 160 161 169 175 176 178 179 185 190 195 198 206 209 215 216 218 220 221 222 232 235 239 240 244 245 249 252 255 257 261 266 267 273 275 278 280 283 286 288 289 290 297 304 307 311 318 322 332 335 337 344 345 346 348 349 351 354 359 362 363 369 370 372 375 380 385 386 392 398 401 408 410 411 412 413 418 420 421 422 425 428 432 435 436 445 446 447 451 452 455 456 461 463 464 469 472 473 476 479 481 485 487 489 491 493 494 497 500 501 503 504 518 537 538 539 543 548 549 564 565 566 568 571 575 577 578 581 582 583 584 585 586 589 590 593 594 595 596 599 608 612 614 615 616 618 620 623 624 626 628 630 631 632 633 643 645 646 648 649 655 657 658 662 664 668 671 672 675 688 692 693 696 700 702 704 710 711 714 716 725 735 743 746 748 752 753 758 759 760 761 762 769 772 776 780 781 789 796 798 800 805 807 814 817 818 819 820 823 827 829 837 838 846 850 853 857 859 867 874 877 879 880 882 883 885 888 889 901 907 909 910 912 916 920 921 934 935 940 941 948 952 956 961 968 970 972 973 974 975 984 985 986 989 993 997 1000 1006 1007 1008 1009 1011 1013 1014 1027 1028 1034 1036 1041 1043 1047 1053 1057 1059 1060 1067 1068 1069 1070 1072 1076 1079 1083 1085 1087 1089 1091 1099 1101 1104 1105 1107 1110 1111 1113 1114 1117 1118 1122 1128 1130 1140 1142 1143 1146 1148 1149 1152 1158 1174 1177 1180 1189 1192 1204 1207 1216 1222 1223 1224 1228 1237 1247 1253 1257 1258 1260 1261 1267 1271 1273 1274 1278 1279 1284 1285 1296 1298 1301 1309 1310 1319 1320 1321 1323 1324 1325 1328 1329 1333 1340 1347 1350 1354 1355 1364 1365 1368 1369 1373 1374 1375 1377 1379 1381 1384 1385 1388 1392 1396 1399 1401 1420 1425 1427 1428 1429 1430 1432 1443 1446 1449 1451 1453 1454 1455 1456 1458 1461 1464 1466 1469 1470 1476 1478 1479 1483 1484 1485 1487 1495 1498 1505 1506 1510 1511 1515 1517 1518 1519 1520 1521 1526 1531 1541 1542 1545 1548 1549 1551 1553 1554 1556 1561 1565 1575 1578 1582 1584 1586 1587 1596 1603 1604 1605 1607 1609 1611 1612 1614 1617 1620 1621 1624 1625 1626 1627 1630 1631 1636 1640 1641 1642 1643 1647 1652 1658 1660 1664 1665 1666 1671 1672 1673 1675 1676 1679 1680 1684 1690 1694 1700 1702 1703 1709 1712 1717 1718 1722 1723 1732 1734 1742 1747 1751 1754 1758 1767 1769 1770 1772 1779 1780 1781 1783 1784 1785 1786 1789 1794 1795 1802 1803 1806 1807 1808 1809 1814 1815 1818 1819 1825 1828 1829 1831 1833 1834 1838 1844 1845 1848 1849 1851 1852 1853 1858 1859 1860 1862 1869 1872 1873 1875 1896 1906 1907 1911 1916 1917 1918 1919 1923 1925 1928 1929 1932 1934 1940 1946 1951 1955 1960 1961 1964 1966 1969 1976 1977 1981 1983 1986 1987 1989 1992 1997 2002 2007 2010 2011 2016 2019 2020 2021 2022 2023 2025 2031 2034 2035 2038 2040 2041 2042 2045 2053 2062 2066 2067 2069 2070 2073 2074 2076 2079 2083 2086 2088 2089 2090 2091 2095 2107 2116 2117 2119 2120 2122 2125 2133 2136 2140 2141 2142 2145 2146 2147 2152 2154 2160 2162 2164 2165 2166 2167 2168 2180 2182 2186 
Days = 28
Shift constraints
8 24
8 20
4 24
0 28
4 24
4 5
true
true
Forbidden sequences = 2
3 1 
2 3 

