# Randomly generated data for the integrated task scheduling and personnel rostering problem, skilling=0,300 and tightness=0,900 seed=120960
Tasks = 2171
825 907 15
826 869 19
855 995 1
475 547 22
474 551 1
465 602 5
825 919 22
825 916 23
630 728 9
832 905 10
832 904 26
843 917 24
825 960 19
831 909 26
825 891 19
466 574 14
631 744 5
487 568 17
468 551 16
636 727 25
630 684 19
632 722 9
826 884 18
633 691 23
825 910 24
659 762 7
465 512 8
632 710 2
497 569 18
632 693 22
642 695 15
467 526 9
466 601 9
833 906 22
630 693 25
827 869 27
831 956 16
837 941 13
630 714 13
631 691 7
633 706 25
637 729 13
744 834 5
465 571 5
475 536 13
630 686 15
638 717 6
828 864 19
699 777 22
630 682 1
476 594 4
828 934 0
630 744 10
465 552 17
473 533 7
466 535 6
746 810 10
826 897 3
826 950 10
846 903 25
466 517 12
632 714 18
465 540 11
832 886 26
500 587 0
466 544 23
465 559 0
554 677 1
630 714 3
630 701 8
465 541 3
825 951 10
843 931 26
466 512 2
465 561 19
825 881 23
632 697 4
635 760 23
465 507 21
630 708 11
465 511 7
638 748 0
827 897 3
630 690 24
825 925 23
718 767 3
641 709 23
631 681 1
632 691 22
825 910 17
937 1034 0
465 552 21
829 940 0
636 696 9
512 594 7
515 646 2
630 758 7
635 727 11
636 704 27
467 558 18
834 951 20
540 630 13
845 885 9
825 945 1
465 523 24
696 772 9
633 732 4
465 574 4
472 614 24
827 936 8
632 700 18
465 504 27
828 900 17
635 739 16
632 755 21
710 777 4
630 714 20
925 1010 23
650 748 6
634 698 5
722 809 6
714 789 13
953 1028 0
634 693 1
830 893 1
789 891 13
698 778 25
961 1036 19
631 696 12
825 874 8
631 728 16
831 937 16
640 758 26
633 731 24
826 892 9
826 930 13
827 935 24
919 996 22
1030 1098 0
703 805 18
931 1009 13
465 511 20
825 904 18
716 809 20
838 940 5
546 662 23
636 712 6
630 727 4
776 863 7
723 827 9
635 700 20
1028 1106 13
630 735 0
826 919 27
812 891 20
940 1027 5
652 748 2
939 1021 16
655 717 27
694 751 23
630 675 19
825 905 20
632 692 5
468 559 22
891 956 13
826 954 13
630 719 5
512 604 8
469 578 20
825 859 9
701 755 8
701 800 20
616 707 24
825 933 22
630 674 6
833 925 21
843 907 26
831 941 12
838 889 6
826 906 23
906 975 18
468 582 17
825 926 21
825 935 8
675 764 19
905 983 20
867 959 19
467 525 17
901 982 17
630 725 13
825 877 12
476 554 0
934 1040 22
812 947 10
555 623 16
643 700 8
685 765 1
630 694 17
727 870 4
480 584 4
713 775 6
826 871 27
825 897 2
830 885 14
921 1000 23
750 835 6
983 1083 20
1028 1132 5
653 703 3
827 894 2
726 784 13
559 595 0
832 910 7
580 675 4
900 972 9
583 673 20
466 589 7
474 577 18
957 1050 13
832 905 25
465 544 25
597 696 4
1050 1130 13
825 891 5
465 536 22
776 880 6
505 646 27
917 1020 22
469 597 11
633 666 10
588 671 18
477 561 0
826 900 8
633 755 10
675 704 20
825 932 20
935 975 8
707 816 12
825 911 10
646 745 22
486 624 2
476 576 15
870 956 19
581 634 12
517 587 17
524 573 24
1010 1079 13
630 712 16
903 1007 1
825 940 19
631 710 6
995 1124 1
769 849 26
468 543 5
956 1027 20
905 995 14
498 545 24
636 757 16
477 579 13
958 1047 24
929 1012 21
465 538 14
918 1047 7
1083 1136 20
833 933 24
475 537 20
612 750 8
828 913 27
634 664 25
466 497 4
630 738 11
723 783 27
632 723 15
710 768 23
907 981 25
878 934 12
703 783 8
751 825 23
1059 1152 20
637 712 16
825 898 7
825 916 9
471 532 22
631 676 1
632 767 5
476 551 24
465 571 26
471 593 7
921 1019 15
736 779 0
835 962 6
631 738 19
632 719 9
573 648 24
962 1033 19
826 935 16
825 887 1
842 966 3
630 701 8
766 829 1
767 843 16
465 568 22
892 986 19
785 872 13
806 887 20
513 597 20
729 764 9
888 975 9
733 810 16
841 944 0
602 661 5
535 651 4
637 732 7
755 847 10
896 969 26
469 556 18
707 780 20
637 706 25
875 934 4
844 895 16
811 943 18
670 737 10
814 873 6
544 604 25
707 772 25
466 549 15
569 639 18
825 884 5
825 902 11
465 547 11
465 538 12
472 543 4
470 579 6
636 689 18
656 751 18
568 629 22
770 895 3
630 766 1
780 860 25
773 815 25
1010 1102 23
827 897 14
837 885 21
642 686 11
469 579 1
756 834 8
921 1020 10
698 811 1
682 800 1
1034 1159 0
548 597 22
684 757 23
578 673 15
752 864 18
538 623 12
600 645 11
825 902 21
825 904 25
604 724 25
777 889 22
906 985 25
465 529 13
630 710 6
826 899 17
556 621 4
1002 1095 23
465 597 26
705 781 5
545 593 20
874 979 6
634 738 23
676 737 4
537 661 22
465 524 17
644 685 17
633 731 2
558 627 18
595 671 7
867 943 18
952 1060 10
825 922 16
466 603 11
982 1110 25
886 991 5
935 996 24
825 938 11
572 657 26
630 691 10
465 541 2
825 911 26
469 533 11
886 976 23
721 773 18
835 922 17
653 721 3
916 996 9
861 961 25
472 611 9
905 1040 26
630 666 16
829 920 14
759 869 7
1103 1223 23
646 788 27
1135 1256 1
829 912 14
825 899 16
941 1014 13
633 700 23
623 689 12
764 875 21
489 569 14
750 817 27
540 630 13
595 666 20
749 815 2
952 1017 10
468 516 26
831 892 18
666 794 20
717 805 15
832 957 14
831 893 16
472 536 4
635 681 11
956 1036 16
636 702 15
595 693 0
484 572 2
873 973 27
697 765 4
483 558 6
739 807 19
467 576 8
630 716 12
876 929 8
892 958 20
846 950 23
937 1025 12
825 918 19
539 621 7
722 769 9
631 728 17
922 1053 16
827 896 9
921 1056 19
632 711 13
712 792 25
988 1120 18
830 903 9
849 954 15
636 759 12
955 1076 15
641 718 27
468 551 3
633 712 10
466 515 26
921 966 27
836 901 27
831 938 5
892 984 5
1015 1127 21
674 767 15
606 672 22
897 1031 3
693 734 5
524 613 17
750 824 24
764 814 9
467 544 20
887 959 1
541 596 14
853 911 14
826 919 6
642 761 26
831 962 20
1028 1116 22
827 898 20
890 985 18
840 920 6
834 920 10
733 843 4
825 942 6
916 1038 23
1121 1152 22
937 999 8
825 943 26
587 720 17
1046 1096 26
836 883 13
796 905 20
690 772 24
650 686 14
801 909 23
835 901 8
630 704 19
873 917 10
536 612 4
979 1099 9
1079 1172 13
545 581 4
835 936 11
902 963 27
471 553 16
769 885 23
630 701 24
793 842 26
906 1018 3
1039 1102 19
614 724 17
913 987 17
774 860 9
930 1001 27
526 664 9
728 831 11
762 810 8
987 1041 25
825 902 7
632 686 21
637 715 14
541 611 6
626 705 16
661 758 5
766 836 22
630 762 25
1163 1235 0
825 926 8
813 891 1
813 938 19
634 737 20
774 820 9
737 835 5
721 859 6
508 547 7
987 1120 19
767 877 5
859 925 9
544 618 11
1048 1178 22
911 985 14
825 915 5
780 834 20
712 802 6
942 1032 11
867 944 7
828 896 14
996 1082 22
539 605 21
635 680 26
960 1033 1
691 762 10
963 1058 27
633 711 13
840 923 19
831 929 9
708 791 11
465 547 11
682 755 26
957 1035 19
718 841 23
991 1056 5
905 988 21
688 806 11
598 642 20
669 742 7
946 1050 7
854 954 13
978 1023 9
947 1037 0
907 952 20
631 688 4
786 873 27
1111 1169 25
630 718 14
499 594 8
662 767 22
535 635 11
631 697 27
933 1031 17
899 987 7
740 804 20
1172 1273 13
637 724 11
925 985 9
811 883 20
851 981 26
955 1071 19
1032 1117 17
665 743 9
844 951 23
983 1101 23
749 856 2
1042 1159 15
521 612 26
580 654 6
1051 1142 24
1049 1139 25
639 699 13
696 775 17
470 588 12
825 946 17
722 802 17
831 868 22
985 1064 9
744 808 11
646 735 11
825 934 0
632 701 2
897 1030 2
519 614 26
686 788 21
825 915 17
590 653 12
832 943 6
630 750 22
896 1000 16
576 643 14
945 1012 1
945 1015 18
909 955 16
925 1000 14
691 813 7
811 888 8
987 1017 7
531 587 12
1037 1096 19
803 859 6
716 772 16
902 984 11
689 774 12
694 814 18
902 1025 8
711 764 19
471 538 3
693 812 0
1163 1267 22
763 805 23
465 551 0
990 1069 18
863 968 2
773 830 19
871 984 7
859 934 22
982 1065 6
991 1097 5
814 869 9
630 685 4
918 1006 26
1096 1151 23
467 581 0
825 937 10
897 929 3
927 978 6
674 774 6
626 753 2
1049 1142 7
825 965 17
1062 1137 27
548 661 11
622 759 7
673 757 7
580 697 1
775 858 12
975 1056 8
621 687 4
631 697 15
1001 1099 14
613 670 14
1157 1209 20
659 755 26
633 738 25
1064 1130 7
896 973 9
563 670 0
761 842 12
719 763 14
537 634 22
997 1106 24
615 734 26
825 969 23
753 818 22
775 844 17
774 877 6
968 1078 17
584 645 8
837 948 20
730 777 25
556 630 3
776 844 18
878 961 5
470 608 24
1173 1229 25
597 663 26
1098 1204 26
1127 1231 21
640 736 11
482 612 10
491 533 21
467 555 23
812 914 16
655 769 12
791 874 21
646 753 27
982 1049 26
849 906 10
792 898 25
970 1051 6
468 564 8
630 747 27
534 629 21
758 845 2
932 979 8
911 990 26
972 1008 26
723 779 5
880 914 6
905 1013 16
733 807 11
915 943 16
701 765 27
879 947 6
913 992 26
827 945 16
687 718 19
889 987 20
772 866 24
573 667 24
991 1070 14
575 645 2
850 950 2
685 740 4
636 708 15
677 776 18
668 738 16
688 774 4
829 930 16
1015 1081 18
1131 1268 13
541 609 2
738 866 11
661 762 11
477 527 21
1122 1197 18
551 595 20
826 921 8
1110 1193 14
828 933 22
845 926 17
827 944 2
582 635 0
1098 1184 5
949 1054 6
630 697 27
788 825 5
829 898 15
1232 1269 25
764 883 14
807 900 17
712 780 2
1089 1226 17
966 1046 16
785 819 25
763 803 10
1082 1155 22
1051 1136 6
996 1041 9
497 607 13
967 1006 14
737 842 7
995 1113 26
826 892 9
1057 1139 26
987 1084 17
722 775 27
1104 1152 19
908 972 10
827 945 15
740 831 10
467 506 5
1022 1106 16
1050 1099 16
821 890 18
981 1039 8
663 706 26
757 824 26
857 911 2
927 971 8
1198 1257 18
845 927 18
757 852 16
697 817 15
468 587 8
905 970 17
646 691 20
710 806 14
467 570 13
945 1004 2
565 688 7
1021 1141 3
1000 1123 8
646 735 21
614 700 4
839 968 13
761 818 7
800 945 1
652 783 2
665 795 25
715 848 16
833 923 21
605 724 11
1034 1125 3
991 1048 7
1041 1154 9
913 997 2
634 686 4
672 735 14
847 895 11
915 978 17
718 818 14
1022 1086 10
835 919 9
854 954 16
1017 1060 7
751 806 22
588 672 13
1124 1211 8
703 743 4
465 522 21
986 1107 23
1007 1102 2
849 904 4
970 1081 2
897 1003 18
475 587 1
708 795 24
735 769 26
746 876 9
886 983 21
829 956 1
1155 1192 22
678 744 1
764 859 0
978 1079 17
1160 1224 7
465 584 3
465 561 3
565 639 19
746 843 1
717 781 10
601 657 1
569 678 21
926 993 6
1103 1219 2
769 831 15
631 693 10
1035 1146 16
1068 1132 6
481 583 24
802 862 24
809 873 22
1011 1060 26
681 761 11
777 882 18
631 679 2
989 1031 21
744 777 7
865 932 6
835 951 10
784 898 5
609 656 24
829 922 25
653 692 8
711 808 2
774 838 4
1035 1107 19
943 999 12
480 554 12
695 781 4
866 952 24
702 746 12
550 632 15
1064 1134 9
808 910 2
631 688 15
693 787 15
1149 1264 16
707 752 1
934 967 0
816 861 7
1213 1267 20
879 982 22
945 1008 1
651 727 24
568 648 22
1136 1249 20
679 726 13
1123 1189 19
702 831 21
1249 1275 20
636 741 15
792 911 2
913 1009 2
974 1030 10
857 946 16
636 767 0
900 964 14
633 720 15
724 771 25
782 844 0
465 584 3
469 570 22
516 628 4
863 948 24
916 974 5
762 830 25
1008 1083 1
807 869 14
753 836 7
909 991 4
1027 1138 8
805 872 10
924 1005 8
465 575 14
952 1040 24
592 681 7
1134 1206 9
466 557 4
644 744 14
610 654 2
1000 1131 12
680 741 2
597 683 12
706 751 26
940 1011 19
872 982 10
1054 1138 6
1146 1273 3
1011 1109 27
733 809 13
820 921 25
795 917 25
1080 1150 17
660 734 1
702 816 24
736 793 16
585 655 3
1108 1187 16
791 819 11
656 783 6
833 912 11
911 988 24
830 874 10
465 589 4
656 751 6
1056 1184 19
587 699 13
857 915 19
921 1020 20
1072 1107 18
467 535 16
921 967 14
631 746 18
888 983 20
740 840 11
757 870 7
764 892 11
762 839 26
825 932 24
986 1090 22
817 943 15
1060 1119 7
1030 1077 10
690 735 15
771 825 25
924 974 19
831 976 1
702 778 13
921 1029 10
543 612 3
705 816 3
1010 1081 6
988 1069 17
915 953 8
465 569 1
940 1019 11
586 681 4
721 797 15
812 898 0
1040 1103 24
1007 1071 8
1004 1123 2
702 784 27
1073 1128 17
465 529 21
569 609 1
736 818 14
910 970 2
1109 1190 23
930 998 21
668 762 24
740 835 4
947 1012 16
1053 1105 16
555 638 16
1111 1166 27
912 972 14
967 1066 20
982 1105 14
1066 1137 10
552 608 17
987 1087 20
720 806 12
1056 1097 8
1011 1091 26
947 1041 15
943 1017 26
971 1030 8
528 670 17
983 1085 22
869 932 9
995 1033 20
467 539 20
677 749 22
718 831 13
466 547 26
1041 1173 15
544 653 5
632 702 13
762 822 11
956 1020 1
830 920 25
875 953 22
974 1069 27
618 710 3
1045 1115 23
738 863 4
936 1008 25
694 804 12
905 982 8
822 886 24
1042 1142 16
874 950 11
705 743 13
825 917 23
709 779 15
1078 1146 27
1117 1257 26
783 866 4
1125 1168 3
838 916 4
550 648 11
530 598 21
467 598 19
604 702 21
1113 1165 18
843 932 7
986 1096 11
702 825 23
919 1001 9
860 952 9
891 976 1
799 916 15
937 1045 20
943 1061 6
1033 1168 8
1034 1108 1
861 970 0
915 979 6
465 567 17
873 914 7
784 844 16
884 951 18
917 1020 23
968 1062 25
1032 1127 21
750 835 2
816 950 3
549 643 26
1155 1226 9
1046 1097 20
811 884 13
1085 1210 17
1001 1096 16
575 639 22
650 765 8
752 879 4
630 727 21
1107 1191 14
1006 1136 18
480 569 8
745 855 14
465 502 27
1198 1272 14
934 1041 9
981 1065 6
1039 1112 8
953 1024 10
631 688 21
827 923 19
926 1046 19
777 911 27
1011 1063 14
835 912 4
947 1041 17
825 923 23
689 800 21
741 834 15
657 782 3
1040 1137 10
1002 1073 21
1015 1137 25
884 954 4
943 1056 16
635 715 20
1068 1137 25
1030 1124 2
858 954 14
841 907 2
951 988 3
642 701 12
1179 1274 22
509 548 5
757 880 27
1146 1271 16
1106 1199 16
621 713 14
870 916 27
705 791 10
786 850 27
1109 1239 1
692 752 20
863 908 26
571 677 6
934 1060 9
701 824 8
961 1082 5
800 869 21
782 832 15
505 568 17
1040 1138 20
594 714 8
1168 1274 8
716 779 20
879 992 10
595 677 17
673 764 11
1065 1143 26
1108 1201 19
858 954 12
1040 1091 0
952 1091 16
1168 1274 3
1063 1116 6
1041 1139 17
788 845 15
638 758 21
652 763 3
1151 1274 17
944 1050 15
981 1058 13
860 964 6
782 854 20
792 909 27
758 787 5
1098 1168 20
935 1057 22
918 1004 4
1061 1138 22
754 855 20
572 685 0
1137 1212 17
920 992 13
979 1044 6
1236 1269 0
892 954 11
730 803 3
693 771 22
818 863 14
1186 1274 19
829 939 15
618 700 24
474 540 3
984 1055 1
952 1045 10
465 537 6
1032 1176 10
771 829 23
1072 1122 8
659 766 16
1031 1096 12
598 691 20
569 635 8
1213 1270 8
1065 1151 14
932 975 3
748 861 27
979 1085 19
1124 1226 2
763 830 24
913 1026 9
757 831 26
901 978 11
834 898 23
972 1090 2
789 852 0
956 997 15
1083 1140 1
837 923 15
997 1056 8
852 927 23
856 906 20
898 954 0
1016 1074 11
857 952 1
865 966 27
1082 1131 15
1032 1091 20
1087 1138 20
618 707 17
898 996 5
718 785 15
831 897 26
1073 1167 14
506 594 27
651 763 12
755 843 13
789 900 2
581 650 17
768 860 1
654 738 2
727 849 13
993 1043 10
697 786 17
839 929 5
909 1031 27
1090 1141 19
825 919 5
975 1026 9
1146 1270 10
937 1073 5
871 937 21
886 953 26
559 649 4
1023 1064 9
601 677 9
1061 1107 13
765 836 4
921 998 25
798 872 17
819 879 12
874 982 27
825 901 25
714 812 13
1036 1138 27
861 969 7
535 583 21
1081 1138 5
1000 1058 15
1017 1086 19
738 830 2
1139 1227 17
1066 1170 6
727 793 8
825 877 24
1097 1162 19
483 545 15
930 1016 23
550 590 5
1037 1100 11
536 635 16
1216 1272 17
508 540 21
985 1055 14
1119 1178 7
1142 1218 27
937 1030 7
828 861 12
894 972 9
922 1043 5
1013 1099 2
793 871 15
1206 1274 26
1152 1274 23
1058 1104 14
846 909 0
537 575 6
674 760 17
889 962 13
810 904 11
868 949 4
549 655 15
984 1071 21
765 864 3
551 614 0
576 674 6
1011 1067 3
749 858 21
983 1065 27
724 820 15
833 908 13
567 688 23
833 889 10
644 682 26
903 960 18
861 944 12
839 878 3
1072 1133 3
939 996 21
1191 1262 23
900 964 25
914 993 23
669 746 15
820 938 11
643 697 22
1106 1140 24
940 1029 5
1055 1141 1
870 952 3
777 881 7
795 866 10
824 907 8
1039 1151 10
1050 1138 15
934 1017 18
1150 1226 26
774 879 21
632 705 19
1061 1133 9
836 920 3
652 728 17
829 929 24
964 1031 26
581 636 5
942 1048 23
835 891 7
909 984 0
659 774 4
769 842 22
1222 1274 27
843 912 22
1130 1257 17
635 688 16
996 1059 14
1055 1120 10
767 850 27
1096 1203 11
726 791 3
1211 1274 17
702 808 21
735 816 1
1169 1273 14
907 954 20
1030 1138 1
689 745 7
824 893 11
926 972 6
1118 1218 6
1033 1139 7
998 1079 25
832 954 24
693 754 17
976 1023 5
824 909 15
854 919 13
1099 1139 2
1045 1117 10
596 676 5
809 861 11
725 824 11
589 645 4
742 816 25
824 924 12
732 831 17
795 879 8
968 1021 27
925 986 19
812 909 14
1059 1138 7
730 824 24
612 679 26
698 781 11
903 1003 26
698 784 1
932 1055 24
871 953 21
912 982 10
843 959 27
1021 1118 27
922 1002 27
1121 1184 10
1069 1171 20
846 963 16
813 893 13
930 1033 21
897 995 11
862 963 20
770 839 26
1178 1274 7
982 1115 10
922 952 13
983 1034 10
653 796 5
705 832 4
1154 1234 19
989 1054 24
542 590 3
1085 1169 6
614 740 0
972 1059 23
860 971 1
952 1019 9
914 953 7
899 996 2
787 893 5
1128 1180 21
868 938 12
863 951 14
556 643 20
796 823 16
881 935 12
910 978 15
655 686 11
1170 1274 20
996 1030 11
1040 1121 23
875 949 21
969 1017 25
1187 1273 6
910 985 26
598 696 0
1175 1231 15
971 1015 1
751 828 15
1124 1190 23
721 772 19
934 1040 26
683 785 26
818 903 25
1052 1137 23
1154 1185 27
873 966 15
651 701 22
1023 1117 13
1082 1163 11
1053 1133 5
1117 1182 10
827 906 11
881 955 8
1079 1139 25
693 759 20
977 1053 3
1104 1192 16
847 963 15
996 1057 2
772 843 22
819 935 14
1190 1266 16
1002 1059 9
693 735 0
1230 1274 26
899 967 13
608 701 17
796 878 4
1059 1134 2
1235 1274 19
1076 1189 21
1227 1274 17
970 1072 27
810 897 12
898 958 17
1047 1102 9
976 1019 0
968 1057 13
885 980 14
963 1043 18
690 740 11
785 870 1
902 974 15
852 968 22
905 951 7
714 768 13
984 1110 3
769 831 12
698 822 1
744 831 0
1055 1173 26
912 975 4
722 809 24
870 951 1
852 964 1
765 872 20
724 830 17
847 952 11
644 715 19
943 1040 24
1191 1274 19
1061 1153 24
1065 1117 9
671 760 0
959 1023 20
546 585 24
1089 1136 19
969 1068 22
720 792 19
575 719 14
937 1021 4
1004 1072 26
679 757 6
982 1092 17
739 799 16
1125 1201 8
1072 1126 19
892 1006 10
895 988 22
656 774 13
931 1039 24
878 940 21
799 883 3
637 705 21
644 760 20
919 1042 13
596 734 21
561 662 3
689 723 16
905 948 2
1056 1133 24
914 1000 25
1024 1152 5
920 1050 23
1000 1081 4
844 933 12
655 704 5
1203 1271 19
522 642 21
850 958 27
975 1046 4
1000 1138 14
705 768 22
970 1055 0
1221 1274 6
1109 1150 14
609 651 1
1142 1215 24
915 971 11
1153 1216 5
984 1063 0
956 1071 13
1063 1138 3
591 635 24
727 798 21
652 732 1
1069 1139 22
570 641 8
833 952 12
776 864 12
938 1030 11
1078 1138 27
557 625 12
603 679 27
643 728 21
1115 1224 10
1155 1266 14
825 915 12
993 1112 13
932 1072 16
991 1075 26
1025 1138 9
1133 1181 24
1122 1189 27
844 914 26
816 945 1
1005 1127 27
879 948 13
658 691 24
1017 1139 1
813 852 21
1090 1215 10
832 881 12
965 1044 6
918 981 27
681 746 27
907 952 11
764 826 20
1104 1209 11
851 982 27
1063 1193 9
1133 1256 17
869 948 0
1065 1168 8
886 978 24
1073 1120 15
744 827 4
964 1051 16
1203 1274 11
1056 1126 24
1097 1210 8
542 623 21
956 1001 13
1023 1133 4
1027 1099 9
884 973 21
951 1034 14
1187 1274 5
724 793 22
958 1062 8
1128 1188 24
728 833 21
677 724 6
755 855 6
1190 1272 24
950 1013 16
1101 1137 16
1206 1275 9
732 834 1
782 892 13
698 800 23
620 763 19
893 951 13
1067 1178 23
835 953 21
829 918 16
952 1002 21
907 1001 8
1196 1271 14
693 759 24
630 689 12
1226 1272 7
884 952 7
1070 1138 0
865 940 11
1107 1157 9
1207 1273 6
1193 1268 9
973 1071 17
1002 1082 21
810 887 5
1113 1225 8
1117 1203 13
920 991 25
621 693 10
634 685 9
804 932 19
1078 1129 27
916 951 15
763 839 17
651 733 4
1220 1270 24
965 1071 20
963 1010 15
723 773 16
1009 1088 13
818 897 11
783 858 3
898 964 4
1044 1175 18
719 785 14
983 1052 27
936 1024 12
1046 1078 4
769 855 19
1069 1135 16
1173 1268 26
847 953 0
1158 1198 12
737 796 21
802 893 16
789 853 27
1233 1269 21
731 823 8
541 604 3
881 977 12
926 1045 15
944 1016 12
603 671 3
1092 1148 22
1022 1134 0
778 811 17
838 954 4
842 917 2
1092 1216 16
833 932 15
1197 1269 23
1073 1114 5
862 952 19
829 945 24
746 858 7
1199 1273 16
912 954 22
1007 1129 10
1013 1098 1
934 1049 6
727 832 6
959 1072 25
941 1035 21
852 953 21
834 908 1
770 852 22
1126 1160 19
1178 1268 19
1152 1196 22
991 1067 19
827 880 20
1036 1139 10
1091 1161 13
960 1054 27
922 978 25
993 1087 25
1007 1074 4
970 1040 13
867 954 7
1024 1082 20
837 919 4
767 860 24
1160 1265 15
832 946 6
676 752 5
938 1013 10
886 944 20
1226 1274 9
1011 1081 1
894 972 23
790 832 16
917 990 12
1005 1046 25
1034 1140 14
1223 1274 23
686 761 9
1025 1129 12
757 822 22
1022 1087 11
588 694 18
1059 1103 13
867 923 10
1044 1139 6
841 950 26
966 1013 1
1053 1138 27
917 1010 2
1059 1104 0
1142 1206 1
985 1080 15
752 849 5
588 709 3
663 735 3
999 1063 21
1196 1273 27
866 947 24
895 954 5
735 778 3
940 1042 12
837 942 16
1161 1261 14
978 1055 15
1182 1226 24
834 918 22
1190 1267 21
915 950 26
1218 1268 10
831 947 24
1142 1266 15
814 906 17
1201 1273 16
1063 1134 16
982 1015 12
773 839 19
1103 1139 13
978 1054 1
906 996 7
705 811 19
955 1058 19
1097 1197 0
710 776 3
810 878 12
982 1060 27
1089 1179 21
1044 1087 16
623 698 21
1220 1266 12
1058 1139 6
999 1071 5
831 880 2
920 998 4
968 1076 15
1027 1135 23
1012 1106 2
711 804 17
934 1031 10
742 807 11
769 830 9
776 889 3
679 766 26
719 823 3
909 1034 11
1123 1188 5
993 1055 22
1083 1204 1
1081 1138 15
1136 1222 2
1051 1125 12
955 1051 12
991 1100 12
753 839 5
811 928 17
1184 1273 21
735 823 4
973 1089 9
702 759 17
1059 1122 12
1059 1138 27
940 982 15
844 946 17
814 937 19
908 954 1
1214 1258 11
1199 1263 0
706 780 21
1099 1166 25
971 1040 11
808 866 23
658 745 26
1030 1072 11
1088 1151 26
1079 1106 5
1209 1269 13
1222 1257 2
998 1138 4
819 946 2
1017 1097 12
1118 1187 9
1210 1275 8
1185 1253 9
1189 1227 5
851 905 15
1228 1273 8
866 947 12
838 947 4
1229 1274 5
1175 1272 8
1172 1266 20
798 862 21
875 918 14
1060 1135 15
1023 1138 1
924 978 16
771 854 1
635 709 8
855 947 6
775 842 13
880 954 2
1032 1118 5
1001 1066 8
873 949 23
1182 1274 23
794 837 22
1039 1146 24
1100 1148 11
853 958 19
1088 1201 2
1193 1274 22
901 954 25
1138 1221 15
1127 1198 12
926 993 17
862 948 6
1035 1138 21
1077 1139 10
713 784 8
786 852 26
849 946 13
850 903 13
1143 1197 19
1108 1201 0
696 785 12
938 1029 19
1156 1259 26
861 951 4
830 954 17
982 1058 15
760 816 17
952 1053 3
849 953 5
1098 1176 1
1060 1139 9
1098 1182 12
1102 1188 12
743 813 15
1125 1198 5
1090 1191 22
1018 1137 15
1055 1137 23
677 780 9
1198 1256 19
1187 1273 27
756 829 8
1078 1139 4
997 1058 17
999 1071 7
862 995 21
1066 1139 8
1087 1138 25
864 950 4
855 954 26
1082 1137 5
774 873 26
774 866 16
1198 1273 22
809 946 11
832 950 15
787 888 11
886 1012 12
1147 1274 24
1072 1200 7
695 762 4
917 1024 10
1176 1274 1
1082 1137 18
1045 1137 26
1146 1230 24
1155 1273 10
866 954 16
1047 1137 15
1014 1076 10
1188 1274 10
1039 1137 10
1117 1244 2
985 1109 24
723 776 21
1020 1125 18
866 946 3
1017 1120 26
1203 1274 7
979 1045 23
1082 1138 20
1062 1193 27
923 979 11
1121 1187 13
903 941 1
970 1034 27
784 877 8
909 1038 13
1213 1268 1
974 1106 6
831 941 9
751 825 26
898 1023 16
735 793 17
1206 1274 2
1079 1148 16
1196 1253 3
763 815 0
883 938 3
778 844 3
1091 1138 2
1111 1182 16
829 916 15
917 994 2
1075 1161 19
1170 1273 25
1003 1138 16
854 953 22
605 723 3
1077 1193 10
1118 1198 23
940 1028 11
994 1105 25
1046 1123 25
1150 1259 16
1201 1268 5
782 898 10
823 950 0
782 882 9
1082 1139 21
1165 1241 19
957 1047 6
1075 1132 21
1079 1168 10
826 908 26
1069 1135 8
1056 1132 1
1199 1274 12
969 1056 7
1058 1139 17
1155 1262 11
1222 1272 15
848 916 23
1209 1274 1
1098 1214 12
1058 1138 19
750 820 18
1099 1138 9
1075 1137 20
890 954 3
1026 1138 12
817 922 17
996 1088 21
1101 1181 0
920 954 12
922 954 17
1044 1120 4
1220 1273 2
1197 1273 22
1228 1274 10
636 700 24
724 853 3
1149 1239 14
1233 1272 24
1043 1127 13
731 864 24
968 1050 12
779 853 11
721 770 0
1088 1139 21
882 950 9
1232 1270 15
887 987 24
899 1029 10
1189 1270 12
1015 1127 12
1138 1182 25
867 949 24
823 952 8
1190 1251 9
1154 1251 24
1081 1134 15
835 897 21
1174 1254 18
845 905 3
1142 1272 13
1036 1122 19
1032 1127 11
1127 1270 6
1072 1139 11
1090 1160 9
827 871 4
1021 1105 23
1216 1273 5
1075 1138 26
1201 1266 23
696 759 18
1062 1099 6
918 963 15
975 1055 11
1021 1116 25
1044 1134 6
1199 1273 27
908 954 26
1201 1274 8
991 1114 3
1038 1127 13
1103 1140 24
965 1045 19
761 796 6
1106 1209 23
1045 1138 11
1031 1104 11
1029 1136 16
880 952 20
705 787 10
1201 1274 0
786 890 14
1056 1129 19
905 954 3
799 890 8
1134 1198 3
891 1005 15
1110 1166 6
857 931 7
825 954 22
1217 1266 16
1001 1044 15
796 855 12
1208 1265 10
1196 1259 10
848 950 17
709 758 4
854 942 5
753 846 26
1099 1147 26
1162 1205 19
1024 1136 16
993 1045 24
1057 1137 7
811 866 10
1120 1235 26
1190 1262 13
1051 1094 12
1071 1139 13
1189 1263 25
740 848 0
884 1000 26
1183 1272 10
1193 1273 27
1206 1274 19
1137 1271 21
893 955 5
878 954 9
1077 1160 14
1105 1215 20
890 954 14
1059 1138 15
1209 1274 23
1226 1275 2
1049 1139 24
1186 1271 12
842 935 18
1074 1139 4
769 863 8
647 761 4
997 1120 14
1051 1135 13
1056 1134 22
867 949 21
713 774 4
902 954 17
854 914 8
787 856 21
1160 1274 9
786 856 13
1060 1134 15
829 950 18
879 946 8
831 953 3
1214 1263 12
881 951 27
877 954 4
862 950 27
1159 1267 26
873 954 10
974 1076 21
1117 1241 9
1083 1135 4
1176 1274 18
1182 1270 14
1226 1274 24
874 933 8
1112 1204 15
1050 1137 23
1032 1138 10
1105 1137 11
1037 1107 11
802 941 21
1235 1273 17
762 837 4
1171 1250 6
1187 1265 21
846 939 19
863 950 17
1183 1264 0
837 954 4
858 946 22
883 945 12
858 953 21
812 919 0
1235 1273 26
854 954 3
811 936 6
1193 1273 10
997 1139 2
1112 1139 11
1086 1133 21
1064 1139 21
877 945 26
1195 1273 16
1187 1274 13
848 954 0
996 1077 26
1178 1261 11
1054 1134 19
793 878 4
1172 1233 13
1239 1274 1
Shifts = 4
0 0 0 0 0 0
465 0 0 490 0 0
630 0 0 510 0 0
825 0 0 450 0 0
Employees = 20
648: 2 8 9 10 14 15 16 20 22 23 26 27 35 38 40 42 50 64 65 66 68 70 71 80 83 84 88 89 90 94 97 103 109 112 115 117 118 119 121 122 126 132 133 134 141 144 149 154 155 156 162 166 168 174 176 182 184 185 188 190 192 197 200 201 205 207 211 213 214 217 220 229 230 234 237 241 242 248 249 254 256 257 262 265 271 273 274 276 286 288 290 295 297 301 305 306 307 312 317 320 325 333 339 343 344 346 347 352 354 358 365 368 369 370 373 376 377 381 382 387 394 395 396 403 405 406 407 408 411 414 415 423 427 429 430 431 437 440 442 446 450 453 465 467 468 471 473 474 478 479 488 490 491 493 500 502 503 504 506 510 512 513 515 518 523 525 528 540 542 549 552 556 559 566 574 579 582 586 587 590 591 596 601 606 625 629 634 638 645 646 649 652 654 655 660 661 665 668 672 674 677 679 683 687 695 697 700 706 710 711 715 716 723 724 729 731 733 746 751 755 757 758 761 763 764 767 768 774 775 778 779 781 786 797 798 800 802 803 805 806 808 814 818 819 822 833 835 837 838 839 840 844 845 846 850 852 855 859 861 862 869 870 871 872 873 882 883 885 886 890 900 901 903 906 907 909 913 920 923 925 928 934 936 939 942 943 945 946 952 953 958 959 960 966 971 972 973 974 979 981 984 987 992 993 996 997 999 1001 1007 1019 1023 1024 1025 1032 1034 1035 1040 1041 1045 1054 1055 1057 1058 1060 1067 1068 1080 1082 1083 1092 1096 1101 1106 1107 1108 1110 1112 1114 1117 1120 1122 1126 1127 1129 1133 1134 1135 1137 1138 1141 1143 1149 1155 1156 1157 1158 1162 1163 1167 1168 1175 1177 1181 1188 1191 1192 1193 1194 1203 1206 1207 1211 1224 1229 1231 1234 1240 1241 1242 1245 1248 1249 1251 1258 1261 1263 1266 1270 1275 1280 1281 1286 1287 1289 1290 1291 1294 1305 1306 1310 1319 1321 1325 1326 1328 1331 1336 1338 1340 1344 1346 1347 1350 1352 1353 1354 1357 1359 1360 1361 1362 1366 1368 1369 1372 1374 1378 1380 1381 1382 1387 1389 1400 1401 1404 1412 1417 1427 1432 1433 1437 1442 1446 1448 1451 1454 1455 1457 1458 1461 1463 1465 1468 1469 1470 1471 1476 1477 1478 1488 1490 1495 1510 1511 1512 1513 1515 1521 1547 1552 1557 1560 1566 1568 1571 1575 1579 1589 1595 1598 1601 1603 1606 1612 1614 1615 1618 1621 1628 1630 1632 1634 1636 1642 1647 1649 1652 1654 1658 1659 1662 1664 1665 1666 1667 1672 1673 1674 1675 1682 1685 1686 1692 1693 1694 1697 1698 1700 1720 1732 1734 1741 1743 1744 1747 1748 1755 1756 1773 1775 1776 1777 1780 1782 1783 1798 1800 1802 1803 1809 1812 1822 1824 1825 1826 1830 1841 1843 1848 1849 1852 1853 1864 1872 1875 1882 1885 1886 1887 1889 1893 1894 1896 1906 1910 1915 1916 1918 1921 1923 1925 1928 1929 1933 1935 1941 1947 1949 1950 1951 1952 1954 1957 1961 1964 1976 1978 1983 1984 1988 1989 1991 1992 1995 1996 1998 2000 2003 2006 2007 2009 2010 2024 2025 2033 2035 2039 2040 2044 2045 2046 2055 2056 2059 2060 2062 2068 2069 2071 2072 2079 2087 2092 2094 2097 2099 2102 2106 2107 2109 2117 2126 2129 2133 2136 2138 2141 2142 2148 2149 2152 2153 2157 2159 2161 2166 2167 2168 
649: 1 2 3 4 7 9 16 20 21 23 30 31 32 33 35 36 38 42 43 44 45 47 51 52 54 55 57 62 68 69 79 81 83 85 88 90 92 93 94 95 104 106 108 109 110 118 119 124 129 130 140 143 144 153 159 162 169 170 171 179 181 188 190 200 204 205 207 212 216 217 220 222 223 226 231 232 234 235 240 241 243 246 248 249 252 255 256 258 262 268 269 270 272 273 277 286 288 292 295 301 306 308 309 310 317 320 321 323 324 328 331 335 338 340 342 349 350 355 358 362 364 366 372 381 385 391 394 404 406 407 415 416 418 419 423 426 427 430 432 434 435 439 440 445 447 455 461 467 469 472 476 481 482 484 486 487 489 491 494 502 504 505 508 511 513 516 517 520 522 525 526 528 531 535 536 537 540 541 544 552 555 557 558 566 567 572 575 578 586 588 594 600 601 602 610 614 617 622 628 630 632 633 634 635 636 639 644 646 654 658 659 662 666 672 673 676 680 682 688 695 699 705 706 717 718 719 721 722 725 727 734 735 740 744 752 757 760 763 770 773 777 779 780 792 795 796 797 800 808 812 814 816 817 828 830 832 836 837 838 842 846 847 848 849 854 855 856 863 870 871 873 878 879 881 882 884 885 888 890 895 899 900 901 904 907 911 916 917 918 920 921 923 924 929 930 931 942 946 948 954 956 970 973 975 978 980 982 988 992 993 998 999 1001 1003 1004 1006 1008 1011 1013 1031 1032 1033 1035 1038 1041 1047 1064 1072 1075 1077 1078 1080 1081 1089 1102 1109 1112 1120 1126 1128 1134 1135 1145 1147 1151 1154 1155 1165 1171 1173 1175 1176 1178 1179 1180 1182 1185 1186 1194 1199 1200 1201 1204 1209 1212 1218 1221 1223 1238 1239 1240 1247 1249 1251 1262 1263 1266 1274 1276 1278 1288 1290 1296 1302 1309 1312 1317 1318 1323 1325 1327 1328 1330 1331 1332 1333 1337 1339 1344 1346 1352 1353 1354 1356 1363 1364 1369 1370 1371 1374 1375 1379 1385 1386 1393 1398 1401 1417 1420 1426 1428 1430 1436 1437 1438 1439 1441 1443 1446 1448 1450 1452 1457 1458 1459 1465 1471 1474 1475 1479 1482 1485 1487 1489 1491 1496 1497 1503 1504 1510 1512 1516 1517 1518 1520 1522 1529 1530 1531 1542 1552 1556 1557 1558 1564 1565 1566 1571 1579 1580 1585 1588 1589 1592 1593 1599 1605 1608 1609 1611 1615 1619 1624 1632 1635 1641 1642 1647 1648 1649 1652 1656 1661 1665 1668 1676 1678 1680 1681 1682 1684 1685 1697 1700 1702 1709 1713 1716 1719 1720 1721 1730 1731 1736 1741 1746 1747 1749 1753 1754 1755 1756 1762 1763 1769 1772 1774 1784 1788 1795 1806 1808 1810 1817 1819 1821 1823 1826 1831 1833 1844 1848 1851 1856 1858 1859 1863 1866 1867 1868 1870 1879 1881 1886 1888 1889 1892 1893 1896 1902 1904 1906 1909 1921 1925 1930 1935 1938 1939 1944 1950 1951 1953 1955 1958 1964 1968 1969 1971 1980 1983 1985 1991 1994 2007 2008 2010 2012 2015 2016 2021 2023 2025 2026 2027 2028 2030 2037 2039 2043 2044 2045 2046 2047 2049 2051 2052 2053 2054 2060 2067 2069 2071 2074 2077 2078 2083 2088 2091 2095 2096 2098 2101 2102 2105 2108 2111 2113 2119 2121 2124 2126 2127 2130 2132 2133 2134 2135 2137 2140 2144 2146 2148 2154 2157 2160 2164 2166 2170 
650: 9 12 17 21 29 30 31 32 35 45 48 49 51 54 56 58 65 75 76 77 78 82 86 92 104 111 114 115 116 117 118 122 126 128 129 130 132 133 134 135 136 137 138 142 144 148 149 152 154 157 160 164 168 172 179 180 181 183 184 192 193 195 197 203 204 206 209 210 229 234 236 244 245 249 255 257 259 260 262 267 271 273 275 279 282 295 297 304 311 312 321 322 324 325 326 330 333 337 339 342 346 354 356 357 359 361 362 366 368 371 376 379 387 389 390 393 394 396 401 403 404 407 410 411 413 426 429 430 437 438 441 444 448 452 457 461 462 463 467 471 475 476 479 482 485 490 492 493 504 509 511 514 519 522 531 533 535 540 547 549 550 558 566 569 579 580 582 584 586 589 591 597 604 611 612 615 618 631 632 637 638 639 640 641 659 660 663 665 666 669 672 678 680 681 682 683 684 690 691 692 696 698 700 704 710 712 719 724 726 728 733 738 739 741 742 743 745 748 751 752 753 754 755 756 757 762 764 766 768 771 772 779 783 787 788 790 792 793 794 795 803 809 818 828 829 831 832 835 836 840 845 846 849 855 859 861 863 867 873 875 877 879 884 887 890 894 897 898 900 906 907 909 913 914 916 918 920 926 932 934 935 938 941 950 952 960 965 969 974 976 978 979 981 983 988 990 992 994 1000 1012 1017 1018 1019 1021 1025 1027 1028 1033 1042 1046 1051 1055 1062 1063 1068 1081 1085 1086 1089 1091 1093 1095 1097 1100 1111 1115 1116 1117 1120 1122 1123 1124 1128 1133 1135 1136 1138 1139 1143 1144 1150 1152 1153 1158 1162 1165 1169 1173 1177 1180 1183 1184 1186 1189 1192 1193 1194 1195 1199 1203 1220 1221 1224 1228 1230 1235 1237 1245 1246 1247 1250 1254 1256 1258 1261 1266 1268 1269 1278 1279 1280 1283 1284 1286 1291 1294 1295 1296 1301 1302 1304 1311 1314 1322 1323 1325 1326 1331 1332 1333 1340 1341 1344 1345 1349 1351 1352 1356 1359 1361 1375 1379 1380 1387 1389 1392 1394 1396 1399 1400 1403 1405 1409 1416 1420 1423 1431 1432 1433 1434 1435 1437 1441 1442 1446 1448 1449 1450 1459 1460 1464 1466 1468 1473 1475 1480 1482 1484 1486 1493 1496 1501 1509 1512 1513 1514 1520 1521 1522 1525 1527 1530 1539 1540 1543 1544 1549 1552 1553 1557 1560 1563 1566 1570 1572 1574 1575 1576 1579 1580 1582 1585 1592 1595 1599 1602 1604 1606 1609 1610 1614 1617 1618 1619 1625 1634 1637 1648 1655 1658 1659 1660 1670 1673 1679 1680 1684 1690 1691 1692 1693 1698 1701 1702 1704 1706 1707 1711 1712 1714 1715 1717 1720 1725 1728 1736 1743 1747 1748 1750 1751 1752 1753 1754 1759 1768 1769 1777 1781 1786 1792 1794 1799 1802 1804 1807 1811 1812 1817 1825 1829 1831 1832 1835 1839 1840 1849 1850 1860 1865 1868 1869 1871 1873 1880 1888 1893 1894 1896 1897 1900 1902 1906 1907 1916 1917 1924 1925 1930 1931 1933 1938 1939 1943 1944 1951 1953 1956 1960 1961 1963 1966 1967 1969 1976 1979 1987 1989 1990 1994 1995 2009 2011 2020 2026 2027 2028 2031 2034 2035 2037 2040 2042 2043 2045 2054 2056 2059 2061 2063 2068 2074 2080 2086 2089 2092 2093 2098 2106 2108 2109 2110 2111 2118 2121 2124 2130 2134 2136 2138 2140 2142 2145 2147 2149 2152 2158 2163 2164 2168 
660: 2 3 8 10 14 16 18 20 22 23 24 26 28 36 42 43 48 50 52 58 60 64 65 72 74 78 88 90 91 94 96 98 99 102 111 114 117 119 121 124 125 126 131 135 137 140 147 148 161 167 168 174 178 185 189 190 192 193 194 195 199 202 203 206 211 213 217 222 230 235 240 243 246 255 256 257 258 259 262 263 267 270 275 278 285 288 293 296 299 306 307 308 312 313 318 319 332 337 350 353 354 355 359 363 367 371 373 374 381 382 385 387 390 391 393 399 402 403 408 409 413 415 420 421 427 431 433 437 438 439 441 454 457 468 470 473 476 479 486 487 488 489 492 499 500 502 505 507 518 519 524 525 527 535 536 539 543 544 546 548 549 552 553 556 557 560 565 566 568 569 574 576 577 581 583 590 592 593 597 603 607 610 611 625 626 629 630 631 633 636 637 643 649 653 654 657 659 661 666 670 674 675 682 684 685 687 688 696 697 699 701 702 706 709 710 711 712 713 716 718 719 720 724 730 732 733 734 742 745 750 751 752 754 755 757 760 769 770 774 778 779 788 792 794 795 796 798 799 804 808 810 813 821 823 826 832 835 836 837 839 846 849 854 857 862 863 867 868 871 872 876 877 880 881 883 884 892 894 895 898 903 904 907 910 911 920 921 926 934 935 936 939 945 946 950 956 958 960 961 966 968 970 973 974 975 986 989 990 991 995 997 1005 1008 1009 1015 1019 1026 1034 1039 1048 1050 1052 1053 1057 1058 1065 1070 1071 1075 1077 1079 1080 1081 1083 1084 1088 1091 1096 1098 1099 1100 1101 1104 1106 1109 1117 1120 1121 1128 1129 1141 1142 1147 1148 1154 1155 1158 1166 1167 1170 1171 1176 1179 1182 1185 1188 1189 1190 1200 1202 1204 1209 1215 1217 1219 1220 1225 1226 1229 1231 1234 1235 1240 1242 1253 1255 1266 1268 1271 1272 1277 1279 1287 1290 1295 1306 1307 1308 1309 1311 1313 1315 1316 1317 1318 1319 1323 1326 1329 1330 1333 1336 1337 1339 1340 1343 1352 1359 1360 1361 1370 1372 1378 1382 1384 1389 1394 1395 1397 1398 1404 1405 1412 1421 1424 1425 1437 1441 1443 1444 1450 1453 1454 1456 1460 1462 1473 1478 1479 1480 1488 1491 1492 1493 1495 1497 1498 1499 1501 1502 1503 1505 1506 1508 1509 1515 1519 1521 1523 1526 1528 1529 1535 1536 1540 1541 1544 1551 1559 1563 1566 1567 1569 1572 1574 1579 1581 1583 1584 1587 1591 1594 1595 1599 1600 1603 1607 1609 1611 1616 1618 1620 1621 1622 1623 1624 1629 1634 1636 1639 1641 1643 1649 1650 1651 1655 1656 1659 1663 1665 1672 1673 1678 1684 1687 1688 1689 1694 1699 1701 1706 1712 1720 1723 1725 1733 1735 1736 1737 1747 1756 1757 1760 1761 1762 1768 1778 1779 1784 1786 1788 1792 1796 1798 1799 1802 1805 1807 1813 1816 1818 1819 1820 1822 1823 1826 1828 1829 1830 1831 1835 1838 1841 1844 1845 1852 1854 1860 1872 1875 1880 1882 1883 1886 1888 1893 1899 1906 1908 1916 1922 1930 1944 1945 1950 1954 1955 1965 1967 1968 1969 1971 1979 1984 1986 1987 1991 1994 1995 1996 2000 2001 2013 2014 2015 2019 2023 2024 2027 2032 2033 2044 2052 2056 2057 2059 2061 2064 2067 2068 2071 2072 2074 2076 2077 2079 2082 2084 2085 2087 2089 2091 2100 2106 2112 2116 2120 2122 2127 2131 2134 2137 2143 2145 2150 2153 2155 2164 2166 2170 
652: 0 3 7 10 11 13 15 20 21 22 27 33 38 44 48 49 54 56 57 58 62 68 77 81 82 88 89 91 93 94 96 99 103 104 106 107 111 113 114 118 122 127 128 132 133 134 140 141 142 145 150 151 152 158 162 165 169 172 185 191 195 196 198 209 213 217 224 225 226 227 228 230 234 235 238 245 246 247 250 253 256 263 264 265 269 270 272 284 285 289 292 294 296 298 299 302 307 308 310 311 314 315 317 320 321 325 326 330 331 333 336 344 347 348 351 352 354 359 368 369 371 372 375 378 379 381 382 383 388 390 394 400 401 403 408 409 412 414 415 416 419 423 431 433 436 438 442 444 452 456 462 463 464 468 469 476 480 482 484 485 486 487 490 491 494 500 501 502 503 505 509 510 521 528 531 536 537 538 539 543 546 549 552 554 556 562 563 565 566 567 569 571 577 578 580 581 583 584 591 593 594 603 604 609 615 617 621 629 631 635 636 637 638 639 641 646 650 653 655 657 660 662 666 667 671 673 674 677 678 684 685 686 690 693 702 703 706 712 713 716 719 729 735 736 746 749 754 760 764 769 770 772 773 774 777 781 782 785 793 797 798 800 801 804 805 810 811 813 815 821 833 834 835 836 839 840 850 852 854 855 857 859 860 861 862 867 869 873 879 881 891 892 897 900 903 904 908 909 911 915 925 934 938 939 946 947 951 953 954 958 961 962 967 975 976 977 981 982 985 990 993 1003 1004 1006 1007 1011 1016 1018 1022 1023 1029 1032 1036 1039 1040 1044 1047 1048 1052 1056 1057 1062 1068 1071 1072 1076 1077 1081 1082 1085 1089 1090 1098 1104 1108 1111 1113 1115 1121 1122 1123 1130 1133 1148 1151 1169 1171 1173 1174 1180 1184 1188 1190 1193 1206 1214 1216 1217 1221 1224 1227 1236 1238 1241 1248 1253 1254 1258 1259 1264 1272 1273 1278 1283 1284 1285 1288 1289 1294 1299 1308 1322 1323 1328 1331 1333 1334 1335 1340 1344 1345 1347 1348 1352 1358 1363 1368 1373 1377 1378 1379 1387 1389 1391 1392 1394 1396 1399 1400 1406 1414 1420 1423 1429 1431 1433 1436 1441 1442 1444 1450 1452 1454 1457 1458 1460 1465 1467 1468 1469 1470 1474 1476 1482 1484 1488 1497 1499 1505 1506 1507 1508 1511 1516 1518 1520 1521 1523 1524 1530 1532 1540 1542 1543 1544 1545 1546 1558 1569 1572 1585 1587 1588 1591 1592 1594 1601 1607 1612 1614 1616 1617 1618 1621 1628 1636 1637 1638 1639 1641 1644 1645 1646 1647 1649 1658 1661 1664 1674 1678 1679 1687 1689 1691 1694 1701 1702 1709 1710 1712 1713 1714 1719 1720 1725 1732 1734 1735 1736 1741 1742 1747 1748 1749 1762 1770 1774 1782 1788 1789 1790 1791 1792 1795 1797 1800 1803 1811 1812 1813 1815 1816 1819 1825 1826 1831 1835 1839 1840 1842 1852 1866 1867 1871 1887 1889 1890 1891 1897 1898 1903 1908 1911 1913 1914 1915 1916 1918 1933 1936 1940 1941 1942 1945 1951 1952 1963 1966 1975 1980 1982 1984 1987 1989 1996 1997 2002 2006 2009 2010 2012 2023 2025 2033 2034 2035 2037 2038 2039 2040 2047 2048 2050 2053 2054 2057 2060 2064 2067 2074 2081 2083 2084 2085 2087 2089 2090 2091 2094 2097 2098 2100 2111 2112 2113 2117 2119 2123 2125 2135 2136 2139 2146 2148 2150 2151 2154 2155 2157 2158 2160 2161 
687: 1 4 13 17 21 22 24 25 26 30 33 39 45 46 47 56 59 61 62 63 66 67 71 73 76 77 79 80 84 88 95 97 99 101 107 110 111 113 115 117 121 124 125 126 129 131 132 134 141 142 143 146 152 153 156 159 160 164 165 166 168 172 175 179 181 184 195 199 200 202 204 211 214 215 216 217 218 220 222 231 232 234 236 238 240 246 248 252 257 261 265 267 270 271 272 274 276 282 284 285 287 291 293 295 299 301 304 305 308 310 314 316 321 325 331 332 338 340 343 345 347 354 356 357 360 367 372 373 374 378 381 389 390 393 396 398 404 409 410 413 415 416 417 426 431 435 436 437 442 449 451 456 457 458 461 463 465 467 469 471 472 473 474 477 480 481 483 485 489 491 504 505 508 509 511 512 517 519 520 528 537 542 548 552 554 561 562 563 564 566 567 571 576 577 580 584 585 587 588 592 593 595 599 605 608 612 615 618 623 626 628 632 645 650 652 662 665 667 668 669 672 674 675 676 679 684 689 692 694 698 700 703 704 705 706 708 713 719 721 722 724 725 727 732 733 735 737 738 740 741 757 758 761 763 764 767 771 773 776 777 779 781 782 783 791 793 795 799 807 808 809 812 815 817 819 828 836 841 843 844 847 849 850 854 861 866 870 873 875 886 888 896 900 902 905 914 915 923 926 929 941 942 944 946 952 955 957 958 961 962 963 968 971 974 975 978 979 982 991 993 995 1004 1006 1007 1012 1013 1015 1016 1018 1023 1024 1033 1036 1043 1048 1053 1054 1057 1060 1061 1063 1064 1069 1070 1074 1084 1086 1089 1091 1094 1104 1106 1109 1110 1115 1117 1125 1127 1130 1144 1145 1156 1159 1164 1168 1169 1171 1172 1173 1178 1183 1185 1186 1188 1189 1192 1198 1202 1203 1206 1207 1210 1211 1213 1217 1223 1226 1229 1232 1233 1236 1240 1241 1243 1244 1246 1248 1249 1250 1255 1261 1262 1263 1264 1271 1278 1282 1288 1289 1290 1293 1301 1303 1308 1309 1319 1322 1323 1325 1326 1331 1344 1347 1351 1354 1362 1368 1369 1370 1373 1376 1382 1385 1387 1389 1390 1391 1392 1394 1395 1397 1401 1402 1406 1408 1412 1425 1435 1436 1438 1439 1442 1443 1444 1446 1447 1454 1455 1457 1458 1459 1460 1461 1462 1466 1468 1469 1472 1476 1478 1479 1487 1490 1494 1497 1499 1502 1503 1505 1510 1511 1516 1518 1521 1523 1528 1529 1531 1534 1535 1538 1541 1542 1543 1545 1547 1554 1557 1564 1565 1567 1569 1572 1575 1576 1581 1587 1590 1600 1601 1602 1603 1604 1606 1608 1611 1613 1620 1622 1624 1625 1626 1629 1633 1636 1638 1639 1650 1652 1655 1657 1659 1664 1667 1668 1672 1676 1678 1683 1685 1689 1690 1691 1692 1694 1695 1700 1701 1704 1707 1713 1718 1719 1721 1725 1730 1731 1732 1736 1739 1744 1746 1747 1748 1753 1755 1756 1757 1760 1765 1768 1769 1771 1788 1789 1792 1796 1808 1810 1814 1819 1823 1824 1826 1827 1828 1831 1832 1834 1837 1838 1840 1842 1843 1848 1851 1855 1857 1860 1862 1866 1870 1871 1872 1874 1881 1888 1889 1896 1898 1900 1902 1903 1906 1909 1911 1915 1918 1924 1926 1930 1932 1942 1947 1950 1963 1966 1967 1971 1973 1976 1977 1978 1983 1984 1986 1987 1988 1995 2000 2005 2007 2016 2017 2021 2022 2028 2030 2031 2043 2049 2057 2058 2060 2061 2062 2064 2067 2069 2074 2082 2084 2091 2094 2097 2099 2103 2106 2115 2118 2122 2123 2124 2126 2128 2138 2139 2140 2143 2144 2146 2148 2149 2152 2154 2159 2168 
646: 4 5 10 15 17 20 21 31 39 44 46 51 54 56 60 65 67 71 75 77 85 91 99 100 102 106 109 112 113 118 121 122 135 136 137 138 140 145 146 151 152 159 162 166 170 176 177 180 187 197 200 206 208 209 215 219 224 225 227 228 230 231 233 234 239 241 246 250 252 253 256 258 262 263 264 267 268 269 271 277 279 281 283 286 291 296 302 303 307 315 319 324 326 327 330 332 339 340 342 347 350 355 360 361 362 363 366 367 371 376 381 382 383 386 389 397 398 399 401 422 428 429 430 432 436 437 438 440 442 443 446 448 450 451 452 457 465 467 469 481 485 486 487 495 498 512 521 522 524 525 527 529 530 544 556 559 563 564 567 574 584 586 587 589 592 593 602 605 608 613 617 619 622 623 626 633 635 639 643 644 646 651 652 657 658 659 661 666 669 681 691 693 697 703 706 707 709 712 715 721 723 728 729 732 739 743 746 748 749 750 751 752 754 757 760 762 765 766 773 776 780 784 787 793 795 796 797 798 800 801 804 809 811 813 816 819 822 823 827 828 831 833 834 839 840 841 844 848 852 854 859 864 870 872 880 883 885 890 898 904 905 913 914 916 919 922 923 925 927 931 932 933 937 950 951 953 958 961 962 963 970 982 993 1001 1003 1004 1010 1013 1014 1017 1022 1025 1026 1027 1030 1035 1036 1037 1038 1041 1043 1044 1045 1047 1048 1056 1057 1060 1064 1065 1067 1072 1074 1076 1079 1082 1084 1087 1097 1098 1099 1100 1119 1124 1127 1132 1135 1143 1146 1154 1164 1166 1170 1172 1173 1181 1185 1186 1187 1190 1191 1194 1205 1207 1208 1209 1210 1211 1214 1215 1216 1217 1224 1226 1227 1228 1231 1232 1237 1238 1240 1243 1247 1249 1250 1252 1253 1257 1260 1261 1262 1263 1269 1272 1276 1279 1281 1283 1286 1291 1294 1296 1301 1302 1303 1304 1305 1310 1311 1313 1315 1320 1322 1327 1330 1333 1336 1346 1355 1357 1358 1365 1367 1382 1384 1388 1391 1393 1397 1398 1403 1404 1410 1411 1412 1414 1424 1425 1430 1431 1437 1445 1448 1449 1451 1453 1456 1463 1464 1478 1488 1489 1490 1491 1494 1495 1496 1510 1525 1527 1528 1529 1531 1532 1534 1542 1543 1545 1547 1548 1551 1558 1560 1563 1570 1581 1584 1585 1588 1589 1598 1599 1602 1604 1608 1610 1611 1613 1614 1617 1625 1628 1630 1632 1636 1639 1649 1656 1657 1659 1660 1665 1672 1673 1674 1675 1676 1678 1680 1681 1682 1688 1692 1693 1699 1702 1711 1713 1720 1732 1734 1737 1738 1740 1742 1743 1745 1755 1759 1760 1761 1766 1770 1771 1772 1774 1775 1776 1779 1780 1785 1788 1789 1790 1791 1797 1806 1810 1811 1814 1816 1824 1826 1831 1833 1837 1841 1845 1847 1850 1851 1856 1858 1860 1866 1870 1871 1879 1884 1887 1888 1891 1892 1895 1899 1900 1902 1907 1911 1913 1917 1920 1926 1936 1937 1938 1942 1958 1968 1969 1970 1976 1978 1983 1985 1986 1987 1988 1991 1993 1996 2004 2010 2011 2012 2013 2016 2017 2019 2022 2024 2026 2031 2033 2035 2039 2040 2043 2045 2048 2051 2056 2058 2063 2074 2076 2077 2082 2084 2089 2090 2091 2092 2096 2100 2103 2104 2105 2106 2111 2115 2116 2117 2118 2119 2120 2122 2125 2127 2128 2129 2134 2135 2136 2140 2144 2149 2150 2151 2153 2155 2156 2158 2161 2167 2169 
667: 0 1 2 13 15 17 19 24 25 26 28 33 35 36 41 44 47 50 58 59 62 65 68 70 76 77 78 80 84 87 90 91 92 95 97 104 114 116 117 118 119 123 127 129 130 134 142 148 149 157 160 162 163 167 172 175 177 179 182 185 186 188 190 191 192 194 197 200 201 203 204 208 210 221 222 224 225 230 232 238 251 253 256 257 258 259 261 265 266 267 272 274 277 278 281 287 289 294 296 299 310 311 312 320 325 328 335 339 340 341 346 349 358 360 361 367 372 373 375 380 382 383 384 385 386 397 398 404 410 411 416 418 421 425 428 432 433 434 442 443 446 448 453 454 459 464 465 466 473 478 479 485 490 491 494 496 497 500 507 512 513 515 517 518 519 525 530 531 535 537 546 551 556 559 561 563 564 565 569 571 573 581 582 587 588 590 591 592 596 599 602 604 607 610 612 615 617 619 621 622 623 624 626 628 652 659 662 668 669 670 674 677 687 698 700 701 702 704 707 708 709 711 712 713 718 729 732 733 744 747 756 767 772 773 775 776 789 797 802 804 806 810 811 812 813 814 816 818 821 823 824 826 830 831 841 846 847 851 854 858 865 868 870 871 872 874 880 882 885 887 895 896 898 901 902 904 905 906 907 913 915 918 919 921 923 924 931 937 939 944 946 950 951 953 969 975 977 978 979 980 982 985 986 989 990 993 994 995 996 1002 1004 1006 1016 1030 1033 1035 1043 1044 1054 1056 1058 1061 1066 1067 1070 1071 1073 1076 1079 1081 1083 1085 1086 1095 1098 1100 1101 1111 1112 1113 1115 1118 1119 1120 1121 1124 1125 1126 1130 1133 1136 1139 1141 1144 1145 1147 1150 1151 1153 1154 1161 1163 1167 1169 1171 1173 1175 1182 1184 1187 1191 1193 1197 1201 1202 1205 1207 1208 1210 1211 1212 1213 1215 1217 1219 1222 1230 1231 1233 1235 1239 1242 1245 1247 1250 1252 1256 1258 1278 1279 1283 1289 1295 1300 1302 1303 1306 1313 1318 1323 1324 1330 1337 1338 1345 1348 1351 1353 1354 1361 1363 1365 1367 1368 1376 1382 1384 1385 1388 1394 1395 1398 1399 1402 1404 1406 1409 1413 1416 1420 1424 1427 1429 1436 1437 1439 1443 1444 1448 1453 1454 1460 1473 1474 1476 1478 1479 1486 1499 1511 1512 1516 1518 1519 1521 1522 1526 1527 1532 1535 1536 1547 1549 1553 1556 1559 1560 1561 1565 1569 1570 1571 1573 1574 1577 1578 1584 1585 1587 1588 1591 1593 1594 1598 1604 1605 1606 1609 1613 1615 1616 1618 1619 1621 1622 1623 1625 1626 1627 1629 1630 1631 1636 1640 1641 1643 1644 1646 1648 1651 1653 1654 1664 1667 1668 1670 1678 1686 1691 1693 1696 1697 1701 1705 1706 1713 1718 1722 1726 1735 1736 1763 1764 1765 1770 1772 1773 1778 1780 1787 1788 1794 1798 1800 1802 1804 1809 1811 1813 1814 1816 1818 1821 1824 1825 1827 1829 1830 1832 1837 1843 1844 1847 1848 1851 1861 1864 1874 1880 1883 1886 1890 1898 1902 1904 1908 1911 1912 1915 1917 1925 1930 1931 1933 1934 1935 1937 1938 1942 1945 1949 1952 1954 1958 1960 1964 1967 1970 1975 1978 1980 1981 1991 1997 2001 2006 2007 2008 2010 2013 2017 2018 2023 2030 2032 2033 2034 2037 2039 2042 2043 2047 2048 2051 2058 2060 2062 2064 2065 2069 2073 2074 2079 2080 2087 2089 2094 2096 2097 2101 2103 2105 2106 2111 2112 2115 2130 2131 2132 2138 2154 2156 2158 2160 2164 2166 2169 
666: 12 14 18 19 20 21 24 28 44 45 47 54 57 62 64 66 72 73 88 89 95 96 101 103 104 110 115 118 120 122 124 125 126 127 128 135 138 146 148 153 158 159 160 163 167 173 176 178 180 187 189 193 194 196 198 200 201 202 203 206 210 213 216 220 221 223 226 230 236 240 242 247 248 252 253 256 260 264 268 276 277 290 292 294 295 297 303 304 305 312 313 314 317 323 329 331 334 335 336 346 351 352 353 355 356 362 363 366 367 369 370 372 378 379 380 388 391 393 399 404 405 406 415 421 438 441 447 455 456 458 459 460 461 465 467 468 473 476 477 478 484 487 490 491 495 497 500 502 506 507 508 516 518 520 521 523 528 529 542 547 549 551 552 554 556 558 559 560 564 565 567 572 574 575 577 582 585 586 588 598 600 603 618 619 620 624 626 628 630 635 639 642 647 650 653 654 657 658 661 667 675 676 677 679 689 692 694 704 705 710 712 714 717 718 721 722 728 729 736 738 740 742 743 744 747 750 753 757 758 759 761 764 769 770 774 783 786 792 795 797 798 806 807 808 809 810 813 821 824 826 828 832 833 849 850 855 858 859 865 867 875 882 886 888 891 892 893 896 898 899 901 902 903 904 905 907 909 912 913 916 917 919 920 921 922 923 925 932 933 935 940 941 942 948 958 960 965 966 967 969 974 976 980 981 983 989 990 992 997 1000 1001 1004 1005 1006 1015 1017 1018 1020 1029 1030 1031 1032 1035 1038 1039 1040 1042 1043 1046 1050 1054 1058 1061 1062 1066 1069 1072 1076 1077 1078 1081 1083 1084 1097 1098 1101 1104 1106 1115 1117 1123 1124 1125 1128 1129 1134 1137 1139 1144 1151 1153 1155 1157 1160 1161 1165 1170 1174 1177 1182 1184 1187 1194 1200 1206 1208 1209 1214 1220 1221 1224 1227 1228 1229 1232 1234 1235 1236 1249 1251 1255 1263 1264 1265 1270 1274 1276 1277 1288 1292 1298 1300 1302 1307 1309 1310 1319 1324 1325 1328 1331 1334 1338 1341 1342 1346 1347 1349 1350 1351 1362 1368 1370 1375 1376 1380 1383 1388 1391 1393 1395 1403 1405 1407 1408 1411 1413 1415 1416 1420 1425 1426 1428 1429 1431 1441 1444 1448 1453 1454 1457 1462 1463 1464 1465 1466 1468 1471 1477 1480 1485 1488 1490 1492 1495 1497 1498 1501 1504 1508 1510 1514 1516 1519 1523 1525 1527 1528 1530 1531 1532 1533 1538 1542 1550 1556 1562 1567 1568 1570 1572 1573 1578 1580 1584 1585 1586 1587 1592 1594 1598 1599 1600 1601 1603 1607 1608 1611 1616 1618 1622 1625 1627 1641 1643 1646 1648 1651 1653 1655 1656 1657 1660 1666 1668 1669 1673 1675 1678 1682 1683 1690 1701 1716 1723 1724 1725 1726 1727 1730 1731 1733 1734 1743 1745 1746 1749 1752 1753 1755 1763 1771 1776 1777 1793 1797 1798 1801 1802 1825 1827 1829 1831 1833 1835 1836 1837 1839 1840 1848 1849 1852 1853 1854 1860 1861 1863 1865 1870 1877 1878 1886 1888 1889 1890 1894 1895 1903 1914 1916 1921 1923 1929 1932 1933 1935 1936 1939 1950 1951 1955 1957 1961 1964 1968 1970 1973 1975 1978 1979 1980 1981 1983 1990 1991 1992 1998 1999 2000 2004 2005 2007 2009 2012 2015 2034 2038 2041 2042 2046 2054 2065 2066 2068 2070 2072 2075 2078 2082 2087 2089 2091 2092 2093 2096 2098 2101 2105 2119 2120 2124 2127 2128 2132 2133 2139 2140 2144 2147 2149 2150 2153 2156 2157 2159 2167 
637: 0 3 5 12 14 19 23 27 29 33 37 40 48 49 57 58 59 60 67 73 76 85 91 93 95 98 101 108 109 116 118 120 121 122 125 126 127 129 132 134 137 138 142 149 151 153 155 158 168 177 180 182 186 191 196 197 198 199 205 206 212 215 224 225 234 235 237 238 240 241 244 245 248 254 258 260 262 268 269 274 281 283 284 285 286 288 299 301 302 306 307 310 311 314 316 317 318 322 325 329 332 333 334 335 336 339 342 343 345 348 351 352 353 354 356 359 360 362 364 369 370 372 382 386 388 394 397 398 401 407 419 421 422 423 425 426 427 428 444 445 446 449 451 452 453 457 459 460 461 462 470 472 474 475 477 479 480 485 488 490 493 498 503 504 506 507 508 509 515 522 529 534 535 537 538 541 543 545 546 548 549 550 555 557 558 559 572 576 578 580 590 593 594 598 602 608 610 611 614 618 619 621 625 629 632 633 636 641 652 655 656 659 661 668 670 675 677 681 685 693 694 696 703 718 719 721 726 727 739 742 744 747 750 752 755 756 761 762 764 770 776 777 780 783 785 790 799 800 806 810 814 816 818 823 825 826 829 833 843 852 853 855 858 859 866 868 869 870 872 873 875 876 881 885 890 893 896 898 899 905 911 920 931 940 942 953 958 959 962 965 966 967 970 977 981 993 996 1002 1003 1004 1009 1022 1030 1031 1039 1040 1043 1044 1048 1050 1055 1057 1068 1069 1070 1072 1076 1077 1086 1087 1092 1094 1096 1098 1105 1107 1108 1110 1112 1117 1120 1123 1124 1126 1132 1133 1137 1143 1147 1149 1150 1152 1155 1157 1161 1163 1166 1169 1176 1177 1181 1188 1190 1192 1193 1194 1200 1203 1205 1209 1212 1216 1218 1221 1236 1239 1245 1253 1255 1257 1262 1264 1266 1267 1271 1277 1284 1288 1290 1300 1309 1312 1317 1325 1327 1331 1335 1336 1337 1339 1340 1341 1343 1349 1351 1364 1368 1374 1375 1381 1387 1389 1390 1392 1393 1394 1403 1405 1407 1408 1413 1419 1421 1423 1435 1437 1438 1439 1442 1443 1445 1448 1449 1450 1453 1454 1458 1460 1466 1467 1468 1470 1471 1473 1475 1481 1484 1487 1489 1495 1497 1499 1500 1513 1518 1520 1523 1524 1525 1526 1530 1531 1539 1540 1541 1542 1543 1546 1557 1562 1564 1568 1571 1572 1582 1583 1589 1593 1595 1599 1606 1607 1608 1609 1611 1616 1621 1625 1626 1628 1634 1636 1637 1638 1639 1646 1652 1656 1657 1662 1663 1667 1668 1670 1675 1680 1681 1689 1691 1694 1697 1701 1706 1709 1718 1719 1720 1721 1722 1729 1731 1734 1737 1739 1741 1743 1745 1750 1755 1756 1762 1769 1771 1772 1783 1784 1787 1789 1791 1807 1808 1809 1814 1816 1823 1834 1840 1841 1842 1844 1845 1846 1849 1853 1855 1858 1862 1863 1872 1877 1881 1882 1886 1888 1889 1895 1896 1897 1899 1901 1906 1907 1912 1920 1924 1926 1928 1929 1934 1951 1953 1955 1956 1963 1965 1974 1976 1978 1979 1981 1983 1986 1991 1995 2005 2018 2019 2020 2027 2030 2031 2033 2034 2046 2049 2050 2052 2056 2057 2060 2062 2063 2066 2069 2070 2073 2075 2083 2086 2087 2089 2091 2092 2094 2100 2105 2107 2108 2109 2111 2118 2123 2124 2125 2132 2134 2139 2141 2142 2143 2145 2148 2150 2167 2168 2169 2170 
640: 5 17 20 22 26 30 31 32 43 46 47 51 52 56 59 63 65 71 73 74 78 79 81 82 84 89 90 97 106 107 108 110 112 116 123 131 136 139 141 146 147 157 161 166 172 185 187 190 191 192 193 195 198 204 215 220 224 230 231 235 236 237 238 243 244 248 252 255 259 260 270 281 283 284 289 293 294 296 297 302 315 316 318 319 320 324 326 341 342 345 346 353 355 356 357 358 363 364 367 372 375 379 384 390 394 395 396 399 400 403 410 411 413 419 424 429 430 431 432 437 439 442 444 446 451 459 460 461 479 481 482 486 489 493 495 502 507 509 511 517 520 521 529 535 538 541 543 544 547 549 551 561 567 573 575 576 578 580 582 583 584 588 596 603 606 609 613 618 622 625 631 632 633 635 636 637 639 640 647 648 651 653 656 660 664 665 667 675 677 678 689 690 693 694 704 706 707 710 718 722 730 736 738 740 741 744 748 753 762 764 765 766 770 776 779 785 786 789 790 794 795 798 800 801 810 815 816 818 823 826 831 847 848 852 857 860 864 865 872 873 876 881 883 885 887 890 892 897 905 910 911 913 916 917 920 921 930 932 936 937 943 945 946 949 952 956 957 958 961 962 971 977 978 982 983 986 988 993 1004 1007 1008 1010 1012 1015 1017 1018 1020 1023 1025 1027 1030 1038 1039 1048 1050 1056 1060 1063 1066 1073 1074 1080 1083 1087 1088 1089 1094 1099 1118 1121 1124 1132 1134 1137 1144 1145 1149 1150 1152 1153 1162 1164 1165 1166 1167 1168 1170 1173 1174 1176 1177 1180 1183 1188 1192 1200 1207 1209 1213 1217 1218 1221 1222 1225 1231 1232 1234 1237 1238 1239 1241 1242 1243 1245 1248 1252 1253 1254 1257 1259 1260 1269 1284 1285 1286 1288 1292 1299 1305 1306 1307 1309 1313 1314 1315 1316 1321 1327 1328 1332 1333 1336 1337 1338 1339 1341 1343 1346 1347 1349 1352 1353 1355 1364 1365 1370 1373 1374 1377 1378 1381 1393 1398 1403 1404 1408 1409 1414 1416 1420 1422 1424 1426 1435 1437 1442 1446 1450 1452 1455 1456 1461 1464 1466 1470 1472 1480 1483 1489 1498 1499 1505 1507 1513 1514 1517 1518 1525 1526 1527 1532 1535 1537 1538 1540 1542 1543 1544 1552 1557 1558 1559 1561 1563 1564 1567 1574 1579 1585 1592 1598 1601 1602 1604 1605 1617 1624 1625 1626 1629 1633 1643 1644 1645 1646 1648 1650 1654 1668 1674 1676 1684 1685 1687 1691 1692 1693 1698 1699 1700 1706 1707 1709 1711 1718 1720 1724 1728 1729 1731 1735 1737 1738 1740 1746 1747 1753 1754 1757 1767 1778 1779 1785 1786 1788 1793 1797 1798 1799 1802 1803 1807 1808 1809 1814 1816 1822 1828 1830 1835 1842 1848 1852 1857 1863 1865 1867 1870 1871 1872 1878 1879 1881 1884 1890 1891 1893 1894 1895 1896 1897 1898 1907 1911 1912 1915 1917 1918 1919 1924 1929 1930 1931 1936 1938 1940 1942 1946 1947 1948 1951 1952 1954 1956 1957 1960 1962 1963 1971 1973 1974 1975 1980 1982 1990 1992 1993 1995 1997 2002 2004 2005 2006 2007 2009 2012 2014 2017 2018 2021 2023 2028 2031 2038 2039 2041 2044 2045 2051 2054 2057 2058 2060 2061 2062 2080 2083 2089 2097 2100 2102 2105 2111 2112 2114 2117 2120 2123 2124 2130 2131 2133 2143 2152 2153 2155 2158 2159 2168 2169 
649: 0 1 2 3 5 10 15 18 19 22 29 30 34 38 45 47 48 52 53 58 60 66 69 73 79 81 82 83 88 89 98 102 103 108 114 115 121 125 126 127 128 136 137 139 143 144 147 148 150 153 154 159 160 163 164 166 167 169 171 173 175 176 177 182 184 186 189 190 192 193 195 196 198 199 200 204 220 223 226 227 240 242 243 244 248 251 260 264 265 267 271 272 277 286 290 292 297 298 304 305 306 307 315 317 318 319 322 326 336 338 340 349 352 353 354 358 367 369 372 373 375 376 378 381 386 393 396 398 410 411 414 415 417 421 424 425 427 434 436 440 442 443 446 459 461 469 471 472 476 478 482 485 488 490 491 492 498 499 501 502 504 510 515 516 517 521 522 525 527 528 531 533 538 543 544 550 555 557 558 559 562 570 571 572 575 585 589 591 592 593 596 602 603 607 608 610 612 616 617 620 623 624 625 629 631 634 640 643 646 649 650 654 659 679 681 682 684 688 690 691 693 702 708 712 718 719 720 724 725 730 737 738 739 743 750 754 755 756 757 758 761 763 765 768 771 774 779 781 786 791 792 795 797 804 812 816 818 821 828 831 832 837 840 845 849 851 853 854 857 865 866 867 885 900 901 903 904 906 911 917 920 921 922 923 927 934 944 946 948 954 955 963 966 969 970 972 975 978 982 984 985 986 988 990 992 996 1002 1009 1011 1013 1015 1017 1019 1020 1023 1024 1025 1026 1028 1030 1035 1038 1041 1042 1046 1052 1054 1060 1063 1067 1073 1078 1083 1090 1093 1095 1096 1102 1106 1114 1116 1117 1118 1120 1126 1129 1132 1135 1136 1138 1139 1140 1143 1144 1151 1154 1159 1171 1179 1180 1182 1183 1185 1189 1191 1198 1199 1200 1203 1217 1220 1223 1235 1236 1240 1241 1244 1247 1250 1257 1261 1264 1269 1270 1279 1281 1282 1287 1297 1301 1302 1303 1315 1316 1317 1322 1323 1329 1330 1332 1338 1348 1358 1360 1361 1364 1378 1380 1384 1392 1393 1396 1397 1408 1411 1418 1422 1428 1430 1435 1440 1441 1444 1445 1449 1452 1454 1456 1458 1459 1462 1470 1471 1477 1478 1480 1481 1484 1485 1487 1490 1492 1495 1497 1505 1508 1512 1515 1516 1517 1523 1524 1525 1528 1531 1536 1541 1542 1545 1546 1547 1549 1550 1556 1559 1560 1562 1563 1567 1573 1579 1591 1594 1603 1604 1611 1612 1617 1618 1620 1623 1624 1632 1635 1636 1637 1638 1644 1646 1655 1656 1662 1665 1668 1669 1670 1675 1677 1679 1680 1682 1683 1686 1690 1694 1695 1702 1711 1715 1725 1726 1727 1729 1735 1739 1744 1747 1748 1752 1756 1757 1758 1759 1760 1762 1764 1768 1770 1772 1774 1779 1781 1783 1784 1790 1791 1794 1799 1807 1809 1815 1817 1818 1820 1823 1829 1830 1839 1841 1846 1849 1853 1855 1860 1861 1863 1868 1869 1871 1872 1877 1886 1887 1891 1893 1895 1896 1897 1900 1907 1909 1910 1912 1917 1919 1923 1926 1932 1933 1934 1936 1939 1940 1943 1945 1952 1954 1956 1957 1958 1960 1961 1965 1966 1967 1977 1982 1983 1985 1988 1989 1992 2004 2007 2009 2014 2016 2017 2020 2021 2022 2035 2038 2042 2058 2063 2064 2066 2067 2072 2074 2075 2077 2078 2080 2081 2083 2086 2089 2092 2100 2103 2104 2106 2115 2116 2121 2122 2126 2132 2136 2140 2142 2144 2146 2149 2152 2157 2170 
643: 0 1 13 22 25 26 29 32 35 36 37 38 40 41 46 48 49 50 55 56 61 65 68 69 70 72 77 78 81 82 85 86 87 90 94 96 97 112 114 119 120 129 132 146 149 154 158 162 163 164 169 170 171 172 181 188 189 191 193 195 199 201 202 205 223 224 238 240 241 242 246 252 254 255 256 258 261 265 268 273 275 277 278 286 287 288 291 293 294 296 298 300 303 307 310 312 316 322 323 324 327 328 329 336 337 338 344 345 353 365 366 369 370 371 376 387 390 392 394 395 397 398 400 402 407 409 413 414 417 419 429 432 435 436 437 438 441 444 445 448 449 450 452 459 464 466 470 471 477 488 494 495 496 500 502 504 507 510 511 517 528 531 532 535 537 539 545 555 556 557 560 561 566 567 568 576 578 579 584 585 590 597 600 605 606 608 610 613 621 623 626 628 631 637 638 640 642 643 651 655 659 661 663 664 666 668 679 681 682 683 686 687 688 693 694 695 702 709 710 712 719 722 724 726 731 732 733 736 738 740 745 749 760 771 775 788 789 790 795 800 808 810 811 812 814 815 816 824 832 835 837 841 856 864 872 877 884 886 889 890 895 901 902 905 906 919 923 925 928 933 936 938 940 942 945 951 954 957 959 963 967 968 975 976 977 980 983 985 996 997 1000 1002 1010 1011 1023 1025 1026 1030 1034 1040 1042 1043 1047 1053 1054 1055 1056 1066 1068 1075 1079 1080 1082 1089 1090 1095 1097 1102 1103 1105 1109 1111 1113 1115 1119 1120 1127 1129 1136 1138 1140 1142 1144 1149 1153 1154 1157 1161 1169 1176 1178 1187 1188 1190 1191 1193 1194 1195 1197 1209 1211 1216 1218 1219 1220 1221 1223 1224 1225 1234 1236 1237 1238 1240 1244 1247 1249 1250 1256 1257 1258 1260 1270 1273 1277 1280 1281 1287 1289 1291 1292 1293 1296 1298 1299 1301 1304 1307 1314 1315 1316 1322 1323 1324 1327 1333 1336 1340 1341 1346 1349 1352 1360 1362 1363 1369 1370 1373 1375 1376 1379 1384 1385 1386 1388 1389 1391 1395 1397 1398 1399 1402 1403 1404 1414 1421 1424 1426 1427 1429 1431 1433 1435 1440 1442 1446 1450 1454 1456 1462 1463 1466 1471 1478 1483 1485 1492 1493 1496 1500 1501 1504 1506 1508 1513 1517 1523 1525 1527 1530 1533 1536 1540 1544 1545 1547 1548 1549 1562 1563 1568 1569 1572 1575 1576 1578 1586 1587 1588 1590 1595 1601 1609 1615 1616 1619 1628 1634 1637 1638 1644 1647 1648 1655 1657 1660 1661 1675 1681 1683 1684 1686 1695 1696 1697 1705 1708 1709 1724 1726 1731 1734 1737 1739 1741 1743 1744 1746 1750 1754 1759 1763 1764 1765 1766 1772 1776 1778 1782 1783 1785 1787 1788 1795 1800 1810 1812 1823 1824 1826 1827 1828 1829 1831 1833 1836 1841 1844 1845 1846 1849 1850 1852 1857 1861 1864 1865 1868 1869 1875 1877 1882 1883 1895 1896 1899 1913 1927 1928 1929 1936 1938 1940 1941 1953 1959 1972 1975 1977 1981 1982 1988 1990 1991 1995 2000 2002 2004 2007 2008 2010 2011 2016 2017 2018 2019 2022 2023 2027 2029 2030 2032 2034 2037 2043 2047 2049 2056 2062 2063 2064 2067 2070 2071 2072 2076 2085 2087 2088 2089 2091 2097 2101 2109 2111 2126 2132 2133 2134 2139 2140 2146 2147 2151 2152 2153 2155 2156 2157 2159 2160 2164 2170 
640: 1 3 5 10 17 18 19 23 24 25 28 29 32 41 43 46 49 53 57 60 61 62 63 66 71 77 82 83 85 86 87 97 99 100 101 103 105 108 112 114 118 119 125 126 129 133 134 136 137 145 154 157 162 164 169 170 176 178 183 185 196 197 199 203 204 207 210 213 216 219 222 233 239 247 250 255 257 268 273 274 281 283 284 286 287 290 291 298 299 301 302 303 310 314 317 322 326 331 332 334 335 337 339 341 342 343 345 351 353 355 356 364 365 372 373 374 377 378 382 383 386 388 393 395 400 403 405 413 414 416 420 423 433 437 441 447 450 451 452 453 454 456 458 460 465 466 467 468 471 476 479 485 486 487 497 502 507 509 510 522 526 535 536 537 539 540 543 550 558 562 563 565 566 568 572 576 578 581 585 587 591 595 602 605 607 613 618 623 627 631 638 641 649 651 656 658 660 661 667 668 672 674 681 686 687 688 689 691 693 694 696 697 698 699 702 708 711 713 717 720 723 725 727 730 731 738 740 744 746 748 749 755 756 757 761 762 763 775 778 782 785 786 788 789 790 793 796 798 801 805 806 807 811 814 817 823 826 829 837 838 847 850 852 858 859 860 864 872 873 875 881 882 883 890 892 895 903 904 907 908 909 912 913 923 924 925 934 936 937 942 944 945 954 961 965 966 967 970 973 976 978 984 989 994 997 1004 1007 1008 1013 1016 1018 1019 1021 1024 1025 1029 1031 1032 1033 1039 1046 1054 1055 1057 1061 1064 1070 1075 1078 1080 1086 1092 1096 1097 1102 1108 1110 1111 1116 1118 1121 1122 1126 1128 1134 1135 1136 1138 1141 1143 1144 1146 1147 1149 1159 1168 1170 1171 1175 1178 1179 1181 1182 1189 1190 1192 1195 1198 1202 1204 1207 1211 1213 1214 1215 1218 1221 1222 1228 1235 1236 1238 1241 1247 1250 1259 1260 1261 1266 1267 1269 1270 1282 1283 1284 1286 1287 1291 1293 1298 1312 1314 1327 1333 1338 1339 1344 1349 1350 1352 1354 1355 1356 1357 1361 1369 1376 1379 1380 1382 1383 1390 1392 1398 1402 1406 1408 1411 1416 1418 1419 1428 1437 1438 1440 1443 1447 1451 1452 1453 1454 1459 1460 1466 1467 1468 1469 1472 1473 1474 1479 1481 1487 1490 1492 1506 1507 1508 1511 1512 1514 1518 1520 1523 1524 1529 1530 1533 1534 1540 1544 1553 1554 1560 1561 1564 1565 1566 1569 1570 1574 1578 1580 1583 1587 1589 1594 1597 1599 1600 1602 1604 1608 1611 1613 1616 1617 1620 1632 1642 1644 1645 1646 1650 1651 1657 1659 1660 1663 1665 1667 1670 1672 1676 1677 1679 1685 1688 1692 1695 1698 1703 1709 1710 1714 1719 1721 1722 1724 1725 1726 1727 1736 1745 1750 1751 1758 1759 1761 1764 1773 1774 1776 1777 1780 1785 1795 1797 1798 1799 1804 1805 1807 1808 1811 1816 1821 1822 1824 1827 1830 1837 1840 1843 1855 1857 1858 1862 1872 1879 1881 1887 1902 1905 1907 1913 1914 1919 1941 1945 1949 1958 1963 1972 1973 1974 1976 1980 1989 1991 1992 1993 1998 1999 2001 2005 2013 2015 2018 2026 2029 2031 2035 2039 2043 2044 2045 2054 2055 2057 2062 2065 2072 2073 2074 2075 2077 2078 2081 2084 2088 2093 2095 2100 2104 2112 2116 2117 2121 2126 2132 2133 2141 2142 2143 2157 2162 2164 2165 2170 
644: 3 4 5 6 7 13 18 20 27 28 29 31 32 36 37 40 41 45 46 48 49 51 53 56 57 59 60 64 65 70 75 79 80 82 86 94 96 97 105 114 122 123 129 132 133 135 137 139 141 144 145 146 147 150 153 154 159 163 168 172 175 180 184 193 195 199 204 205 207 210 223 225 227 228 230 231 234 235 236 240 241 245 247 248 250 253 262 273 277 279 284 295 296 300 305 309 315 323 324 332 338 339 350 352 354 357 360 363 364 366 368 369 371 377 380 386 387 388 389 391 402 404 405 407 410 412 413 419 420 421 423 424 430 435 451 452 456 457 458 460 462 463 467 477 479 480 481 483 486 489 495 496 499 501 502 510 511 515 516 519 520 528 535 539 545 547 548 555 560 562 563 572 575 581 593 595 596 598 599 601 602 607 609 614 615 620 624 626 627 631 633 638 639 641 645 650 651 652 654 655 657 658 660 667 668 671 673 674 690 702 706 711 723 727 729 733 734 738 741 742 745 746 751 760 764 767 768 778 782 783 792 793 794 796 800 802 807 809 811 813 816 817 828 829 833 834 835 836 840 842 847 850 853 861 863 864 865 867 870 884 888 889 890 900 903 904 905 909 913 915 919 920 925 926 931 932 933 934 937 938 941 942 948 952 957 964 968 973 975 977 978 980 983 984 990 994 997 1000 1005 1011 1014 1018 1020 1022 1024 1027 1028 1037 1039 1046 1061 1063 1064 1065 1066 1068 1069 1070 1071 1077 1079 1083 1085 1088 1089 1090 1091 1093 1094 1095 1096 1101 1107 1108 1109 1112 1116 1117 1121 1123 1125 1126 1128 1141 1151 1152 1157 1163 1165 1171 1174 1176 1178 1181 1186 1191 1193 1195 1198 1201 1202 1204 1206 1207 1214 1215 1216 1226 1231 1238 1242 1243 1244 1257 1261 1262 1265 1267 1269 1274 1276 1278 1279 1280 1292 1296 1298 1301 1302 1306 1307 1308 1309 1321 1324 1326 1327 1330 1334 1337 1343 1344 1349 1352 1353 1354 1356 1362 1363 1366 1373 1380 1388 1391 1394 1395 1406 1411 1414 1416 1423 1424 1431 1432 1434 1435 1436 1437 1440 1446 1447 1449 1453 1458 1460 1463 1468 1469 1474 1479 1481 1483 1497 1502 1505 1506 1509 1511 1515 1518 1519 1523 1526 1530 1534 1537 1542 1544 1546 1551 1557 1558 1561 1563 1573 1582 1583 1587 1589 1591 1592 1594 1597 1601 1602 1605 1607 1609 1610 1612 1613 1615 1622 1625 1627 1630 1631 1633 1636 1645 1646 1647 1653 1656 1659 1660 1662 1669 1673 1678 1682 1683 1686 1689 1693 1696 1697 1698 1702 1711 1712 1713 1715 1728 1736 1740 1741 1746 1749 1750 1763 1764 1779 1780 1787 1789 1791 1792 1795 1797 1798 1803 1804 1805 1811 1816 1822 1824 1829 1832 1833 1835 1841 1842 1846 1850 1851 1852 1853 1854 1855 1856 1857 1861 1867 1874 1876 1880 1882 1885 1889 1890 1894 1900 1901 1902 1906 1907 1915 1916 1917 1918 1920 1923 1926 1928 1932 1933 1935 1940 1945 1947 1950 1953 1955 1957 1960 1965 1966 1967 1970 1981 1987 1993 1996 1998 2002 2003 2005 2007 2012 2014 2019 2022 2024 2027 2031 2034 2035 2036 2044 2047 2050 2054 2055 2058 2059 2062 2067 2070 2076 2083 2086 2094 2097 2098 2099 2103 2105 2106 2113 2116 2120 2122 2132 2138 2151 2153 2154 2156 2161 2163 2167 2170 
640: 0 2 4 11 13 14 15 18 19 25 30 36 39 41 44 50 53 59 63 64 65 67 78 81 82 83 84 88 95 97 98 100 101 104 105 107 108 112 113 114 115 117 118 121 122 123 127 128 135 136 138 140 146 148 149 151 154 165 166 172 175 176 177 183 192 196 197 200 201 204 212 225 228 234 235 238 243 246 248 250 254 256 259 262 267 275 278 279 281 288 290 291 308 311 316 317 322 326 331 338 339 340 341 342 348 351 354 355 359 361 362 365 366 367 368 372 373 377 378 384 394 395 401 402 403 407 409 417 418 419 422 426 429 431 435 436 437 440 446 449 450 452 454 460 463 466 470 471 472 478 484 486 488 490 491 503 505 506 510 511 512 514 515 518 520 524 527 528 538 543 544 545 554 555 558 561 566 573 574 578 580 592 595 596 597 602 605 607 609 611 612 614 618 620 621 623 625 628 629 633 643 649 651 653 658 666 668 675 678 683 686 688 690 695 701 703 705 707 712 713 714 721 726 730 737 738 741 742 744 746 753 761 764 765 770 777 783 784 789 795 801 803 806 807 808 809 812 814 817 819 824 830 833 835 837 840 842 843 847 852 853 854 856 859 862 871 872 874 875 877 887 888 889 891 894 895 898 899 903 905 908 910 911 915 916 917 919 925 929 930 935 939 941 943 945 946 949 953 954 959 961 962 971 972 975 977 978 983 985 989 991 1001 1006 1014 1017 1021 1032 1034 1038 1041 1043 1045 1047 1063 1069 1075 1078 1079 1083 1090 1098 1104 1107 1108 1109 1111 1112 1113 1119 1124 1125 1126 1140 1152 1156 1157 1160 1162 1164 1165 1170 1171 1175 1180 1181 1187 1191 1194 1197 1210 1213 1215 1217 1219 1220 1226 1229 1231 1234 1236 1239 1244 1252 1253 1254 1255 1258 1259 1260 1262 1265 1271 1272 1273 1276 1278 1287 1293 1294 1296 1298 1301 1302 1311 1312 1313 1316 1322 1326 1328 1333 1338 1342 1350 1351 1353 1354 1356 1357 1359 1365 1370 1371 1375 1376 1381 1383 1387 1392 1396 1397 1415 1427 1429 1431 1436 1439 1442 1444 1448 1449 1454 1458 1459 1460 1464 1468 1471 1472 1473 1475 1484 1485 1487 1490 1494 1495 1497 1500 1501 1502 1504 1506 1513 1524 1526 1536 1537 1541 1543 1552 1556 1560 1561 1563 1569 1576 1577 1578 1583 1586 1594 1596 1598 1606 1613 1617 1622 1623 1624 1625 1630 1632 1638 1639 1657 1659 1663 1664 1667 1671 1675 1681 1688 1691 1696 1698 1700 1709 1712 1713 1718 1722 1724 1725 1727 1731 1735 1748 1753 1756 1758 1763 1765 1769 1770 1771 1772 1776 1777 1779 1783 1786 1788 1789 1796 1798 1799 1802 1812 1815 1817 1820 1824 1827 1828 1829 1840 1852 1860 1861 1864 1865 1866 1867 1868 1873 1883 1887 1888 1890 1892 1894 1897 1899 1904 1906 1907 1909 1910 1913 1915 1917 1919 1920 1924 1926 1931 1941 1950 1955 1956 1959 1960 1964 1966 1967 1968 1970 1972 1975 1976 1978 1980 1981 1983 1984 1985 1986 1987 1989 2004 2010 2012 2013 2019 2020 2028 2033 2035 2037 2043 2044 2046 2047 2053 2055 2057 2058 2062 2064 2074 2076 2078 2080 2081 2090 2092 2093 2097 2098 2100 2102 2103 2112 2115 2121 2122 2124 2128 2133 2135 2136 2137 2148 2151 2152 2159 2167 2168 
646: 3 4 6 7 11 13 15 18 20 22 23 25 27 28 43 48 51 53 54 59 61 62 64 71 74 81 89 92 93 96 97 103 107 108 109 115 117 123 127 132 133 137 138 145 148 154 155 156 158 159 161 163 168 170 172 173 181 186 187 188 189 192 193 198 201 202 203 204 213 216 217 222 229 230 231 232 233 234 235 244 245 247 249 250 251 263 271 274 280 284 285 286 287 290 292 293 297 309 313 320 322 323 330 331 333 338 344 346 357 362 365 366 367 371 377 378 379 380 383 388 389 390 391 404 405 411 412 428 431 436 441 442 449 453 454 458 466 467 468 474 476 478 480 482 486 488 489 490 495 498 500 501 505 512 513 514 517 521 523 524 529 530 531 532 537 544 546 549 552 554 555 557 564 565 567 568 573 574 576 580 582 583 590 599 605 610 612 613 615 617 622 627 636 637 638 641 643 644 645 647 648 656 658 662 666 668 669 671 676 681 683 685 687 688 689 690 695 697 702 704 708 710 714 715 717 722 725 730 734 735 738 740 747 763 766 768 774 775 776 780 787 796 802 810 811 813 818 822 823 826 827 831 832 834 839 840 846 849 851 857 858 860 862 865 866 868 869 870 876 880 884 885 887 888 890 899 902 903 905 907 909 912 914 922 934 937 940 942 943 944 945 957 964 970 971 975 977 978 979 986 997 999 1005 1007 1009 1013 1014 1015 1017 1033 1035 1047 1050 1051 1053 1054 1060 1062 1068 1069 1079 1083 1091 1093 1097 1099 1100 1102 1106 1110 1119 1128 1132 1136 1137 1139 1144 1146 1147 1149 1150 1152 1156 1159 1161 1164 1167 1169 1170 1173 1177 1184 1187 1190 1192 1193 1194 1196 1198 1200 1207 1215 1217 1220 1224 1229 1232 1234 1236 1237 1239 1245 1255 1256 1259 1260 1268 1272 1274 1275 1276 1277 1279 1282 1283 1286 1289 1293 1301 1307 1312 1313 1318 1319 1322 1324 1327 1333 1339 1342 1343 1344 1345 1347 1349 1350 1353 1355 1356 1361 1366 1367 1370 1380 1382 1383 1386 1391 1397 1401 1403 1405 1407 1410 1416 1419 1422 1426 1429 1431 1432 1436 1437 1439 1441 1457 1458 1459 1461 1463 1467 1473 1475 1479 1480 1481 1484 1493 1499 1501 1503 1504 1506 1525 1528 1529 1539 1552 1556 1557 1559 1562 1565 1568 1571 1576 1585 1591 1592 1593 1594 1596 1600 1601 1604 1606 1610 1615 1619 1621 1624 1629 1646 1653 1655 1656 1658 1660 1661 1666 1669 1671 1674 1676 1678 1680 1682 1685 1689 1690 1691 1694 1702 1711 1717 1721 1722 1727 1731 1740 1745 1746 1748 1749 1752 1759 1761 1762 1768 1770 1771 1775 1776 1778 1779 1780 1781 1783 1785 1795 1799 1800 1803 1806 1807 1811 1814 1817 1823 1824 1828 1833 1835 1842 1843 1847 1854 1856 1858 1865 1874 1878 1880 1881 1882 1884 1887 1888 1889 1891 1894 1896 1900 1901 1907 1908 1912 1914 1919 1920 1923 1933 1935 1937 1939 1941 1942 1943 1947 1951 1953 1956 1957 1963 1964 1974 1977 1978 1990 1993 1997 1999 2005 2009 2011 2012 2016 2017 2018 2027 2031 2037 2038 2043 2044 2051 2053 2054 2056 2057 2059 2063 2066 2070 2071 2072 2075 2080 2086 2087 2088 2089 2090 2092 2098 2100 2102 2104 2105 2109 2115 2116 2120 2125 2126 2137 2140 2141 2144 2146 2147 2150 2154 2158 2162 2165 
650: 1 2 4 5 11 14 28 33 34 36 37 40 49 51 53 55 64 68 70 71 73 77 78 79 87 93 96 97 98 102 107 113 114 116 121 124 125 127 131 134 137 138 142 147 150 153 154 160 165 168 170 171 179 187 202 203 209 212 218 224 229 232 235 236 237 238 239 241 243 244 252 253 258 264 270 272 275 277 279 287 294 295 298 301 309 315 318 321 327 328 331 332 334 339 343 348 353 357 364 365 366 368 370 371 373 374 375 377 383 385 389 392 394 396 402 409 424 428 429 431 440 455 456 458 465 466 467 470 473 478 481 482 487 489 490 493 495 505 509 513 515 519 521 523 524 525 527 535 540 546 547 551 553 555 560 561 566 574 584 601 603 610 615 618 620 622 625 633 635 637 638 641 642 643 644 656 657 660 662 664 671 673 675 692 696 700 701 702 707 711 715 728 733 736 739 742 743 747 750 751 754 756 760 764 765 769 772 776 777 780 783 786 793 795 796 797 798 801 805 806 807 808 811 815 820 822 829 832 834 836 839 842 845 847 849 852 856 857 858 859 861 867 869 870 877 878 886 890 892 896 899 905 906 914 923 926 929 939 943 947 953 955 959 960 961 963 964 968 974 985 1000 1002 1003 1006 1008 1017 1021 1024 1026 1033 1034 1035 1037 1038 1042 1047 1048 1049 1050 1053 1057 1058 1064 1065 1068 1069 1070 1075 1083 1085 1086 1103 1104 1105 1106 1108 1109 1112 1116 1118 1119 1121 1125 1126 1134 1138 1141 1143 1145 1152 1156 1158 1159 1165 1167 1169 1171 1174 1176 1179 1181 1182 1186 1192 1193 1194 1196 1200 1205 1207 1209 1212 1217 1219 1225 1226 1228 1229 1235 1244 1251 1252 1254 1263 1264 1267 1268 1269 1276 1278 1286 1289 1291 1293 1294 1295 1296 1298 1300 1301 1302 1303 1308 1311 1312 1313 1320 1327 1337 1339 1341 1343 1347 1348 1350 1354 1357 1361 1362 1364 1365 1369 1370 1372 1373 1375 1378 1381 1385 1388 1390 1393 1396 1397 1402 1404 1405 1407 1411 1412 1414 1416 1417 1420 1426 1432 1441 1443 1444 1449 1451 1454 1457 1465 1468 1473 1475 1480 1483 1486 1488 1491 1495 1497 1500 1502 1511 1512 1513 1514 1515 1516 1517 1518 1519 1523 1524 1525 1531 1536 1541 1552 1553 1555 1560 1561 1563 1566 1569 1570 1571 1572 1573 1582 1583 1584 1585 1587 1588 1600 1605 1611 1615 1616 1617 1622 1624 1626 1629 1631 1632 1642 1649 1650 1653 1654 1655 1658 1660 1662 1663 1664 1673 1675 1683 1688 1689 1690 1691 1694 1699 1701 1703 1707 1708 1709 1710 1712 1713 1715 1716 1717 1718 1719 1721 1734 1735 1740 1741 1745 1746 1749 1752 1754 1757 1761 1770 1771 1779 1780 1782 1784 1791 1794 1795 1796 1797 1798 1799 1801 1805 1820 1821 1834 1835 1841 1843 1850 1855 1856 1858 1868 1869 1870 1874 1876 1879 1883 1885 1886 1890 1891 1893 1896 1898 1900 1904 1919 1925 1934 1935 1939 1940 1941 1945 1951 1958 1970 1971 1976 1979 1980 1981 1984 1985 1988 1991 1992 1993 1995 2003 2011 2012 2020 2021 2030 2031 2035 2037 2038 2039 2042 2043 2044 2046 2052 2053 2054 2055 2057 2058 2060 2064 2065 2067 2070 2074 2075 2077 2080 2081 2082 2085 2086 2087 2088 2090 2091 2095 2096 2098 2103 2106 2112 2117 2121 2127 2128 2130 2133 2144 2147 2149 2154 2155 2159 2163 2164 2166 2170 
650: 0 2 3 21 23 28 30 34 35 36 39 40 41 42 47 49 52 54 56 62 66 81 86 89 93 95 98 104 105 107 110 115 117 119 126 128 130 132 137 143 148 156 157 165 168 169 171 172 177 178 179 180 182 183 186 194 196 197 200 203 211 212 218 222 229 230 231 237 238 240 245 246 247 258 260 264 265 270 274 275 276 280 281 284 288 291 296 297 299 302 309 312 315 318 320 321 325 326 327 329 331 335 337 347 348 351 354 356 357 358 360 367 368 372 375 388 391 396 405 407 409 415 417 420 422 425 427 428 431 435 439 445 451 454 456 463 468 473 474 475 483 487 491 494 495 500 506 509 511 515 519 523 525 526 527 530 532 536 537 538 540 543 545 546 553 555 557 575 577 578 579 587 596 599 600 602 604 606 607 608 610 612 623 630 632 637 638 639 642 644 646 653 655 657 659 660 661 662 663 665 666 668 671 677 678 681 683 684 685 686 687 706 707 708 725 726 730 732 733 735 737 738 739 740 742 745 747 749 751 752 758 759 760 763 767 768 770 775 779 784 790 791 800 806 810 811 819 820 822 823 829 831 835 841 844 854 866 868 869 873 880 884 890 898 901 904 905 906 911 916 919 924 925 928 929 932 933 935 936 943 944 946 951 955 959 960 963 968 969 970 974 979 983 984 987 991 993 994 999 1000 1006 1007 1010 1012 1013 1017 1018 1020 1022 1030 1032 1033 1034 1039 1040 1044 1045 1048 1051 1052 1053 1059 1063 1065 1066 1068 1069 1078 1084 1098 1100 1101 1102 1103 1104 1105 1109 1118 1122 1123 1127 1131 1139 1140 1143 1149 1156 1162 1163 1168 1171 1176 1178 1179 1180 1198 1203 1205 1206 1208 1210 1211 1212 1214 1220 1227 1244 1246 1249 1256 1257 1258 1259 1265 1272 1273 1274 1283 1286 1288 1292 1293 1295 1297 1298 1304 1305 1306 1311 1313 1314 1317 1319 1320 1321 1322 1329 1334 1335 1340 1341 1343 1345 1348 1355 1358 1359 1372 1377 1378 1380 1383 1386 1388 1389 1390 1394 1396 1397 1398 1405 1410 1412 1413 1419 1428 1431 1433 1443 1450 1456 1457 1459 1468 1469 1471 1474 1475 1478 1479 1481 1482 1486 1487 1490 1493 1498 1508 1514 1522 1524 1526 1528 1529 1530 1531 1533 1535 1536 1537 1538 1539 1540 1541 1542 1550 1555 1559 1560 1562 1563 1566 1575 1583 1585 1586 1587 1588 1590 1592 1603 1604 1606 1613 1616 1625 1626 1629 1634 1641 1643 1646 1648 1649 1655 1657 1658 1664 1671 1674 1676 1681 1682 1683 1694 1695 1699 1706 1711 1714 1715 1717 1721 1725 1727 1729 1732 1739 1740 1745 1751 1760 1761 1762 1765 1766 1769 1773 1775 1779 1785 1786 1789 1793 1795 1799 1809 1810 1812 1815 1816 1821 1824 1826 1834 1835 1838 1840 1842 1847 1854 1857 1858 1860 1864 1865 1869 1870 1871 1874 1875 1878 1884 1885 1887 1890 1894 1895 1897 1901 1907 1908 1911 1913 1915 1917 1918 1921 1923 1928 1932 1934 1936 1937 1939 1941 1947 1953 1962 1963 1964 1965 1968 1975 1983 1986 1989 1994 1995 1996 2000 2002 2004 2007 2009 2020 2030 2037 2038 2042 2047 2048 2050 2051 2054 2057 2059 2060 2064 2069 2070 2072 2077 2081 2091 2097 2101 2102 2104 2105 2106 2116 2118 2119 2120 2123 2125 2129 2131 2135 2136 2142 2143 2145 2146 2152 2164 2165 2166 2167 
662: 4 14 17 19 37 41 45 52 53 54 55 58 63 67 68 70 71 72 73 85 90 92 94 105 108 114 115 116 122 132 139 140 141 143 145 151 154 156 159 163 171 175 180 183 184 187 192 198 202 204 207 214 222 223 228 229 231 232 233 241 244 255 257 260 263 267 269 276 277 278 282 289 290 297 300 301 304 305 310 312 315 316 318 319 320 331 333 335 338 339 340 343 345 346 347 348 351 356 359 369 370 372 373 381 388 389 391 392 393 395 400 402 408 409 411 420 425 428 429 430 431 436 440 444 449 450 452 456 457 462 465 466 471 473 482 484 487 490 497 501 505 507 513 514 516 517 518 522 526 527 529 533 538 539 545 548 552 553 554 555 557 558 559 560 563 566 570 585 594 598 600 613 615 616 617 618 622 623 627 628 630 639 642 643 647 648 653 656 657 658 659 661 666 670 671 673 675 676 678 680 681 683 684 686 687 691 692 695 696 703 704 708 712 715 717 724 725 727 731 734 738 739 740 744 749 752 753 759 760 761 765 768 772 773 775 776 781 785 797 799 800 803 806 807 810 811 812 814 823 825 827 832 833 834 836 838 852 853 856 859 869 873 878 880 884 890 893 897 899 906 907 910 911 916 918 921 923 924 928 931 932 935 939 943 954 955 956 957 959 960 961 967 972 977 982 989 990 991 992 1002 1007 1008 1009 1017 1021 1023 1024 1031 1032 1035 1036 1038 1039 1046 1049 1052 1061 1063 1064 1065 1067 1069 1073 1074 1075 1079 1082 1086 1087 1088 1091 1092 1095 1096 1102 1103 1110 1118 1126 1128 1135 1137 1138 1141 1145 1149 1153 1161 1166 1168 1172 1173 1176 1182 1183 1186 1188 1192 1197 1199 1200 1202 1204 1206 1208 1209 1212 1215 1216 1218 1221 1223 1225 1229 1232 1244 1245 1249 1250 1254 1255 1258 1259 1260 1265 1266 1271 1275 1276 1290 1291 1292 1296 1298 1299 1301 1304 1305 1307 1311 1315 1320 1322 1323 1325 1332 1334 1337 1342 1343 1349 1351 1354 1361 1368 1375 1379 1380 1381 1384 1385 1389 1390 1391 1394 1398 1400 1403 1404 1406 1407 1408 1410 1411 1413 1415 1419 1421 1429 1432 1434 1437 1439 1446 1451 1459 1461 1463 1464 1468 1469 1470 1472 1474 1475 1479 1485 1488 1494 1498 1499 1502 1504 1505 1506 1507 1513 1514 1529 1533 1535 1536 1538 1545 1546 1556 1558 1559 1562 1564 1565 1566 1567 1580 1582 1585 1588 1592 1593 1595 1603 1605 1606 1608 1609 1611 1616 1619 1620 1626 1627 1630 1632 1635 1641 1645 1647 1649 1654 1661 1663 1665 1666 1668 1672 1677 1679 1680 1687 1692 1695 1696 1697 1705 1707 1710 1715 1717 1723 1729 1731 1733 1739 1745 1747 1748 1754 1760 1767 1769 1770 1779 1780 1786 1789 1797 1799 1801 1806 1808 1812 1816 1818 1819 1820 1827 1828 1830 1832 1836 1837 1838 1844 1845 1846 1847 1848 1851 1855 1857 1864 1869 1873 1882 1885 1888 1889 1898 1902 1909 1910 1912 1913 1914 1915 1922 1926 1927 1928 1932 1936 1938 1942 1944 1946 1949 1950 1955 1956 1958 1963 1966 1969 1987 1990 1994 1996 2001 2003 2004 2006 2011 2014 2015 2017 2029 2030 2033 2034 2036 2037 2039 2043 2052 2062 2063 2066 2069 2078 2079 2080 2082 2085 2087 2091 2092 2093 2102 2103 2105 2109 2112 2114 2115 2116 2119 2123 2125 2127 2128 2134 2140 2141 2145 2146 2159 2161 2162 2163 2164 2165 2169 
Days = 28
Shift constraints
8 24
8 20
4 24
0 28
4 24
4 5
true
true
Forbidden sequences = 2
3 1 
2 3 

